1.68333
1.67287
1.67329
1.67243
1.66687
1.66828
1.66194
1.66703
1.66818
1.67289
1.67272
1.67779
1.68297
1.68781
1.69797
1.71319
1.71889
1.73937
1.74937
1.7757
1.79011
1.80205
1.8277
1.84192
1.85832
1.88403
1.8987
1.92507
1.94012
1.96634
1.98638
2.00778
2.02307
2.03391
2.04377
2.05412
2.06483
2.08091
2.08983
2.10585
2.11636
2.13206
2.13709
2.14264
2.15241
2.15349
2.16326
2.1678
2.17799
2.18428
2.18862
2.18949
2.19945
2.20412
2.20951
2.20992
2.2145
2.22024
2.22515
2.22534
2.2299
2.23079
2.23026
2.23499
2.24105
2.23564
2.23561
2.23563
2.24043
2.24095
2.24104
2.2358
2.23543
2.23578
2.23058
2.23045
2.23038
2.22502
2.22589
2.22001
2.21447
2.21528
2.20476
2.20456
2.19432
2.19427
2.1837
2.18426
2.17927
2.17367
2.17369
2.16828
2.16384
2.15888
2.15763
2.1541
2.15221
2.15356
2.14781
2.14222
2.13851
2.13684
2.13317
2.1318
2.12788
2.12188
2.11726
2.11176
2.10713
2.10171
2.10108
2.09194
2.08627
2.08074
2.06558
2.06501
2.05486
2.04564
2.03567
2.02875
2.0245
2.01903
2.01375
2.00864
1.99383
1.98782
1.9773
1.9727
1.96273
1.95234
1.94664
1.93089
1.92668
1.9164
1.91003
1.9008
1.89015
1.88495
1.87434
1.8696
1.85342
1.85369
1.84861
1.8438
1.83791
1.82887
1.81882
1.81143
1.80111
1.79772
1.79604
1.78558
1.78258
1.7721
1.76565
1.75599
1.75498
1.74482
1.74055
1.735
1.72475
1.71437
1.7091
1.69911
1.69351
1.68899
1.67808
1.67803
1.66782
1.66306
1.65225
1.65216
1.64738
1.64226
1.63676
1.63176
1.62103
1.62142
1.62114
1.61649
1.61598
1.6211
1.61629
1.61561
1.60579
1.6056
1.59049
1.59043
1.58519
1.58048
1.57978
1.58462
1.57922
1.57591
1.57827
1.57363
1.57076
1.5654
1.56364
1.55846
1.55997
1.54891
1.55339
1.55466
1.55842
1.55322
1.55967
1.55397
1.54964
1.54919
1.54886
1.54848
1.54915
1.55447
1.55823
1.56895
1.58947
1.6001
1.62491
1.63187
1.65254
1.66602
1.6783
1.70314
1.71848
1.74419
1.76446
1.80502
1.82245
1.87325
1.89812
1.96038
1.99099
2.04791
2.07465
2.09599
2.11085
2.11228
2.12692
2.1372
2.1607
2.20317
2.21952
2.2507
2.25175
2.24569
2.24589
2.24114
2.24047
2.24587
2.25541
2.25061
2.24604
2.24605
2.24575
2.24616
2.24571
2.24579
2.24607
2.2461
2.24583
2.24603
2.241
2.24105
2.24141
2.23987
2.23481
2.23176
2.23121
2.23032
2.22564
2.22058
2.21978
2.21558
2.20973
2.20499
2.19961
2.19456
2.18961
2.18457
2.17876
2.16881
2.16326
2.15866
2.15774
2.15373
2.14791
2.14788
2.14295
2.13802
2.12771
2.12678
2.1227
2.11664
2.11218
2.11138
2.10123
2.09121
2.08644
2.08145
2.08014
2.07026
2.07051
2.06546
2.05477
2.05507
2.04512
2.0397
2.02947
2.02886
2.02441
2.01393
2.00889
1.99297
1.98848
1.9828
1.97767
1.968
1.95745
1.95143
1.94045
1.93713
1.93051
1.94523
1.95681
1.97728
1.98687
1.98849
1.98244
1.95662
1.94727
1.94145
1.91605
1.91075
1.89003
1.88487
1.8751
1.86371
1.85964
1.84821
1.82361
1.80726
1.79729
1.79187
1.77134
1.76614
1.74568
1.72946
1.72004
1.7092
1.6995
1.69357
1.68859
1.67884
1.67289
1.66269
1.65271
1.64316
1.64092
1.63806
1.64019
1.65717
1.66687
1.68773
1.69805
1.6836
1.67795
1.66875
1.66245
1.65321
1.63809
1.6312
1.62734
1.61593
1.61135
1.61011
1.60859
1.62226
1.6421
1.65105
1.65732
1.65297
1.64225
1.62707
1.61611
1.6006
1.59612
1.58027
1.57478
1.55917
1.54965
1.54347
1.52836
1.51853
1.50821
1.5027
1.50273
1.49249
1.48746
1.48243
1.47651
1.47668
1.47665
1.47626
1.472
1.46119
1.45619
1.44583
1.44109
1.43554
1.43007
1.42544
1.41478
1.40971
1.40468
1.40416
1.39441
1.3898
1.38376
1.37882
1.37379
1.37315
1.36787
1.36843
1.36812
1.37315
1.37397
1.37289
1.37857
1.38817
1.3982
1.40443
1.41357
1.43487
1.44979
1.48634
1.5172
1.53274
1.54755
1.58302
1.60047
1.65017
1.66748
1.70354
1.71777
1.75391
1.76586
1.79644
1.81082
1.83188
1.84744
1.85843
1.86822
1.87932
1.88909
1.90926
1.91597
1.93078
1.93564
1.94619
1.95162
1.95646
1.96152
1.97186
1.97704
1.98753
1.99278
1.99754
2.0091
2.01876
2.02363
2.02908
2.03359
2.03954
2.04468
2.04944
2.04962
2.05427
2.05448
2.06012
2.05513
2.05476
2.05499
2.05492
2.05491
2.05457
2.05032
2.04532
2.04395
2.03987
2.0352
2.03357
2.02978
2.0238
2.01921
2.0183
2.00839
2.00858
2.00412
2.00263
