1.61743
1.61158
1.60549
1.59524
1.59554
1.59046
1.58011
1.57487
1.56905
1.56555
1.56031
1.55358
1.54853
1.54434
1.53395
1.52822
1.52375
1.52266
1.51277
1.51276
1.50309
1.5019
1.49211
1.49218
1.48717
1.48195
1.47676
1.46629
1.4569
1.44582
1.45039
1.44487
1.44625
1.44639
1.44553
1.44087
1.4407
1.44001
1.43484
1.43572
1.43543
1.43021
1.42968
1.4297
1.43024
1.42015
1.42006
1.41997
1.41983
1.41489
1.40968
1.40367
1.40426
1.40442
1.40432
1.39885
1.3995
1.39914
1.39877
1.3991
1.40421
1.4047
1.41374
1.42385
1.43566
1.44435
1.46527
1.47642
1.51697
1.54793
1.56343
1.62518
1.64584
1.69252
1.71763
1.76379
1.78589
1.85644
1.92561
1.94448
2.00258
2.034
2.06487
2.0911
2.10028
2.13198
2.15797
2.16273
2.17308
2.17904
2.18442
2.18809
2.19422
2.19396
2.19941
2.20426
2.20494
2.19998
2.20394
2.20422
2.20495
2.20494
2.19989
2.19947
2.18913
2.18424
2.17917
2.17374
2.16359
2.16312
2.14842
2.14294
2.1323
2.12795
2.11737
2.11166
2.10181
2.09622
2.08591
2.08108
2.06987
2.06597
2.05582
2.04977
2.03977
2.03487
2.02891
2.02421
2.01875
2.00852
2.00375
1.99887
1.99318
1.98731
1.97723
1.97281
1.96707
1.95686
1.95193
1.93556
1.93177
1.91582
1.89528
1.89009
1.86903
1.84862
1.84342
1.82746
1.81822
1.80762
1.79743
1.79136
1.77665
1.7507
1.75
1.73543
1.72945
1.71516
1.70887
1.70465
1.69381
1.68396
1.67389
1.66756
1.65715
1.65266
1.63189
1.63171
1.61611
1.61155
1.59515
1.59113
1.57568
1.56959
1.55457
1.54436
1.52834
1.52825
1.51799
1.51342
1.5071
1.50321
1.49234
1.49202
1.48234
1.47174
1.46638
1.46147
1.456
1.45139
1.44602
1.44131
1.43981
1.43618
1.42989
1.42532
1.42467
1.41598
1.40927
1.40964
1.40433
1.40438
1.39502
1.39327
1.3881
1.38467
1.37862
1.37399
1.36841
1.36797
1.36316
1.36759
1.37362
1.3789
1.38798
1.40829
1.41488
1.45935
1.47625
1.51724
1.54153
1.62472
1.72262
1.75329
1.85115
1.93506
1.9601
2.01172
2.03844
2.07962
2.10017
2.13601
2.15249
2.16221
2.19327
2.20442
2.22004
2.2295
2.24561
2.25056
2.26639
2.27118
2.2758
2.28268
2.28775
2.28791
2.29121
2.29173
2.29291
2.29213
2.29756
2.29283
2.29246
2.29247
2.28774
2.27749
2.27642
2.26624
2.26733
2.2518
2.23118
2.22987
2.2144
2.21056
2.20005
2.1946
2.17429
2.16376
2.15819
2.14803
2.14813
2.13196
2.12782
2.11748
2.11149
2.10702
2.10138
2.09662
2.09103
2.08617
2.08063
2.07554
2.06553
2.06548
2.05521
2.04981
2.04523
2.0348
2.02937
2.01428
1.9925
1.98892
1.97372
1.96677
1.95107
1.94761
1.92106
1.91061
1.89532
1.89012
1.87503
1.86421
1.83861
1.8129
1.80733
1.79176
1.78658
1.76553
1.75625
1.74554
1.72452
1.69939
1.67815
1.6686
1.64731
1.63201
1.62189
1.60628
1.60045
1.58026
1.56998
1.55973
1.55402
1.53395
1.51295
1.50826
1.49791
1.49232
1.47699
1.45619
1.44053
1.43604
1.42029
1.4146
1.40394
1.40477
1.39439
1.3893
1.37876
1.37846
1.36893
1.36807
1.36269
1.35856
1.35359
1.34715
1.33835
1.33639
1.33153
1.3276
1.32246
1.31635
1.31156
1.30652
1.30115
1.29547
1.28631
1.27512
1.27538
1.26498
1.26499
1.25491
1.25439
1.24551
1.23867
1.23946
1.23927
1.23907
1.24937
1.2644
1.27504
1.29526
1.31054
1.38227
1.43425
1.45914
1.55774
1.66028
1.69206
1.75925
1.78992
1.85197
1.88259
1.9343
1.96108
2.03223
2.05395
2.0896
2.10599
2.13212
2.15111
2.184
2.19365
2.21992
2.23059
2.2401
2.24522
2.25133
2.26147
2.26114
2.26621
2.26671
2.26649
2.2665
2.27159
2.26689
2.27114
2.27704
2.27192
2.27183
2.2669
2.26233
2.26076
2.24623
2.23577
2.23026
2.21998
2.21013
2.19485
2.18904
2.17397
2.16896
2.15354
2.14822
2.13799
2.13268
2.12735
2.11718
2.11212
2.10195
2.10145
2.08555
2.08616
2.07132
2.06964
2.05528
2.04029
2.03871
2.02868
2.02459
2.01425
2.0082
1.99376
1.98787
1.9726
1.96725
1.95664
1.94721
1.93636
1.93115
1.90646
1.89975
1.88459
1.87558
1.85965
1.85353
1.84913
1.82269
1.80657
1.79825
1.77125
1.76588
1.74548
1.74036
1.72493
1.71971
1.69941
1.68874
1.66858
1.66244
1.64734
1.642
1.62137
1.60129
1.59077
1.58052
1.5749
1.54934
1.53893
1.52862
1.51827
1.51326
1.50294
1.49268
1.48253
1.47646
1.46672
1.46118
1.44613
1.43541
1.43525
1.42495
1.42024
1.40976
1.39929
1.38877
1.38412
1.37396
1.36267
1.35893
