1.34166
1.33847
1.33636
1.33303
1.32774
1.32626
1.31597
1.31708
1.30633
1.30169
1.29653
1.29101
1.2804
1.2805
1.27011
1.27024
1.26038
1.25931
1.26409
1.25585
1.25417
1.25005
1.24417
1.24442
1.24432
1.24429
1.24912
1.24968
1.25482
1.25902
1.26967
1.28487
1.29505
1.32057
1.33195
1.35719
1.3726
1.38808
1.44406
1.48507
1.50664
1.52693
1.57402
1.59831
1.6454
1.67131
1.71273
1.73385
1.7955
1.8114
1.83156
1.84764
1.86272
1.88878
1.89967
1.90954
1.92032
1.93019
1.94095
1.95094
1.95698
1.96733
1.97187
1.98333
1.98693
1.99224
1.9935
1.99331
1.99267
1.99278
1.99307
1.99286
1.98729
1.98823
1.98366
1.98184
1.97702
1.97293
1.96204
1.96199
1.95709
1.94688
1.94167
1.93131
1.92595
1.9157
1.9105
1.90051
1.88906
1.87016
1.86372
1.85363
1.85391
1.83814
1.82795
1.82312
1.81205
1.81234
1.80185
1.80691
1.80205
1.79693
1.78689
1.78607
1.77602
1.77173
1.76622
1.76104
1.74034
1.73496
1.72977
1.72473
1.72439
1.72444
1.71867
1.71501
1.70455
1.69839
1.68794
1.6841
1.67346
1.66793
1.66265
1.65793
1.64765
1.64205
1.63177
1.62653
1.61135
1.60567
1.6058
1.59502
1.59084
1.58033
1.57511
1.56965
1.56491
1.55912
1.54932
1.54863
1.53863
1.53856
1.52801
1.52852
1.52358
1.51813
1.51302
1.50308
1.4975
1.48679
1.48718
1.48195
1.47179
1.47123
1.46102
1.45048
1.44556
1.44618
1.43575
1.43052
1.42511
1.42049
1.41572
1.40948
1.40473
1.404
1.39988
1.3952
1.39351
1.38853
1.3891
1.38379
1.37883
1.37827
1.37315
1.3683
1.36826
1.36817
1.3638
1.36251
1.36345
1.36278
1.36293
1.3632
1.35824
1.35317
1.35263
1.35285
1.34748
1.34759
1.34186
1.3428
1.33767
1.33692
1.333
1.33141
1.33297
1.33146
1.32671
1.32743
1.33179
1.33225
1.33643
1.34705
1.35236
1.38296
1.39841
1.42933
1.44941
1.49528
1.52677
1.5833
1.61385
1.65049
1.68585
1.71765
1.75334
1.82578
1.86187
1.92896
1.96047
2.01741
2.04774
2.07425
2.09962
2.12619
2.15136
2.1883
2.20836
2.24498
2.26078
2.27609
2.29167
2.30722
2.31272
2.33854
2.34845
2.3702
2.374
2.38467
2.39033
2.39569
2.40018
2.40625
2.41023
2.41186
2.41642
2.41583
2.41627
2.41639
2.4169
2.41585
2.41663
2.41607
2.41049
2.41165
2.40143
2.40047
2.39508
2.39124
2.38552
2.37049
2.35517
2.34884
2.33373
2.32884
2.3085
2.28817
2.28168
2.26713
2.26171
2.25123
2.24166
2.23148
2.23009
2.21535
2.20978
2.20444
2.19994
2.18982
2.1887
2.17432
2.17322
2.16327
2.15881
2.14818
2.14276
2.13775
2.1278
2.12227
2.112
2.10747
2.09244
2.08549
2.07542
2.06641
2.05984
2.04468
2.03977
2.02447
2.01869
2.00318
1.99363
1.98802
1.97197
1.96324
1.93616
1.91087
1.90061
1.88984
1.88025
1.85933
1.85427
1.83368
1.82783
1.82319
1.81282
1.80244
1.79712
1.78706
1.77669
1.76125
1.75043
1.74572
1.74022
1.73008
1.72519
1.70986
1.7034
1.68852
1.68327
1.66817
1.66246
1.64627
1.63785
1.62679
1.61632
1.61147
1.60117
1.59556
1.58515
1.58021
1.56454
1.56433
1.54919
1.54389
1.54368
1.53354
1.52893
1.52391
1.51762
1.50757
1.50769
1.50267
1.49772
1.49211
1.48781
1.48144
1.47594
1.47234
1.46205
1.46054
1.45027
1.45129
1.44088
1.44019
1.43594
1.42584
1.42437
1.4189
1.41576
1.40424
1.40442
1.39911
1.39483
1.3882
1.38319
1.37923
1.37312
1.36882
1.36913
1.36296
1.3625
1.36842
1.36794
1.37812
1.3882
1.40321
1.41406
1.44421
1.46582
1.48074
1.50608
1.53184
1.55766
1.61449
1.64516
1.70241
1.73276
1.76426
1.78994
1.82112
1.85115
1.90222
1.93049
2.02774
2.06905
2.09003
2.13173
2.14656
2.18908
2.20327
2.22383
2.23615
2.25125
2.26035
2.27103
2.27676
2.29237
2.2924
2.30274
2.30263
2.30744
2.30787
2.30789
2.31236
2.31322
2.31296
2.31847
2.32289
2.31891
2.31864
2.31791
2.31267
2.3133
2.30802
2.30333
2.29822
2.29258
2.28757
2.28212
2.26685
2.26195
2.25123
2.24614
2.2361
2.2254
2.22033
2.20461
2.1999
2.18399
2.17431
2.16348
2.15838
2.14848
2.14245
2.14293
2.12729
2.12233
2.11691
2.10658
2.1016
2.09658
2.09113
2.08647
2.08166
2.07559
2.07042
2.06547
2.05494
2.05056
2.04458
2.03915
2.0348
2.01858
2.01406
2.00397
1.99793
1.99374
1.97765
1.97262
1.95182
1.94705
1.93127
1.92145
1.90613
1.89517
1.89013
1.87463
1.86418
1.84852
1.84381
1.83354
1.82789
1.81794
1.81255
1.79683
1.78747
1.77213
1.76024
