1.4245
1.41518
1.41462
1.40451
1.38889
1.38893
1.37844
1.37864
1.36871
1.36829
1.35788
1.35252
1.34797
1.34728
1.34744
1.34762
1.35811
1.36255
1.37248
1.38341
1.39803
1.42321
1.44509
1.48627
1.51048
1.59435
1.62405
1.6862
1.71336
1.77001
1.79963
1.8266
1.87797
1.90351
1.94991
1.97645
2.0178
2.03848
2.09033
2.10524
2.1363
2.14736
2.16897
2.18223
2.19829
2.21014
2.21434
2.2243
2.22601
2.2314
2.2342
2.24151
2.24022
2.24535
2.24151
2.24118
2.24006
2.23988
2.24115
2.24047
2.24057
2.24102
2.23066
2.23037
2.22464
2.22103
2.21058
2.20431
2.19955
2.1897
2.17973
2.17817
2.16821
2.16429
2.15773
2.14231
2.1381
2.12763
2.12244
2.11724
2.11143
2.10256
2.09683
2.09095
2.08561
2.0813
2.08022
2.07041
2.07048
2.06488
2.06586
2.06006
2.05532
2.05043
2.04424
2.04498
2.04018
2.03383
2.02931
2.02899
2.01898
2.01368
2.01364
2.00378
1.99845
1.98278
1.9624
1.95726
1.94157
1.93628
1.9154
1.91115
1.89567
1.88938
1.87574
1.86864
1.86484
1.85395
1.83892
1.8329
1.81806
1.81214
1.80742
1.78624
1.78215
1.76614
1.75629
1.7402
1.73526
1.72482
1.71969
1.70344
1.68792
1.67933
1.67254
1.65704
1.64832
1.63726
1.62696
1.61147
1.60559
1.58555
1.5803
1.57512
1.5597
1.559
1.54352
1.53919
1.52431
1.52215
1.51417
1.50362
1.49671
1.4867
1.48275
1.46734
1.46062
1.44633
1.43667
1.42951
1.4196
1.42002
1.41531
1.40532
1.40396
1.39392
1.39453
1.37862
1.37857
1.36746
1.36402
1.35325
1.34774
1.34266
1.33218
1.33246
1.32694
1.32178
1.31645
1.31183
1.30629
1.29616
1.2962
1.28587
1.28056
1.27618
1.27456
1.26567
1.26046
1.25484
1.2495
1.24455
1.23869
1.23503
1.23008
1.22791
1.22987
1.22397
1.2283
1.22821
1.23861
1.24439
1.25897
1.2742
1.32508
1.37699
1.4027
1.43397
1.49534
1.5266
1.58845
1.61946
1.6814
1.71234
1.80513
1.83156
1.88854
1.91357
1.96533
1.99154
2.03295
2.05383
2.07432
2.11049
2.12673
2.15762
2.16822
2.20372
2.21465
2.23017
2.23511
2.24522
2.25617
2.26589
2.26711
2.27066
2.28094
2.28254
2.2876
2.2915
2.29218
2.29737
2.30309
2.30738
2.30821
2.30804
2.30779
2.31261
2.31336
2.31251
2.31341
2.31285
2.31317
2.30842
2.29827
2.29208
2.29278
2.28769
2.27759
2.26674
2.26654
2.25144
2.24641
2.23047
2.2259
2.21537
2.20991
2.19984
2.19471
2.1888
2.18462
2.17855
2.17374
2.16877
2.16298
2.15835
2.14763
2.14236
2.13363
2.12865
2.12649
2.1169
2.11207
2.10687
2.10128
2.09665
2.08087
2.08062
2.07031
2.06078
2.05997
2.04535
2.03952
2.02443
2.01914
2.00888
1.99883
1.99264
1.98395
1.97715
1.97323
1.94747
1.93085
1.92178
1.91013
1.89523
1.89006
1.86933
1.86439
1.84796
1.83895
1.82819
1.81315
1.80214
1.78697
1.78155
1.76589
1.75678
1.73541
1.72951
1.71438
1.70914
1.69388
1.68872
1.66851
1.66258
1.65206
1.64254
1.62603
1.62179
1.60555
1.60104
1.58506
1.58056
1.56482
1.56416
1.5538
1.54943
1.54374
1.52867
1.52799
1.51802
1.51336
1.50797
1.50221
1.4978
1.48731
1.48222
1.46764
1.46038
1.45613
1.45145
1.44137
1.4398
1.42974
1.42573
1.41954
1.4147
1.4099
1.40414
1.39968
1.39471
1.38865
1.38397
1.37863
1.37847
1.37342
1.36855
1.36284
1.3587
1.35379
1.35238
1.34811
1.34307
1.34148
1.33687
1.3282
1.32594
1.32158
1.31739
1.30603
1.29582
1.29122
1.28621
1.2803
1.27564
1.27059
1.26495
1.2593
1.25535
1.2449
1.24387
1.24014
1.23524
1.23303
1.23347
1.23877
1.25396
1.25998
1.28551
1.29942
1.3355
1.36206
1.40811
1.43359
1.46501
1.52196
1.55224
1.61434
1.64519
1.70712
1.73343
1.82098
1.85197
1.90354
1.92949
1.97543
2.00248
2.03828
2.05888
2.0796
2.13131
2.15695
2.16804
2.1826
2.19862
2.20985
2.22581
2.22929
2.23989
2.24632
2.25103
2.25566
2.26156
2.26178
2.26563
2.26601
2.27153
2.27614
2.27752
2.27726
2.28189
2.2822
2.28202
2.28201
2.28201
2.27771
2.27743
2.27206
2.27198
2.26161
2.25648
2.25158
2.24623
2.23004
2.21071
2.20467
2.19411
2.19004
2.16875
2.15335
2.14825
2.13793
2.13232
2.12217
2.10662
2.10687
2.09676
2.09585
2.08589
2.08589
2.0755
2.07041
2.07042
2.07037
2.06112
2.05927
2.04974
2.04526
2.03483
2.02937
2.02443
2.0191
2.01372
2.00864
1.99337
1.99269
1.98384
1.97681
1.97322
1.96224
1.94195
1.92671
1.91545
1.90009
1.89514
1.88494
1.86982
1.86393
1.84862
