1.40474
1.38973
1.37952
1.37334
1.36303
1.35823
1.34756
1.34308
1.33791
1.33226
1.32741
1.32166
1.31692
1.31144
1.30699
1.30139
1.29635
1.29162
1.29057
1.28075
1.28024
1.26998
1.27032
1.26439
1.25349
1.25592
1.24881
1.244
1.23961
1.23448
1.23358
1.22801
1.22499
1.22258
1.21727
1.21934
1.22371
1.22325
1.23367
1.23378
1.24383
1.25908
1.26918
1.29474
1.31068
1.33091
1.36667
1.39294
1.43907
1.46502
1.52206
1.55215
1.58345
1.65074
1.68599
1.78476
1.8776
1.96055
2.03303
2.05377
2.09498
2.1162
2.1471
2.16215
2.19917
2.20935
2.22542
2.22966
2.25095
2.25609
2.26643
2.26672
2.27193
2.2764
2.27195
2.27654
2.27717
2.27736
2.28152
2.2815
2.28213
2.27667
2.27713
2.27139
2.26718
2.26617
2.25644
2.25167
2.24664
2.24056
2.23039
2.22564
2.22023
2.20521
2.18915
2.18465
2.17414
2.16855
2.15289
2.14834
2.14754
2.13858
2.1368
2.13206
2.13248
2.13231
2.12763
2.12224
2.12192
2.11725
2.11647
2.11697
2.11192
2.10198
2.09599
2.09114
2.08617
2.07601
2.07073
2.06024
2.05551
2.03973
2.02945
2.01877
2.00902
1.99821
1.98874
1.97773
1.96744
1.95761
1.93678
1.93128
1.91107
1.90534
1.8958
1.87508
1.86911
1.84327
1.82229
1.81839
1.80737
1.79714
1.79204
1.7815
1.75659
1.74031
1.73043
1.70978
1.70392
1.69403
1.67811
1.66831
1.65284
1.64242
1.61625
1.61153
1.59607
1.5856
1.55981
1.53331
1.52913
1.51438
1.50717
1.49731
1.48796
1.4772
1.46654
1.46135
1.4466
1.44046
1.43029
1.42042
1.41539
1.40483
1.39911
1.3941
1.38431
1.37385
1.3735
1.35796
1.3574
1.35387
1.34361
1.33658
1.32267
1.31617
1.3106
1.30279
1.29221
1.28971
1.27417
1.27172
1.25381
1.25081
1.24094
1.23776
1.22806
1.22494
1.21997
1.21248
1.20906
1.20335
1.19798
1.19223
1.19346
1.18772
1.18737
1.19227
1.19786
1.20771
1.21783
1.25836
1.32078
1.34549
1.39695
1.43858
1.50512
1.54185
1.65015
1.69083
1.76317
1.79527
1.8674
1.89816
1.9864
2.01711
2.04308
2.09474
2.13622
2.15707
2.17762
2.20876
2.22475
2.25567
2.26558
2.28601
2.30204
2.30761
2.32311
2.33261
2.34375
2.35392
2.3594
2.36937
2.37952
2.38514
2.39008
2.39077
2.40007
2.40137
2.4068
2.40543
2.40574
2.40615
2.40604
2.40598
2.40599
2.4064
2.40085
2.39566
2.39077
2.38079
2.37973
2.36983
2.36498
2.36006
2.34905
2.3445
2.32888
2.3238
2.31306
2.30821
2.30282
2.28715
2.28242
2.27744
2.26672
2.25665
2.25075
2.24576
2.24123
2.2354
2.23093
2.22501
2.22103
2.21473
2.2151
2.20505
2.20436
2.1944
2.18976
2.17898
2.16935
2.15919
2.15289
2.13817
2.13257
2.11195
2.10179
2.08118
2.05555
2.04996
2.03427
2.02459
2.00909
1.99864
1.96746
1.94172
1.93663
1.91605
1.91026
1.88944
1.88009
1.86921
1.84942
1.8431
1.82301
1.81294
1.79805
1.79096
1.75533
1.73938
1.73111
1.71521
1.7041
1.69907
1.679
1.66308
1.65235
1.63196
1.6216
1.6116
1.60589
1.59533
1.58615
1.57523
1.5646
1.55422
1.54958
1.54394
1.5288
1.52791
1.50668
1.49684
1.4879
1.47723
1.47626
1.46087
1.46137
1.45618
1.44566
1.44112
1.43591
1.43044
1.4255
1.42013
1.41519
1.40942
1.40964
1.39933
1.39948
1.38909
1.38388
1.37374
1.36819
1.36833
1.35807
1.35329
1.34282
1.33763
1.33249
1.32253
1.32113
1.30186
1.29158
1.28576
1.2752
1.27082
1.26446
1.26044
1.26507
1.26486
1.27507
1.28479
1.32114
1.336
1.37713
1.403
1.48057
1.51066
1.57281
1.60409
1.69657
1.75839
1.82082
1.87706
1.90412
1.95547
1.98091
2.02783
2.0486
2.10611
2.12547
2.15185
2.16763
2.1933
2.2043
2.22428
2.2306
2.23994
2.25577
2.26609
2.2719
2.27153
2.28198
2.28184
2.28735
2.28718
2.28733
2.29294
2.29204
2.29222
2.29757
2.29757
2.29756
2.29758
2.29801
2.29764
2.29265
2.29265
2.28728
2.277
2.27736
2.26147
2.25698
2.24655
2.24068
2.22558
2.22057
2.20442
2.1951
2.18497
2.17871
2.16812
2.16398
2.1539
2.14748
2.14809
2.14289
2.13763
2.13299
2.12752
2.12205
2.11637
2.11242
2.10133
2.10143
2.0907
2.07607
2.07518
2.06541
2.06516
2.05014
2.02904
2.02437
2.01409
2.00876
1.99839
1.98866
1.97832
1.97228
1.95135
1.9475
1.93637
1.91609
1.9107
1.89027
1.88476
1.8593
1.849
1.82908
1.82221
1.80187
1.79226
1.76619
1.75651
1.73551
1.72989
1.70938
1.70418
1.67846
1.66841
1.65283
1.64231
1.62702
1.61664
1.60071
1.591
1.58049
1.565
