1.27486
1.27036
1.25995
1.25519
1.24398
1.24008
1.23444
1.22876
1.21842
1.20343
1.20265
1.19704
1.19363
1.1866
1.18336
1.17816
1.17158
1.17181
1.1677
1.16726
1.16213
1.16245
1.15658
1.15653
1.15114
1.14673
1.14212
1.14022
1.13614
1.13569
1.13602
1.13583
1.14123
1.14533
1.16142
1.17611
1.19708
1.21243
1.24357
1.26394
1.30461
1.33049
1.36164
1.41816
1.44856
1.55743
1.62931
1.66545
1.7018
1.76358
1.80015
1.85713
1.88794
1.96059
1.98616
2.02774
2.04867
2.07958
2.11074
2.13726
2.14659
2.16257
2.17323
2.18877
2.19431
2.20987
2.20966
2.21975
2.22043
2.22606
2.22504
2.23059
2.23032
2.24028
2.24111
2.24057
2.24036
2.23555
2.23564
2.2252
2.22549
2.20998
2.19977
2.19479
2.17922
2.17407
2.16313
2.15865
2.13777
2.12224
2.11745
2.10672
2.1015
2.09115
2.08626
2.08072
2.07506
2.07145
2.06645
2.06438
2.06092
2.06034
2.06005
2.05008
2.04939
2.03947
2.03949
2.0343
2.02931
2.02449
2.01894
2.01413
2.00394
1.99834
1.98812
1.98274
1.97801
1.96239
1.95692
1.93641
1.91001
1.90098
1.88587
1.87417
1.85956
1.85324
1.83264
1.82867
1.81807
1.80787
1.79229
1.77654
1.77136
1.756
1.74575
1.74015
1.7195
1.7148
1.69959
1.69344
1.67769
1.67386
1.64246
1.62758
1.62098
1.60099
1.5958
1.57475
1.55929
1.55473
1.53444
1.51804
1.51303
1.5081
1.50241
1.49224
1.48752
1.48212
1.47186
1.46675
1.4565
1.45069
1.43087
1.42966
1.4196
1.41602
1.40555
1.39901
1.38436
1.38318
1.37308
1.36915
1.35864
1.35733
1.34758
1.34246
1.3428
1.3372
1.33154
1.32761
1.32285
1.32095
1.31569
1.31241
1.30623
1.30625
1.30077
1.28623
1.28511
1.27963
1.27657
1.27569
1.27019
1.25967
1.25067
1.23944
1.2389
1.22977
1.2178
1.21901
1.21335
1.2085
1.20308
1.20287
1.19826
1.19809
1.19762
1.1977
1.2024
1.20714
1.21784
1.23353
1.24841
1.29532
1.31969
1.37136
1.39844
1.46037
1.49441
1.59396
1.63376
1.70114
1.73371
1.79561
1.83042
1.8875
1.91427
1.93956
2.01245
2.07484
2.09019
2.12647
2.14143
2.16232
2.17334
2.1939
2.19903
2.21475
2.21996
2.22508
2.23541
2.24025
2.24577
2.25058
2.25601
2.25645
2.26164
2.26168
2.26163
2.2616
2.26678
2.26637
2.26156
2.26136
2.26142
2.26142
2.25697
2.25564
2.2452
2.24657
2.23604
2.23535
2.22536
2.22039
2.21546
2.2005
2.19424
2.17883
2.17884
2.16952
2.15886
2.14796
2.13779
2.1328
2.11704
2.1018
2.09624
2.08603
2.09066
2.0797
2.07704
2.07068
2.06539
2.0655
2.05546
2.05455
2.04929
2.0453
2.03942
2.03492
2.02932
2.02413
2.01892
2.00857
2.00348
1.99318
1.98835
1.96717
1.96266
1.94638
1.92603
1.92125
1.91054
1.90068
1.89466
1.87423
1.86936
1.85425
1.8485
1.82792
1.81827
1.80244
1.79715
1.77632
1.76154
1.75545
1.74574
1.73059
1.72457
1.70965
1.70361
1.6947
1.67945
1.66758
1.65785
1.64763
1.62676
1.60042
1.5962
1.58032
1.57513
1.55901
1.55502
1.53407
1.52323
1.51337
1.50786
1.49295
1.48708
1.47691
1.47199
1.46626
1.45605
1.44664
1.44091
1.43091
1.42051
1.41488
1.4101
1.39961
1.38928
1.3788
1.36378
1.3629
1.34784
1.34737
1.33661
1.33292
1.32234
1.31646
1.31184
1.29695
1.29516
1.28024
1.2806
1.26998
1.26572
1.2547
1.24969
1.23945
1.23891
1.22355
1.21299
1.21365
1.20306
1.20287
1.18791
1.18726
1.17755
1.17689
1.16705
1.16721
1.15664
1.15099
1.14724
1.142
1.1358
1.13093
1.13095
1.1259
1.12538
1.12604
1.11475
1.10982
1.11075
1.10512
1.10508
1.11489
1.12493
1.13533
1.14074
1.16575
1.18186
1.22202
1.24353
1.29444
1.32051
1.42253
1.45429
1.52635
1.56209
1.6349
1.67078
1.76936
1.79993
1.86153
1.88871
1.94059
1.96036
1.98631
2.02282
2.04337
2.07414
2.09082
2.11705
2.12561
2.14641
2.15332
2.15764
2.1738
2.17306
2.18349
2.18437
2.18971
2.19355
2.19459
2.19404
2.19447
2.19422
2.19439
2.19479
2.19398
2.18878
2.18905
2.17951
2.1688
2.1683
2.1583
2.15804
2.14777
2.14309
2.12781
2.12229
2.11737
2.10161
2.09631
2.08123
2.07585
2.05022
2.03438
2.02488
2.01434
2.00371
1.99814
1.99332
1.98335
1.97377
1.97116
1.95782
1.94756
1.94121
1.93652
1.93603
1.93184
1.92097
1.92049
1.91067
1.90524
1.90515
1.89456
1.89513
1.87964
1.86928
1.86402
1.84882
1.8432
1.82307
1.81776
1.80262
1.79203
1.782
1.77145
1.75661
1.7456
1.73042
1.72455
1.71507
1.6996
1.6935
1.6689
