1.41446
1.41485
1.41515
1.41394
1.40883
1.41005
1.40981
1.40974
1.4094
1.41
1.40437
1.40435
1.40436
1.40436
1.40503
1.39939
1.39934
1.3995
1.39378
1.38971
1.38924
1.38865
1.3835
1.38382
1.38372
1.38416
1.38324
1.38339
1.38386
1.38368
1.38865
1.39327
1.3946
1.4033
1.41355
1.42488
1.44536
1.45477
1.48106
1.50138
1.57362
1.61978
1.64089
1.71786
1.80074
1.82622
1.88363
1.90862
1.98626
2.03227
2.0547
2.07368
2.11534
2.13179
2.17759
2.22457
2.24027
2.25059
2.26118
2.26641
2.27218
2.27584
2.2811
2.28242
2.28225
2.28197
2.28706
2.28283
2.28242
2.28187
2.28203
2.2821
2.27682
2.27692
2.2714
2.26718
2.26239
2.26119
2.25713
2.24656
2.24053
2.22579
2.21527
2.20545
2.18394
2.17957
2.16422
2.1582
2.14266
2.13788
2.12231
2.1173
2.10131
2.09663
2.08552
2.08129
2.06533
2.06063
2.0551
2.04998
2.03983
2.0346
2.02366
2.00346
1.99809
1.98881
1.97818
1.97212
1.96267
1.9525
1.94656
1.93622
1.93172
1.9107
1.90558
1.8905
1.87972
1.86921
1.85965
1.84389
1.83339
1.81268
1.80741
1.7917
1.78667
1.76091
1.74532
1.74053
1.73508
1.70995
1.69944
1.68876
1.68348
1.66738
1.66345
1.65277
1.64202
1.6269
1.626
1.61022
1.60692
1.60035
1.58573
1.57966
1.56989
1.56489
1.54936
1.54902
1.53875
1.53399
1.52354
1.51795
1.50767
1.50314
1.49767
1.49253
1.48276
1.4811
1.47115
1.47168
1.46128
1.46151
1.45151
1.45029
1.44507
1.4413
1.43442
1.43122
1.43077
1.42492
1.42507
1.42011
1.41441
1.41483
1.41378
1.41008
1.40912
1.40382
1.40479
1.40463
1.40422
1.39956
1.39415
1.39431
1.3941
1.39403
1.39408
1.39397
1.39408
1.39399
1.394
1.39895
1.3987
1.39914
1.39898
1.3991
1.39926
1.39962
1.39882
1.39937
1.39898
1.39373
1.39878
1.39376
1.39912
1.39913
1.3997
1.39875
1.39886
1.39947
1.40382
1.40968
1.41505
1.42375
1.43079
1.44589
1.45483
1.49152
1.50673
1.54214
1.55838
1.59953
1.62439
1.67132
1.70198
1.78535
1.81519
1.87254
1.90325
1.96017
1.99133
2.04347
2.0737
2.14621
2.17261
2.20903
2.22895
2.26043
2.27601
2.30671
2.31818
2.33872
2.34339
2.35928
2.36463
2.36948
2.37014
2.37001
2.36974
2.3698
2.37032
2.3644
2.36495
2.35964
2.36436
2.35426
2.35448
2.34902
2.3445
2.33415
2.32852
2.31388
2.30754
2.29744
2.28845
2.27311
2.26618
2.25036
2.24204
2.23532
2.21489
2.21021
2.19476
2.18466
2.16898
2.16367
2.14254
2.13303
2.1174
2.11202
2.09668
2.09139
2.07116
2.06499
2.04563
2.02422
2.01926
2.0089
2.0033
1.99294
1.98356
1.97293
1.96213
1.95192
1.94175
1.941
1.92516
1.91701
1.90615
1.89969
1.88971
1.88032
1.87387
1.85892
1.85362
1.83783
1.82864
1.8035
1.78795
1.78075
1.76503
1.76155
1.75019
1.74007
1.73508
1.71981
1.71488
1.69939
1.69363
1.67842
1.67327
1.66769
1.65793
1.65208
1.642
1.63727
1.62672
1.6213
1.60051
1.60064
1.5848
1.56964
1.56508
1.55386
1.54942
1.53818
1.52353
1.51754
1.51385
1.51235
1.50224
1.50268
1.49236
1.4878
1.48148
1.48209
1.47757
1.47143
1.46657
1.46608
1.45638
1.45578
1.45032
1.44625
1.44094
1.44018
1.43546
1.43524
1.4301
1.42512
1.42019
1.41993
1.41537
1.41419
1.41439
1.41491
1.40928
1.40981
1.4092
1.40878
1.41061
1.40399
1.40464
1.39963
1.39894
1.39436
1.39368
1.38889
1.3889
1.3888
1.38938
1.38361
1.38378
1.37831
1.37917
1.37393
1.3729
1.37285
1.37372
1.37394
1.37734
1.37771
1.38403
1.38863
1.39354
1.41907
1.42972
1.44985
1.46087
1.50685
1.52676
1.57869
1.61991
1.64082
1.70742
1.77
1.79025
1.83212
1.85212
1.88914
1.90869
1.95597
1.96634
1.99253
2.00255
2.03465
2.04553
2.04871
2.05487
2.05937
2.05997
2.06019
2.0599
2.05524
2.05532
2.05017
2.0453
2.04437
2.0394
2.03495
2.02984
2.02358
2.01877
2.01394
1.99809
1.99331
1.98216
1.96342
1.95598
1.94109
1.93703
1.92167
1.91541
1.90527
1.90028
1.88496
1.87974
1.87416
1.8639
1.85945
1.84947
1.84757
1.83831
1.82833
1.82235
1.81783
1.81716
1.80774
1.80667
1.80124
1.79754
1.79194
1.78654
1.77666
1.77122
1.761
1.75586
1.74604
1.74435
1.73427
1.73041
1.71421
1.70961
1.69921
1.69377
1.68343
1.67856
1.6731
1.6628
1.65786
1.65216
1.64217
1.63194
1.62672
1.61101
1.60139
1.59608
1.58564
1.5758
1.56938
1.55945
1.54935
1.54463
1.53831
1.52344
1.51812
1.51332
1.50749
1.49759
1.49753
