1.44621
1.44115
1.44038
1.43016
1.42534
1.42038
1.4194
1.4101
1.40948
1.40384
1.40472
1.40367
1.40048
1.38844
1.38915
1.38932
1.38861
1.38385
1.37856
1.37847
1.37319
1.37359
1.37358
1.3732
1.37353
1.36867
1.36845
1.36798
1.36314
1.36305
1.36297
1.36356
1.35801
1.35777
1.35299
1.35247
1.3474
1.34251
1.34191
1.34267
1.34264
1.34218
1.34667
1.35317
1.36332
1.36732
1.38285
1.39365
1.43473
1.45429
1.48508
1.50703
1.55386
1.57727
1.66612
1.69674
1.75804
1.79532
1.88778
1.98064
2.00713
2.05864
2.08421
2.1312
2.17849
2.21383
2.22993
2.26082
2.27081
2.30167
2.32864
2.33286
2.34904
2.34933
2.35502
2.35829
2.36552
2.36406
2.36984
2.36444
2.36489
2.36453
2.35909
2.35947
2.35466
2.35414
2.34411
2.34397
2.32892
2.32333
2.30776
2.30319
2.28754
2.26192
2.24085
2.2315
2.21547
2.21017
2.18488
2.17884
2.16355
2.1538
2.13285
2.11222
2.10683
2.09096
2.08674
2.07101
2.0703
2.05555
2.05443
2.03533
2.02855
2.01331
2.0139
1.99823
1.99354
1.97272
1.96221
1.94203
1.91606
1.91022
1.8901
1.88495
1.87425
1.86485
1.84893
1.84316
1.83394
1.8187
1.81199
1.7967
1.79237
1.77733
1.7707
1.75095
1.74529
1.73023
1.72468
1.70994
1.70337
1.67807
1.66287
1.65248
1.62685
1.60663
1.60013
1.58476
1.57596
1.55415
1.52954
1.50857
1.50236
1.49181
1.48274
1.46607
1.45681
1.44666
1.44008
1.42059
1.41933
1.40451
1.39975
1.38937
1.38369
1.36874
1.36341
1.35316
1.33746
1.33227
1.32198
1.31183
1.30232
1.29571
1.29168
1.27592
1.26992
1.25945
1.25519
1.24485
1.23938
1.23417
1.21883
1.20865
1.19245
1.19297
1.18269
1.17755
1.17247
1.16686
1.15687
1.15107
1.14676
1.14113
1.14061
1.13004
1.12638
1.11959
1.12094
1.12093
1.11961
1.11999
1.1251
1.15106
1.18162
1.21229
1.22816
1.24795
1.28934
1.31485
1.37156
1.40269
1.47492
1.51064
1.57808
1.61848
1.65601
1.72808
1.7632
1.86233
1.92467
1.95463
1.9863
2.03824
2.06829
2.10468
2.12618
2.16755
2.18327
2.19874
2.24078
2.26597
2.27641
2.28654
2.30137
2.3135
2.33253
2.34353
2.35416
2.36451
2.36923
2.38514
2.3899
2.40076
2.40533
2.41048
2.4166
2.42177
2.42089
2.42162
2.42622
2.42143
2.41633
2.41182
2.40098
2.39081
2.3858
2.37508
2.37045
2.35996
2.35474
2.34391
2.33979
2.3234
2.31896
2.30842
2.30265
2.28695
2.27658
2.27231
2.26653
2.25047
2.23992
2.23216
2.22467
2.21516
2.21028
2.19477
2.18469
2.16907
2.15834
2.13281
2.12768
2.10716
2.0971
2.07671
2.07023
2.05636
2.03574
2.02833
2.00212
1.99526
1.97419
1.96201
1.91618
1.89006
1.87976
1.84412
1.83314
1.8124
1.80293
1.77683
1.76618
1.74523
1.73535
1.72011
1.70975
1.69915
1.67915
1.67254
1.652
1.64316
1.61546
1.59108
1.57988
1.55479
1.53344
1.52379
1.50766
1.5027
1.48695
1.48259
1.46569
1.44761
1.44416
1.43451
1.43103
1.42519
1.4249
1.42028
1.41572
1.41384
1.40865
1.41031
1.40514
1.40375
1.39935
1.39917
1.39934
1.39368
1.39393
1.39409
1.39397
1.39412
1.39412
1.39395
1.39396
1.39409
1.39398
1.39398
1.399
1.39367
1.39431
1.39908
1.3944
1.3938
1.39397
1.39405
1.39407
1.39399
1.39407
1.39397
1.39439
1.39376
1.38856
1.38906
1.38929
1.38813
1.38885
1.38884
1.39432
1.40447
1.40864
1.42395
1.43024
1.46578
1.51137
1.53209
1.56802
1.58456
1.63013
1.65117
1.72285
1.74916
1.8011
1.82547
1.87762
1.90383
1.97551
2.03872
2.05852
2.09516
2.11074
2.13698
2.15202
2.18314
2.1939
2.20383
2.20973
2.22516
2.22532
2.22522
2.22537
2.22536
2.22528
2.22566
2.22017
2.2154
2.20971
2.20471
2.20471
2.1996
2.18998
2.17853
2.17453
2.16399
2.15836
2.14255
2.12737
2.12261
2.11709
2.11229
2.10139
2.07643
2.07045
2.05449
2.04551
2.03452
2.02434
2.00869
2.00873
1.98846
1.97759
1.97222
1.96304
1.95727
1.95195
1.94702
1.9367
1.93128
1.92057
1.9208
1.91051
1.90537
1.89061
1.88024
1.87427
1.85877
1.84307
1.83849
1.82805
1.82308
1.81234
1.80767
1.79233
1.7911
1.78221
1.77158
1.76556
1.75019
1.75038
1.73011
1.72485
1.7095
1.70368
1.69954
1.68875
1.67259
1.66847
1.65802
1.65247
1.64213
1.63192
1.62138
1.61629
1.59619
1.59038
1.58025
1.57514
1.56441
1.55992
1.54434
1.53837
1.52779
1.52383
1.51335
1.50753
1.49758
1.48693
1.48689
1.47731
1.47129
1.46718
1.4563
1.45615
1.44581
1.44064
1.43518
1.42563
1.42502
