1.67303
1.66305
1.65309
1.64177
1.6375
1.62165
1.6164
1.60057
1.59617
1.58032
1.5699
1.54981
1.54372
1.52826
1.52343
1.5131
1.50771
1.49736
1.48798
1.48171
1.47113
1.467
1.46094
1.4506
1.44645
1.44067
1.43589
1.43008
1.4244
1.42556
1.41004
1.40917
1.39943
1.39982
1.39393
1.38398
1.38339
1.3732
1.3736
1.36264
1.35802
1.35293
1.35268
1.34169
1.33843
1.33336
1.32668
1.32702
1.31731
1.30558
1.30202
1.29609
1.29128
1.28649
1.28539
1.28054
1.28029
1.28063
1.28027
1.28016
1.2852
1.29083
1.30114
1.31032
1.33108
1.3422
1.35664
1.38766
1.40837
1.45454
1.47561
1.56767
1.59893
1.66033
1.69172
1.75914
1.7896
1.81613
1.87266
1.90371
1.9501
1.97135
2.01305
2.0326
2.06385
2.08535
2.09554
2.10601
2.12109
2.13208
2.14769
2.15768
2.1677
2.17399
2.17298
2.17898
2.18312
2.18396
2.17919
2.17859
2.17937
2.17364
2.17372
2.16355
2.16318
2.15314
2.14843
2.14367
2.13746
2.13311
2.12265
2.11672
2.10208
2.09636
2.08131
2.07577
2.07099
2.05513
2.05032
2.03445
2.02969
2.01376
2.00908
2.00348
1.99329
1.98822
1.97771
1.97237
1.96681
1.96298
1.95777
1.95602
1.95111
1.95208
1.95142
1.95182
1.95174
1.95157
1.95125
1.95198
1.94617
1.94671
1.94186
1.9416
1.93666
1.93029
1.92669
1.92062
1.91592
1.90567
1.89986
1.88962
1.88534
1.87489
1.86922
1.85917
1.84879
1.84331
1.82814
1.82256
1.80689
1.79759
1.79162
1.77604
1.77136
1.75581
1.7454
1.73507
1.72525
1.71943
1.70374
1.69947
1.68387
1.67785
1.66879
1.65366
1.64657
1.63128
1.62731
1.61179
1.60575
1.59032
1.58575
1.58004
1.56512
1.55946
1.54886
1.53923
1.52876
1.5182
1.50263
1.49786
1.48228
1.48142
1.46143
1.45651
1.4458
1.44074
1.42563
1.41969
1.40522
1.4037
1.38835
1.38485
1.37447
1.36815
1.35809
1.35771
1.34758
1.34797
1.34764
1.34213
1.34709
1.3521
1.35764
1.36781
1.38842
1.39842
1.45923
1.50535
1.52754
1.55187
1.60927
1.63959
1.69727
1.72759
1.78429
1.81109
1.86759
1.89318
1.91953
1.94462
1.97094
1.99637
2.03757
2.05943
2.09607
2.11531
2.1318
2.15812
2.16745
2.19363
2.20415
2.22506
2.23066
2.2358
2.24036
2.24585
2.24605
2.24539
2.25125
2.25102
2.25108
2.25111
2.24575
2.24615
2.24134
2.24024
2.24129
2.24035
2.23499
2.23038
2.22558
2.22083
2.21487
2.21477
2.20125
2.19818
2.17978
2.16922
2.1586
2.15377
2.13797
2.1327
2.11736
2.10687
2.09181
2.08074
2.06024
2.05062
2.03523
2.03351
2.01778
2.01509
2.0039
1.99796
1.99377
1.98362
1.97697
1.97263
1.97248
1.96218
1.95696
1.95177
1.94189
1.94096
1.93131
1.92628
1.92064
1.91621
1.91008
1.89966
1.89543
1.87995
1.87411
1.8544
1.84803
1.83763
1.83352
1.81813
1.8121
1.79708
1.79159
1.78235
1.76647
1.76077
1.74509
1.73544
1.72986
1.71476
1.7044
1.68884
1.68345
1.66311
1.66217
1.65299
1.64723
1.64196
1.63256
1.61753
1.60553
1.59567
1.58553
1.57611
1.56884
1.56535
1.54979
1.54381
1.52898
1.5277
1.51223
1.50881
1.50222
1.49201
1.48745
1.47192
1.45093
1.44632
1.4359
1.4301
1.41986
1.41055
1.39999
1.39859
1.39484
1.389
1.37943
1.37789
1.36295
1.36311
1.35317
1.34754
1.33804
1.33657
1.3313
1.33237
1.33236
1.33182
1.34198
1.35188
1.36308
1.38842
1.40292
1.43854
1.46062
1.48013
1.5265
1.55306
1.59909
1.62477
1.70746
1.75869
1.78514
1.81042
1.85679
1.88368
1.92493
1.94507
1.98645
2.00337
2.01697
2.0485
2.06444
2.07514
2.09576
2.11074
2.12654
2.13211
2.14262
2.15253
2.15735
2.1587
2.16408
2.16725
2.16943
2.16738
2.17425
2.17312
2.17815
2.17937
2.17378
2.17356
2.17408
2.17427
2.17359
2.16886
2.16818
2.16863
2.16358
2.16344
2.15288
2.14838
2.13721
2.12842
2.11856
2.11114
2.09583
2.08717
2.07155
2.06508
2.03995
2.0194
2.01382
1.99869
1.9981
1.97756
1.96162
1.95775
1.94713
1.94157
1.93665
1.93121
1.92603
1.91543
1.91555
1.90533
1.90509
1.89993
1.8956
1.88937
1.88502
1.8791
1.87476
1.86448
1.85893
1.84463
1.84211
1.82781
1.82767
1.81208
1.80791
1.79165
1.78711
1.78145
1.76608
1.76111
1.73539
1.72942
1.72545
1.71394
1.70994
1.69442
1.6879
1.66766
1.66322
1.65271
1.64242
1.63705
1.62749
1.61198
1.60037
1.58548
1.58024
1.56474
1.55972
1.54995
1.53398
1.52857
1.51236
1.50396
1.49338
1.48182
1.47737
1.4559
1.4461
1.44083
1.43546
1.42039
1.41944
1.40393
