1.41934
1.40452
1.39493
1.38889
1.37874
1.37388
1.35831
1.35763
1.34282
1.33757
1.33259
1.32266
1.32101
1.30565
1.30188
1.29092
1.29074
1.28147
1.27479
1.27048
1.2602
1.25459
1.24464
1.24444
1.23422
1.23425
1.22392
1.22387
1.20839
1.20803
1.20289
1.19831
1.19739
1.19182
1.18808
1.18297
1.17703
1.1773
1.17196
1.17243
1.16157
1.16181
1.15734
1.15587
1.15699
1.16067
1.16563
1.16777
1.18241
1.18671
1.20741
1.22292
1.23305
1.26448
1.28396
1.32579
1.35117
1.40767
1.4388
1.46971
1.5416
1.57772
1.65004
1.68128
1.75387
1.78456
1.8153
1.87787
1.90346
1.9555
1.98123
2.02268
2.03863
2.05862
2.10579
2.12611
2.13735
2.14692
2.15745
2.16355
2.17792
2.18313
2.17976
2.18015
2.1778
2.17964
2.17974
2.17361
2.17399
2.16853
2.16374
2.15806
2.15348
2.1485
2.14287
2.1326
2.12737
2.10686
2.10148
2.09156
2.08627
2.07583
2.06068
2.05512
2.03978
2.02979
2.0242
2.00918
2.00302
1.98748
1.98318
1.97271
1.96719
1.95732
1.95158
1.94724
1.94241
1.94054
1.93545
1.9367
1.93116
1.93082
1.93116
1.93087
1.93106
1.93094
1.9314
1.92578
1.9202
1.916
1.91513
1.91132
1.90072
1.89987
1.8898
1.8896
1.87395
1.87445
1.85915
1.8539
1.84884
1.83338
1.82809
1.81214
1.80751
1.78132
1.77155
1.75629
1.74587
1.7246
1.71989
1.69915
1.69387
1.67293
1.66344
1.64804
1.63654
1.62122
1.61675
1.60623
1.58561
1.58016
1.565
1.55912
1.53836
1.5339
1.52834
1.51278
1.50389
1.48178
1.46193
1.45615
1.44091
1.43571
1.42072
1.41476
1.39939
1.39413
1.38959
1.37881
1.37339
1.36271
1.35891
1.34843
1.34242
1.32759
1.32645
1.31642
1.31186
1.3014
1.29605
1.27518
1.27069
1.26523
1.25979
1.25492
1.23906
1.23931
1.23364
1.2253
1.21239
1.20315
1.20296
1.1974
1.1981
1.18264
1.1823
1.18286
1.18277
1.18198
1.19777
1.20231
1.21808
1.23299
1.26413
1.28415
1.33575
1.36141
1.39214
1.42825
1.46434
1.50057
1.57855
1.61808
1.6962
1.73769
1.8103
1.84648
1.8825
1.94987
1.9854
2.07387
2.12557
2.14663
2.17256
2.23527
2.26601
2.28079
2.31788
2.32783
2.3428
2.3543
2.36455
2.36966
2.37427
2.38047
2.37954
2.38555
2.38516
2.3855
2.39119
2.38508
2.3908
2.39031
2.39097
2.39012
2.38475
2.38585
2.37514
2.36949
2.36563
2.35475
2.34932
2.33924
2.33372
2.32925
2.31422
2.30772
2.29234
2.28766
2.27734
2.27215
2.26147
2.25649
2.25174
2.24144
2.24023
2.22963
2.22626
2.2201
2.20984
2.2041
2.19535
2.18848
2.18483
2.18049
2.17227
2.168
2.16436
2.159
2.15796
2.15348
2.14274
2.14267
2.12754
2.12696
2.11681
2.1125
2.09701
2.09113
2.08695
2.07097
2.06067
2.04544
2.03911
2.00893
1.99877
1.98348
1.97269
1.95213
1.94199
1.92665
1.90617
1.89998
1.87467
1.86499
1.83305
1.8125
1.8028
1.78701
1.77125
1.76099
1.73546
1.72991
1.70934
1.70437
1.69399
1.66756
1.66342
1.63185
1.62204
1.60168
1.5908
1.57472
1.56546
1.54458
1.53345
1.5185
1.5082
1.48248
1.47155
1.45651
1.4511
1.43494
1.42594
1.41988
1.40453
1.39978
1.38454
1.38313
1.36871
1.36334
1.34242
1.33223
1.32753
1.31209
1.30644
1.28705
1.27628
1.26966
1.25966
1.25467
1.24485
1.23941
1.23451
1.22415
1.21838
1.20819
1.20817
1.19791
1.1933
1.18731
1.18254
1.18261
1.17773
1.17712
1.17715
1.18165
1.19246
1.20212
1.22239
1.23874
1.29947
1.32539
1.38726
1.41757
1.49037
1.531
1.59837
1.63495
1.67599
1.74279
1.77962
1.84714
1.88208
1.93893
1.97147
1.99592
2.07447
2.14114
2.16235
2.19283
2.21417
2.25495
2.27543
2.28246
2.29743
2.30746
2.32368
2.32753
2.33357
2.3383
2.34429
2.34827
2.34858
2.35462
2.35411
2.35936
2.3597
2.3594
2.35964
2.35944
2.35516
2.35371
2.34942
2.34901
2.34416
2.33914
2.33862
2.32835
2.32395
2.31348
2.30833
2.29308
2.28747
2.26637
2.26198
2.24589
2.24109
2.22532
2.22086
2.2101
2.20468
2.20016
2.18422
2.17365
2.17362
2.16327
2.16342
2.15362
2.14774
2.14826
2.13765
2.13309
2.12759
2.12238
2.11156
2.10731
2.09684
2.09131
2.08132
2.07546
2.06487
2.05613
2.02477
2.00929
2.0034
1.98779
1.97362
1.95811
1.94609
1.93748
1.91679
1.90567
1.88488
1.87485
1.85471
1.84346
1.83326
1.81254
1.80279
1.7816
1.77165
1.74591
1.7357
1.70496
1.69852
1.66344
1.65748
1.63223
1.62168
1.60161
1.59533
1.57494
1.5653
1.54446
1.53353
1.50836
1.49774
1.48262
