1.52353
1.50813
1.50239
1.4872
1.48232
1.47698
1.45609
1.44094
1.43536
1.42033
1.41946
1.40425
1.40443
1.3942
1.39433
1.37823
1.37394
1.36851
1.35847
1.3526
1.34334
1.34167
1.32778
1.32183
1.3117
1.30626
1.28643
1.26557
1.25449
1.24547
0
1.23018
1.22879
1.22424
1.20817
1.20863
1.20285
1.20313
1.20313
1.20777
1.22303
1.23341
1.24326
1.2792
1.29512
1.34617
1.37655
1.43291
1.46508
1.49552
1.55745
1.58846
1.68143
1.71238
1.76935
1.80016
1.85201
1.87775
1.92455
1.94544
1.97069
1.9873
2.00673
2.02353
2.05497
2.06896
2.09497
2.10647
2.12236
2.136
2.14349
2.15327
2.15731
2.16834
2.16814
2.173
2.17914
2.17843
2.18412
2.17963
2.18267
2.18425
2.18375
2.18382
2.18412
2.18407
2.17903
2.17889
2.17877
2.1735
2.16925
2.168
2.15835
2.15848
2.14815
2.14319
2.12222
2.11742
2.10172
2.09661
2.07067
2.05498
2.05041
2.03469
2.03439
2.01463
2.01282
1.9971
1.99896
1.98856
1.98223
1.97732
1.97771
1.97211
1.96755
1.96237
1.95773
1.95651
1.94641
1.94649
1.93648
1.93638
1.92657
1.91582
1.90518
1.90075
1.895
1.88517
1.87916
1.86407
1.85888
1.849
1.84344
1.82339
1.81748
1.80235
1.79676
1.78122
1.77157
1.75625
1.75001
1.74114
1.72547
1.71931
1.70374
1.69416
1.67322
1.66324
1.64817
1.63648
1.62167
1.61632
1.60666
1.59142
1.58
1.56495
1.55875
1.5434
1.53924
1.5191
1.49756
1.49265
1.48218
1.47669
1.4611
1.45675
1.44071
1.43588
1.42462
1.41408
1.41037
1.404
1.39874
1.38985
1.38464
1.38297
1.37803
1.37405
1.36258
1.36334
1.35775
1.35316
1.34736
1.34734
1.33679
1.3326
1.33183
1.32639
1.32243
1.31725
1.31132
1.30088
1.29684
1.292
1.28536
1.27564
1.27497
1.26476
1.26517
1.25487
1.25444
1.24878
1.25
1.25467
1.25462
1.25944
1.2696
1.27983
1.30542
1.32061
1.35666
1.37734
1.40293
1.45454
1.48502
1.56818
1.62525
1.6556
1.68685
1.7436
1.76932
1.85204
1.87812
1.92483
1.94999
1.9963
2.01321
2.05457
2.06893
2.10025
2.11638
2.15239
2.16233
2.17818
2.18865
2.20409
2.20984
2.21428
2.23048
2.24069
2.24631
2.25044
2.25506
2.26214
2.26201
2.26616
2.26649
2.26673
2.26694
2.2664
2.26728
2.2659
2.26112
2.26175
2.25571
2.25193
2.23556
2.22068
2.21522
2.20518
2.19939
2.18351
2.17459
2.16395
2.16299
2.13774
2.13787
2.12227
2.11735
2.10148
2.08617
2.0857
2.07562
2.07063
2.05459
2.04489
2.04441
2.03462
2.02949
2.0195
2.0182
2.00951
2.00385
1.99802
1.98848
1.98239
1.97839
1.96264
1.95705
1.94161
1.93661
1.93139
1.91569
1.90562
1.88985
1.88025
1.86433
1.85385
1.82851
1.81776
1.80163
1.79289
1.7608
1.75122
1.73041
1.71969
1.70403
1.69432
1.67831
1.66854
1.65765
1.63697
1.63206
1.61096
1.6064
1.59098
1.58045
1.57494
1.55922
1.55485
1.53926
1.52886
1.51368
1.50769
1.49311
1.4869
1.48257
1.46751
1.46061
1.44623
1.44033
1.4205
1.41005
1.3997
1.39392
1.38339
1.37945
1.36251
1.35865
1.35299
1.34812
1.33762
1.33257
1.3215
1.31747
1.30711
1.30116
1.29121
1.28606
1.27568
1.27047
1.26542
1.25534
1.24929
1.23378
1.23414
1.21366
1.21311
1.20305
1.1985
1.18754
1.1876
1.1774
1.17249
1.17175
1.16165
1.1569
1.15145
1.15168
1.14125
1.1413
1.13601
1.12604
1.12034
1.11513
1.11088
1.10537
1.09973
1.08999
1.0841
1.07924
1.07409
1.06852
1.06418
1.0575
1.06361
1.06876
1.06877
1.07894
1.08856
1.09922
1.12954
1.14096
1.18187
1.20616
1.26247
1.29433
1.40227
1.4383
1.51524
1.55234
1.61954
1.66014
1.6918
1.75378
1.7846
1.84213
1.86704
1.93986
1.96103
2.00225
2.01785
2.04884
2.05971
2.09005
2.10106
2.11216
2.12068
2.13148
2.13262
2.13816
2.14195
2.14278
2.14265
2.14265
2.14304
2.14804
2.14824
2.14742
2.15311
2.14737
2.15268
2.14924
2.14681
2.1474
2.14326
2.13275
2.12724
2.11727
2.10728
2.09688
2.08631
2.07552
2.06587
2.05018
2.04454
2.03428
2.025
2.0186
2.00845
2.00367
1.99315
1.99314
1.98802
1.97772
1.96702
1.96726
1.96158
1.96266
1.95237
1.95102
1.94548
1.94239
1.94184
1.93615
1.93144
1.92611
1.92565
1.91582
1.91087
1.90062
1.89952
1.88939
1.88022
1.86857
1.86001
1.84924
1.84327
1.82803
1.82311
1.80194
1.79261
1.77076
1.75034
1.74584
1.7353
1.71988
1.70956
1.68333
1.65773
1.65262
1.63694
1.62228
1.60671
1.60057
1.57555
1.55924
1.54999
1.54366
1.52892
