1.38345
1.37331
1.36903
1.36391
1.35745
1.35265
1.34838
1.34204
1.33763
1.33738
1.32674
1.32222
1.31645
1.3111
1.30197
1.29588
1.28628
1.27577
1.27499
1.27102
1.26531
1.25986
1.24995
1.24909
1.24375
1.24477
1.24485
1.2488
1.24988
1.26018
1.26885
1.28987
1.3003
1.33162
1.34652
1.36695
1.40322
1.41935
1.48509
1.50701
1.54809
1.56813
1.60948
1.63057
1.67188
1.6921
1.70872
1.72777
1.74517
1.75882
1.78102
1.80677
1.83797
1.84745
1.88354
1.89454
1.90439
1.91556
1.9262
1.93523
1.94643
1.95624
1.9664
1.97149
1.97786
1.97709
1.98167
1.98294
1.99292
1.99302
2.00255
2.00809
2.01415
2.018
2.01853
2.01897
2.01892
2.01864
2.0139
2.01336
2.00858
2.00829
1.99835
1.99797
1.98813
1.98308
1.9728
1.96744
1.95713
1.95659
1.95251
1.94618
1.94185
1.93644
1.9306
1.92649
1.91573
1.91535
1.91114
1.90505
1.90571
1.90049
1.89483
1.89011
1.88927
1.88031
1.87857
1.86965
1.86377
1.86393
1.85901
1.84899
1.84797
1.83792
1.83811
1.82337
1.81302
1.80715
1.80707
1.7915
1.79211
1.77672
1.77115
1.76592
1.76124
1.75566
1.75085
1.74042
1.73516
1.72451
1.71993
1.71405
1.69903
1.69348
1.68771
1.67955
1.66877
1.66239
1.65812
1.64774
1.64179
1.62738
1.6259
1.61039
1.60653
1.59647
1.58969
1.58617
1.57947
1.57533
1.56951
1.55938
1.55429
1.54432
1.53855
1.53371
1.52887
1.5233
1.52303
1.51303
1.5029
1.49788
1.49234
1.48672
1.48238
1.47139
1.46707
1.46159
1.44552
1.44575
1.43536
1.43537
1.42552
1.42463
1.42083
1.41591
1.41419
1.40456
1.39972
1.3941
1.3892
1.37857
1.37404
1.36355
1.36314
1.35328
1.34782
1.34706
1.33255
1.32187
1.31718
1.30673
1.30156
1.28564
1.28082
1.27085
1.26507
1.25439
1.25487
1.24887
1.24993
1.25469
1.25907
1.29015
1.30056
1.33646
1.35638
1.40231
1.42938
1.48107
1.51069
1.56259
1.58885
1.61923
1.67154
1.69676
1.74882
1.77488
1.82113
1.8374
1.8624
1.87876
1.89841
1.91982
1.94578
1.96568
1.99193
2.00303
2.01235
2.02425
2.04485
2.0545
2.06497
2.06983
2.0744
2.08135
2.09149
2.09065
2.09625
2.10103
2.10118
2.10639
2.10664
2.11102
2.11225
2.11205
2.11098
2.11663
2.11704
2.11672
2.12252
2.12168
2.11617
2.11737
2.1165
2.111
2.10735
2.10219
2.10081
2.09095
2.08661
2.07606
2.07034
2.05976
2.05591
2.04924
2.0392
2.03516
2.02466
2.02375
2.01305
2.00919
2.00303
1.99288
1.98812
1.9822
1.97817
1.96779
1.9617
1.96229
1.95219
1.94672
1.94177
1.94106
1.93132
1.93077
1.92072
1.92102
1.91096
1.90542
1.89999
1.89518
1.89011
1.87933
1.87449
1.85896
1.84891
1.84342
1.83344
1.82358
1.81733
1.80678
1.80251
1.79218
1.78223
1.77117
1.76055
1.75133
1.74038
1.73031
1.72466
1.71499
1.70913
1.70435
1.68876
1.6836
1.66845
1.66259
1.64714
1.64206
1.62652
1.62183
1.61628
1.60023
1.59596
1.58022
1.57972
1.56391
1.55992
1.54906
1.54436
1.53393
1.5238
1.51778
1.50875
1.49804
1.49234
1.48175
1.47739
1.46168
1.46078
1.44613
1.44086
1.43054
1.42991
1.41973
1.41515
1.40444
1.39944
1.3901
1.38788
1.38243
1.38032
1.37757
1.36774
1.36853
1.35836
1.35762
1.34723
1.34783
1.34252
1.34235
1.33761
1.33244
1.32694
1.32249
1.31213
1.31085
1.30077
1.29653
1.29097
1.28623
1.28059
1.27552
1.27104
1.26452
1.24922
1.23948
1.23444
1.22977
1.22855
1.22397
1.22837
1.22868
1.22893
1.23317
1.2489
1.25922
1.28483
1.30476
1.32603
1.36688
1.39275
1.44445
1.47446
1.52632
1.55772
1.58382
1.63501
1.66099
1.71276
1.73858
1.75925
1.82141
1.85701
1.87412
1.90477
1.91481
1.93013
1.95115
1.96176
1.97785
1.98154
1.99184
2.00349
2.00809
2.01321
2.01819
2.01925
2.02359
2.02366
2.02908
2.0292
2.02896
2.02879
2.02889
2.02967
2.03312
2.03474
2.03408
2.03437
2.0287
2.02977
2.02464
2.0195
2.01333
2.01387
2.00324
1.99845
1.98804
1.98277
1.96732
1.95733
1.95201
1.94688
1.93645
1.93644
1.92618
1.92555
1.91545
1.91077
1.90504
1.90075
1.89541
1.8949
1.89479
1.89491
1.88999
1.8894
1.88396
1.88502
1.87491
1.87371
1.86343
1.86422
1.85872
1.85343
1.84921
1.83873
1.83263
1.82292
1.82236
1.81788
1.80752
1.80228
1.77624
1.76562
1.75617
1.74567
1.73994
1.7193
1.71491
1.69961
1.69346
1.67808
1.67306
1.66274
1.65757
1.63707
1.61675
1.61108
1.60053
1.59124
1.57465
1.56505
1.54909
1.53881
1.53401
1.51803
1.51302
