1.52836
1.51848
1.50808
1.49756
1.49223
1.47667
1.46109
1.45675
1.43535
1.43046
1.42502
1.42012
1.40435
1.39996
1.38947
1.38354
1.379
1.37883
1.36903
1.36302
1.35828
1.34819
1.34715
1.33805
1.33662
1.32669
1.32711
1.32241
1.31197
1.30692
1.30131
1.2964
1.29553
1.28111
1.27492
1.27067
1.26047
1.25442
1.24454
1.23456
1.2335
1.2238
1.21868
1.21382
1.20807
1.20333
1.19859
1.19734
1.19368
1.19309
1.20291
1.20745
1.22807
1.23872
1.25927
1.27882
1.31488
1.33647
1.42255
1.45513
1.51698
1.55145
1.65488
1.68705
1.75402
1.78898
1.85686
1.89239
1.94909
1.97667
2.00629
2.05293
2.07989
2.12109
2.14165
2.17793
2.2089
2.2346
2.24534
2.26596
2.27639
2.28684
2.29722
2.31291
2.31312
2.32321
2.32318
2.32908
2.32809
2.33366
2.33864
2.33884
2.34374
2.3443
2.34378
2.34977
2.34343
2.34358
2.3444
2.34469
2.3387
2.33353
2.32897
2.31801
2.31353
2.2976
2.29274
2.28246
2.27204
2.25165
2.24576
2.23032
2.22613
2.21042
2.20443
2.18924
2.18458
2.1689
2.16358
2.15343
2.14305
2.13785
2.13189
2.1283
2.11734
2.11653
2.11264
2.10168
2.10154
2.09151
2.09075
2.08077
2.07584
2.06046
2.05492
2.04509
2.03973
2.02419
2.01884
1.99291
1.97273
1.96713
1.94243
1.91557
1.90617
1.87976
1.84917
1.82271
1.79709
1.78717
1.76651
1.76076
1.72453
1.70456
1.69869
1.67353
1.64227
1.63716
1.61178
1.59616
1.58592
1.55958
1.55449
1.53883
1.534
1.51877
1.51241
1.50191
1.49807
1.48739
1.47672
1.47209
1.46145
1.45615
1.44567
1.44119
1.4193
1.42024
1.40441
1.39984
1.38958
1.38397
1.37389
1.37293
1.36273
1.35847
1.3475
1.33766
1.33699
1.32686
1.32206
1.3115
1.29637
1.29564
1.28596
1.28045
1.26022
1.24938
1.24516
1.2351
1.23307
1.21939
1.21298
1.20834
1.20308
1.19264
1.19277
1.18707
1.18258
1.18767
1.20221
1.21775
1.24324
1.26413
1.33034
1.35685
1.41804
1.44429
1.51109
1.54153
1.64579
1.74807
1.7794
1.84583
1.87788
1.93974
1.96553
2.04878
2.06855
2.11541
2.14139
2.19791
2.24519
2.25539
2.29173
2.31782
2.32301
2.3391
2.34312
2.35363
2.35934
2.36927
2.3747
2.37919
2.38094
2.38591
2.38987
2.39038
2.39554
2.39564
2.39608
2.39073
2.39565
2.39
2.38597
2.38005
2.37525
2.36534
2.34424
2.33947
2.3287
2.32359
2.30269
2.30314
2.28264
2.25735
2.25099
2.24092
2.23616
2.22585
2.22052
2.21024
2.20475
2.19429
2.19431
2.189
2.18439
2.16879
2.16369
2.1586
2.14826
2.14754
2.1329
2.12711
2.11667
2.10768
2.08597
2.0661
2.06008
2.04494
2.03996
2.02023
2.01322
1.99277
1.96312
1.95147
1.92625
1.89141
1.88396
1.86337
1.85458
1.83397
1.8225
1.79263
1.7865
1.76622
1.75644
1.74092
1.73
1.7098
1.70394
1.67898
1.66837
1.65261
1.64216
1.621
1.61165
1.59599
1.58565
1.57527
1.56466
1.5446
1.53863
1.52851
1.52318
1.50714
1.49827
1.48853
1.48089
1.46791
1.46064
1.45605
1.45108
1.44017
1.4296
1.42576
1.41999
1.41021
1.40895
1.39929
1.38388
1.37866
1.37368
1.36869
1.35847
1.35295
1.3427
1.33737
1.33204
1.32723
1.31227
1.31085
1.29599
1.28098
1.27511
1.26973
1.26073
1.2555
1.24947
1.24505
1.23823
1.23327
1.23457
1.23349
1.24385
1.24953
1.26942
1.27471
1.30603
1.32499
1.36659
1.39293
1.4748
1.50065
1.55762
1.5835
1.64582
1.67581
1.75993
1.78937
1.84124
1.86775
1.89311
1.93919
1.96151
1.99759
2.01755
2.05328
2.06542
2.11174
2.13271
2.13645
2.1527
2.15324
2.16345
2.16771
2.16911
2.17457
2.17745
2.17807
2.17936
2.17863
2.17909
2.17852
2.17909
2.17446
2.17257
2.16944
2.16775
2.16238
2.15958
2.15372
2.1476
2.13283
2.11727
2.10726
2.09685
2.09126
2.08095
2.07609
2.06569
2.06533
2.06029
2.05025
2.04497
2.04039
2.03869
2.03007
2.03327
2.0295
2.02964
2.02386
2.02383
2.02404
2.02404
2.02382
2.02392
2.01906
2.01296
2.0096
2.0092
2.00337
1.9976
1.99361
1.98273
1.97762
1.97298
1.96263
1.95663
1.94127
1.93692
1.91605
1.91062
1.89569
1.8898
1.8746
1.86413
1.84433
1.83312
1.81767
1.81276
1.79245
1.78649
1.77153
1.76561
1.74043
1.73514
1.71939
1.71002
1.68797
1.66289
1.65777
1.6423
1.63711
1.6214
1.61133
1.60124
1.59117
1.58469
1.56931
1.56499
1.54878
1.54466
1.52363
1.52271
1.50762
1.50238
1.49756
1.49225
1.47698
1.47189
1.46691
1.46097
1.4509
1.44631
1.4304
1.42544
1.4202
1.4103
1.40889
