2.02458
2.00332
1.99882
1.97764
1.9613
1.95768
1.94744
1.94618
1.93643
1.93598
1.93144
1.9256
1.9261
1.92604
1.92566
1.92512
1.92133
1.91539
1.91119
1.9096
1.90048
1.88973
1.88515
1.8697
1.85411
1.84869
1.82813
1.81818
1.80293
1.7922
1.77227
1.7651
1.73516
1.73049
1.71004
1.69894
1.66846
1.63699
1.62719
1.60645
1.59584
1.55996
1.52895
1.51842
1.49777
1.48762
1.4669
1.4566
1.42517
1.41563
1.39492
1.38846
1.37231
1.3649
1.33788
1.33222
1.30679
1.28618
1.27623
1.2608
1.24977
1.24474
1.2193
1.20338
1.19306
1.17742
1.16172
1.1408
1.13639
1.1152
1.09013
1.06943
1.06861
1.04875
1.03779
1.03271
1.03257
1.04216
1.08831
1.12384
1.14541
1.20664
1.23724
1.34595
1.386
1.46337
1.50618
1.57853
1.61818
1.72758
1.82095
1.85169
1.90884
1.93943
2.01247
2.06904
2.08996
2.13176
2.16758
2.19833
2.2048
2.22046
2.22927
2.25076
2.25718
2.26038
2.2608
2.26679
2.26604
2.26185
2.2612
2.26142
2.26138
2.25114
2.25114
2.23615
2.23078
2.22095
2.21498
2.19458
2.18476
2.17946
2.16901
2.15824
2.14882
2.13787
2.13283
2.11699
2.10671
2.10158
2.0962
2.09616
2.08572
2.09103
2.08647
2.08027
2.0812
2.08026
2.07516
2.07067
2.07013
2.06468
2.06126
2.04898
2.04395
2.04056
2.02405
2.01932
2.0039
2.00292
1.98315
1.95728
1.95206
1.93145
1.92619
1.90074
1.89016
1.8747
1.86457
1.84392
1.83332
1.8077
1.79685
1.77596
1.76664
1.75147
1.73959
1.71543
1.68908
1.67805
1.66276
1.65261
1.63711
1.62716
1.6005
1.59612
1.57985
1.57022
1.54928
1.47703
1.46706
1.46122
1.45062
1.4416
1.43081
1.42531
1.42001
1.40994
1.39407
1.38919
1.37855
1.374
1.36313
1.35815
1.35327
1.34299
1.33704
1.3219
1.31724
1.30687
1.30097
1.29091
1.28577
1.2811
1.28107
1.27508
1.27516
1.27983
1.28578
1.30078
1.31019
1.34645
1.36664
1.40779
1.43914
1.52185
1.552
1.61906
1.65067
1.71244
1.74373
1.87266
1.92961
1.95506
2.00714
2.0325
2.05862
2.10523
2.1261
2.16217
2.17833
2.21002
2.22335
2.24998
2.26126
2.27087
2.28657
2.2974
2.30718
2.31294
2.32296
2.32852
2.33345
2.33879
2.34331
2.34886
2.35413
2.3541
2.35985
2.35886
2.36476
2.36467
2.36469
2.36466
2.36026
2.36423
2.36018
2.35902
2.34929
2.34915
2.33852
2.33433
2.32874
2.32357
2.31881
2.30809
2.29789
2.29291
2.2723
2.26691
2.24615
2.24089
2.22486
2.22078
2.20004
2.19014
2.1801
2.17339
2.16331
2.1589
2.1427
2.13788
2.13293
2.12741
2.12259
2.122
2.11229
2.10663
2.10166
2.08656
2.0854
2.08176
2.0711
2.06545
2.05575
2.04979
2.03954
2.03453
2.02472
2.00313
1.98794
1.97841
1.97223
1.9517
1.94235
1.92159
1.91027
1.89047
1.88464
1.85412
1.84871
1.82826
1.81796
1.79714
1.78687
1.78156
1.76037
1.75114
1.73066
1.72485
1.70399
1.69435
1.66303
1.65762
1.63699
1.62681
1.61163
1.60104
1.59572
1.57473
1.57032
1.54986
1.5438
1.52912
1.52313
1.50803
1.50289
1.49765
1.48738
1.48218
1.47675
1.46158
1.46086
1.44627
1.44037
1.43613
1.42987
1.42565
1.41954
1.40564
1.39461
1.38876
1.38452
1.37873
1.37398
1.36359
1.35821
1.35303
1.34759
1.33774
1.33682
1.32701
1.32687
1.31696
1.3119
1.31104
1.30093
1.29639
1.28614
1.28067
1.27515
1.27058
1.26037
1.25474
1.25467
1.23935
1.22933
1.22402
1.21888
1.20851
1.20792
1.19819
1.18777
1.18284
1.17785
1.17661
1.17764
1.18185
1.18722
1.20235
1.21283
1.2577
1.28004
1.32094
1.34541
1.40218
1.42899
1.52124
1.55272
1.61395
1.646
1.70802
1.7372
1.76994
1.85677
1.90868
1.93466
1.98137
2.00711
2.0429
2.06443
2.07999
2.1158
2.13184
2.1529
2.16721
2.18817
2.19919
2.20457
2.21934
2.22513
2.2403
2.2504
2.25159
2.25566
2.26139
2.26589
2.27109
2.27225
2.27668
2.28231
2.28185
2.28709
2.28737
2.2871
2.28732
2.28767
2.2821
2.27714
2.27241
2.27135
2.26112
2.25676
2.23525
2.23141
2.21535
2.2054
2.1845
2.17915
2.15843
2.14241
2.13313
2.11747
2.09704
2.0911
2.08629
2.08114
2.06538
2.0655
2.05523
2.05018
2.04505
2.03935
2.02928
2.02933
2.01388
2.00859
1.99832
1.9931
1.97313
1.96716
1.9515
1.94206
1.92646
1.9157
1.90065
1.89017
1.86471
1.85878
1.83822
1.83356
1.80271
1.77167
1.76113
1.74596
1.73512
1.71418
1.70527
1.6982
1.6779
1.66877
1.64857
1.64144
1.61219
1.596
1.58572
1.55948
1.54938
1.53366
1.52363
