1.18257
1.17691
1.17701
1.16672
1.16741
1.16096
1.15652
1.15177
1.14686
1.14562
1.13603
1.12671
1.12506
1.11476
1.11557
1.11095
1.10937
1.11036
1.10983
1.12463
1.1356
1.171
1.1914
1.2586
1.31039
1.34047
1.39711
1.43352
1.50017
1.53198
1.56287
1.63015
1.66042
1.72785
1.75404
1.8468
1.87264
1.92428
1.95046
2.01219
2.03327
2.06905
2.08522
2.11165
2.12586
2.14641
2.15828
2.1738
2.17799
2.18873
2.19898
2.20435
2.21022
2.21914
2.22444
2.22585
2.22494
2.23086
2.23501
2.2356
2.24047
2.24061
2.24578
2.24608
2.24605
2.24598
2.24146
2.2405
2.24139
2.23572
2.23073
2.22504
2.21573
2.2105
2.20445
2.19439
2.18489
2.17887
2.16874
2.1635
2.1479
2.14296
2.12848
2.12135
2.11812
2.10746
2.10134
2.08665
2.08076
2.07048
2.07039
2.06049
2.0598
2.05008
2.04991
2.03922
2.0348
2.02476
2.02327
2.01852
2.01411
2.00368
1.99851
1.99332
1.98297
1.97793
1.95722
1.94688
1.93693
1.93105
1.91574
1.91089
1.89544
1.8896
1.86888
1.8647
1.85397
1.83857
1.82841
1.80838
1.80157
1.77687
1.76663
1.74609
1.73998
1.71908
1.70974
1.68912
1.68344
1.67389
1.65282
1.64287
1.6229
1.61546
1.59477
1.58659
1.57463
1.55381
1.54536
1.51281
1.50828
1.48698
1.47772
1.45728
1.45048
1.43002
1.42145
1.40584
1.39352
1.3735
1.36358
1.34832
1.34257
1.32752
1.32196
1.30177
1.2958
1.27075
1.25437
1.24994
1.2346
1.22867
1.21856
1.21399
1.20838
1.20355
1.2026
1.18832
1.18244
1.17715
1.17236
1.16231
1.15556
1.1525
1.1476
1.14517
1.13999
1.13698
1.13062
1.13071
1.12509
1.12134
1.12009
1.11522
1.11562
1.11022
1.1001
1.10004
1.09464
1.09018
1.08882
1.08025
1.0788
1.07431
1.06921
1.06841
1.06945
1.06371
1.05793
1.0636
1.06885
1.07354
1.09906
1.10954
1.16533
1.19104
1.25287
1.28349
1.39159
1.46852
1.50612
1.54142
1.61946
1.65979
1.73212
1.76948
1.83621
1.87226
1.9035
1.9609
1.9858
2.03734
2.06448
2.12573
2.14202
2.17855
2.19322
2.21986
2.22953
2.25567
2.26604
2.27144
2.28726
2.29161
2.3069
2.30863
2.31888
2.32216
2.33852
2.33911
2.34356
2.34915
2.35371
2.3697
2.37448
2.37953
2.37585
2.38086
2.38491
2.38511
2.38551
2.3805
2.37987
2.37486
2.37514
2.36511
2.35999
2.34928
2.34467
2.33422
2.32886
2.31855
2.31318
2.30306
2.29762
2.29308
2.28229
2.27708
2.26675
2.26165
2.2515
2.24626
2.24132
2.23061
2.23073
2.21509
2.21537
2.20513
2.19934
2.18992
2.18523
2.17324
2.16316
2.15904
2.14279
2.13821
2.12276
2.11698
2.09692
2.07563
2.06621
2.05568
2.04501
2.02941
2.02441
2.00944
1.99844
1.99334
1.98303
1.97291
1.96752
1.95209
1.94189
1.92652
1.91566
1.9109
1.8901
1.88452
1.86883
1.85952
1.84876
1.84367
1.83361
1.80739
1.80238
1.78623
1.77727
1.75046
1.74566
1.71961
1.70339
1.6949
1.67875
1.66816
1.65273
1.64251
1.63686
1.62073
1.6123
1.59636
1.58988
1.57417
1.56544
1.55887
1.54437
1.53881
1.51825
1.49777
1.49207
1.47659
1.47673
1.46112
1.45631
1.44087
1.43574
1.42538
1.42031
1.41051
1.40876
1.39912
1.39486
1.38892
1.37871
1.37879
1.36834
1.36336
1.35851
1.35289
1.34818
1.33688
1.32653
1.32269
1.3166
1.30597
1.30211
1.28576
1.27522
1.2704
1.26014
1.25461
1.2492
1.24487
1.24464
1.24367
1.24843
1.25469
1.2791
1.29556
1.32575
1.34654
1.4031
1.4284
1.47967
1.50164
1.5536
1.57751
1.66102
1.68665
1.73345
1.75891
1.80046
1.82608
1.8675
1.88882
1.94035
1.96072
1.98647
2.00294
2.03319
2.06039
2.06948
2.07961
2.08646
2.09515
2.10132
2.10676
2.11081
2.11094
2.11258
2.1111
2.10637
2.10675
2.10676
2.10633
2.10216
2.10085
2.0971
2.09075
2.08621
2.08071
2.07049
2.0659
2.06081
2.05499
2.05044
2.04004
2.03448
2.02965
2.02366
2.00854
2.00397
2.00272
1.99792
1.99821
1.99365
1.99692
1.98723
1.98819
1.98786
1.97785
1.97723
1.97168
1.96792
1.96753
1.96206
1.95737
1.95225
1.95121
1.9465
1.94609
1.93632
1.93609
1.9317
1.92613
1.92605
1.91056
1.90022
1.89989
1.89528
1.88037
1.87868
1.86461
1.854
1.84883
1.83277
1.82324
1.81768
1.80205
1.79735
1.7769
1.77114
1.75068
1.7452
1.72478
1.71936
1.70389
1.69933
1.66715
1.65275
1.64241
1.61614
1.60666
1.57983
1.55955
1.55005
1.53328
1.51939
1.50383
1.49211
1.48244
1.46174
1.45633
1.43581
1.43014
1.40971
1.40012
1.39408
1.37321
1.36374
1.33767
