1.66803
1.65816
1.64732
1.62616
1.61692
1.59643
1.5853
1.57017
1.55941
1.55471
1.53401
1.52331
1.50846
1.49731
1.48722
1.47739
1.47132
1.45587
1.45166
1.43577
1.43023
1.41469
1.40988
1.38922
1.38376
1.37881
1.37388
1.36343
1.35829
1.34792
1.3429
1.3416
1.32673
1.32746
1.31668
1.31173
1.29578
1.29129
1.27552
1.27022
1.26082
1.25455
1.23977
1.23374
1.22895
1.22389
1.21356
1.20864
1.19809
1.19279
1.18258
1.18218
1.17706
1.17717
1.17717
1.18165
1.19785
1.20224
1.24365
1.26344
1.30984
1.33557
1.38676
1.41846
1.47499
1.50536
1.56758
1.59892
1.63004
1.69179
1.72757
1.7843
1.81105
1.86288
1.88766
1.90983
1.95092
1.97082
2.0232
2.05975
2.07439
2.08994
2.09626
2.10713
2.11587
2.11645
2.1219
2.12231
2.12176
2.12181
2.12222
2.12151
2.11591
2.1124
2.10672
2.10152
2.0964
2.08566
2.08611
2.05939
2.04945
2.04109
2.01887
2.01423
1.99801
1.99334
1.97235
1.96783
1.95234
1.9463
1.93033
1.92714
1.91995
1.90971
1.91085
1.90492
1.90059
1.89951
1.89355
1.89588
1.89547
1.89438
1.89503
1.89472
1.89963
1.90025
1.90015
1.90438
1.90477
1.90545
1.90499
1.90511
1.90521
1.89967
1.90033
1.89496
1.89468
1.88446
1.88465
1.87992
1.87441
1.86918
1.85835
1.85416
1.83884
1.833
1.82837
1.80661
1.79654
1.78766
1.78101
1.76517
1.75649
1.73446
1.71973
1.71443
1.69916
1.68862
1.66768
1.66282
1.64763
1.64176
1.62657
1.61653
1.61123
1.59579
1.59067
1.5758
1.56946
1.54956
1.54361
1.52811
1.52362
1.50825
1.50267
1.48218
1.48153
1.46641
1.46589
1.45582
1.45161
1.44064
1.42518
1.4249
1.41502
1.4096
1.39964
1.39389
1.38965
1.38419
1.36818
1.36834
1.35851
1.35739
1.35221
1.34828
1.34314
1.3418
1.33844
1.32736
1.32701
1.32157
1.31704
1.31233
1.30628
1.29667
1.29533
1.28524
1.28586
1.28565
1.28562
1.29993
1.30679
1.33227
1.34619
1.37753
1.40223
1.47093
1.50016
1.55661
1.58466
1.64605
1.6753
1.74262
1.77492
1.80486
1.86699
1.89361
1.95013
1.97585
2.00209
2.04882
2.07382
2.11576
2.1359
2.18799
2.22977
2.23951
2.26041
2.27152
2.28177
2.29204
2.30225
2.30317
2.30823
2.3125
2.30708
2.31786
2.31733
2.32378
2.32808
2.32401
2.32371
2.32316
2.31762
2.31864
2.30732
2.29721
2.29791
2.27804
2.27162
2.26154
2.25688
2.24181
2.23556
2.22018
2.21564
2.19472
2.18465
2.17453
2.16367
2.15245
2.14239
2.13808
2.12736
2.11797
2.11601
2.09618
2.09086
2.08636
2.07625
2.07058
2.06065
2.05971
2.04498
2.03982
2.02442
2.02363
2.00432
1.98762
1.97819
1.96246
1.95715
1.93154
1.90589
1.89535
1.86451
1.84384
1.82858
1.82267
1.79728
1.78696
1.76666
1.75585
1.72996
1.71967
1.69904
1.68911
1.65291
1.64223
1.62246
1.61142
1.58047
1.54893
1.53958
1.51901
1.51284
1.4772
1.45725
1.45052
1.4297
1.42614
1.4097
1.39418
1.37918
1.37357
1.35298
1.33252
1.31219
1.30595
1.29457
1.2922
1.27008
1.26533
1.24993
1.23947
1.23406
1.22414
1.21882
1.19691
1.17838
1.16716
1.15651
1.14598
1.1304
1.12612
1.10981
1.11032
1.10008
1.09504
1.08013
1.0694
1.06789
1.06252
1.0596
1.05795
1.05436
1.05238
1.05715
1.0639
1.07884
1.08856
1.1195
1.13965
1.1916
1.21692
1.24756
1.3095
1.34569
1.4128
1.45328
1.52572
1.56299
1.59816
1.67056
1.7069
1.77433
1.81019
1.84168
1.89856
1.92418
1.98136
2.00212
2.04798
2.06481
2.10602
2.16762
2.18804
2.20938
2.22513
2.23993
2.2462
2.25125
2.256
2.26127
2.26101
2.26561
2.26515
2.26811
2.26762
2.26098
2.26173
2.26118
2.26161
2.25616
2.25188
2.24703
2.24517
2.2314
2.22981
2.2194
2.21135
2.20044
2.18912
2.17901
2.17423
2.16387
2.15343
2.1483
2.13265
2.12762
2.1171
2.10743
2.10136
2.09698
2.08691
2.07632
2.07056
2.07069
2.06032
2.05984
2.0496
2.04496
2.03979
2.03926
2.03469
2.03379
2.03025
2.02502
2.02302
2.01303
2.00923
1.99885
1.99307
1.98801
1.97773
1.97278
1.95711
1.95206
1.93141
1.92624
1.90069
1.89021
1.86468
1.85885
1.84445
1.82412
1.81692
1.78283
1.76148
1.74578
1.7247
1.71504
1.67947
1.66753
1.64714
1.63771
1.61695
1.60606
1.58628
1.57531
1.56982
1.54922
1.53945
1.50806
1.47668
1.47222
1.45107
1.44615
1.41547
1.40469
1.39386
1.38047
1.36476
1.35726
1.3422
1.33332
1.31172
1.3067
1.29058
1.28123
1.26551
1.25965
1.24035
1.23371
1.21351
1.20854
1.20354
1.19354
1.18289
