1.36242
1.35292
1.34819
1.3422
1.32245
1.31724
1.30632
1.30184
1.29135
1.28059
1.27048
1.25448
1.24985
1.22953
1.22338
1.20776
1.20365
1.18798
1.18714
1.16789
1.16163
1.14604
1.1415
1.12561
1.12076
1.09957
1.09545
1.08497
1.07876
1.06843
1.06459
1.05767
1.05905
1.05836
1.06827
1.07838
1.0884
1.12966
1.14524
1.16996
1.22173
1.25261
1.31422
1.35079
1.41242
1.44871
1.55199
1.58359
1.67539
1.75916
1.7851
1.83717
1.86218
1.92491
1.96043
1.97202
1.98624
2.01272
2.02313
2.03889
2.0496
2.05989
2.0651
2.06526
2.07009
2.07027
2.07032
2.07045
2.07042
2.06592
2.05983
2.05469
2.05012
2.04452
2.04016
2.02835
2.02481
2.01409
2.00391
1.98886
1.98255
1.96181
1.95762
1.94654
1.93138
1.9213
1.90042
1.89053
1.87044
1.86351
1.85446
1.83854
1.83331
1.81253
1.81244
1.79678
1.79718
1.78679
1.78652
1.77611
1.77621
1.77592
1.77044
1.76653
1.7662
1.76546
1.76532
1.76126
1.7557
1.7552
1.75087
1.74586
1.74007
1.73517
1.73001
1.71963
1.71465
1.69389
1.68879
1.6732
1.66325
1.63631
1.63254
1.61164
1.60141
1.58125
1.56954
1.5545
1.54407
1.51326
1.50794
1.48723
1.47756
1.45716
1.45063
1.44174
1.42085
1.4098
1.38934
1.38404
1.35345
1.34777
1.32692
1.32245
1.30175
1.29089
1.27588
1.26998
1.24908
1.24043
1.23375
1.21835
1.20885
1.19346
1.18768
1.16694
1.16242
1.15187
1.14127
1.13138
1.12568
1.11541
1.11021
1.1055
1.09517
1.08961
1.07937
1.07931
1.069
1.05858
1.04819
1.04812
1.03807
1.03786
1.03246
1.03326
1.02756
1.0221
1.02247
1.01211
1.01188
1.00651
1.00256
0.995549
0.997216
0.985557
0.976032
0.970878
0.965773
0.96044
0.954766
0.950636
0.944621
0.934415
0.934575
0.929694
0.924707
0.923785
0.918653
0.91925
0.918716
0.919268
0.918847
0.929131
0.93392
0.954205
0.965238
1.04113
1.09731
1.12906
1.24683
1.2932
1.43209
1.52572
1.57225
1.6597
1.70181
1.7843
1.8252
1.86685
1.94338
1.9767
2.03872
2.0727
2.12976
2.15775
2.17705
2.22433
2.24465
2.27623
2.29609
2.31244
2.33347
2.34317
2.36399
2.37492
2.38552
2.39451
2.401
2.41098
2.41582
2.42139
2.42639
2.43682
2.43705
2.44752
2.44711
2.4519
2.45235
2.45257
2.45784
2.4575
2.4576
2.4577
2.45307
2.44831
2.44212
2.43219
2.41106
2.40683
2.3913
2.38543
2.36486
2.36012
2.33936
2.33408
2.3237
2.308
2.30337
2.28759
2.2776
2.26182
2.25629
2.24603
2.24114
2.23557
2.22552
2.22038
2.20991
2.20513
2.19991
2.19007
2.18393
2.17403
2.16862
2.15818
2.14307
2.13285
2.12226
2.112
2.10175
2.08653
2.08098
2.056
2.04466
2.02897
2.01952
1.99908
1.99262
1.96712
1.95736
1.94722
1.92128
1.91081
1.9008
1.88062
1.83895
1.82814
1.80269
1.79208
1.76132
1.75077
1.72497
1.71523
1.70402
1.67901
1.6631
1.63757
1.62677
1.59604
1.58597
1.57062
1.54444
1.52904
1.50347
1.49241
1.4362
1.41011
1.39487
1.36419
1.35779
1.31734
1.30184
1.27625
1.26567
1.2401
1.22875
1.19881
1.16727
1.1569
1.13142
1.12579
1.1099
1.10086
1.08965
1.07465
1.06894
1.04327
1.02274
1.01264
0.997157
0.99645
0.98094
0.976527
0.955965
0.934653
0.934889
0.924501
0.919114
0.908737
0.903053
0.899073
0.889059
0.887223
0.882659
0.88346
0.872077
0.872868
0.86772
0.867617
0.857254
0.857008
0.857059
0.85198
0.846951
0.842269
0.841142
0.841532
0.836634
0.831847
0.830474
0.831793
0.825974
0.82627
0.820863
0.820945
0.820894
0.820975
0.820881
0.831428
0.835583
0.867527
0.881421
0.912857
0.938191
0.984904
1.01493
1.07651
1.11832
1.15908
1.2058
1.24702
1.29783
1.39628
1.44835
1.5418
1.59209
1.72274
1.76296
1.8462
1.88235
1.94934
1.9809
2.04329
2.06865
2.09469
2.16168
2.19331
2.20919
2.22409
2.2447
2.25619
2.27216
2.27585
2.28653
2.29262
2.29776
2.30239
2.30851
2.30745
2.30768
2.31293
2.31287
2.31329
2.31728
2.31898
2.31918
2.3175
2.31851
2.31845
2.31337
2.30799
2.29806
2.29238
2.2726
2.26628
2.2624
2.25137
2.24649
2.23134
2.22493
2.20471
2.19972
2.17914
2.17412
2.16364
2.15384
2.14301
2.12773
2.12241
2.10686
2.10182
2.09168
2.08618
2.08131
2.07532
2.0658
2.05997
2.05033
2.0493
2.03961
2.03928
2.02923
2.02453
2.02345
2.01334
2.00453
1.99383
1.98783
1.97288
1.96733
1.95815
1.93751
1.93562
1.92197
1.90607
1.89531
1.87491
1.85907
1.84348
1.82919
1.80319
1.79698
1.75676
1.71982
1.70962
1.68394
1.67341
1.64755
1.63766
