1.55531
1.54394
1.50336
1.4776
1.45663
1.43607
1.40941
1.40038
1.37981
1.37355
1.35314
1.34756
1.32674
1.32261
1.3118
1.29666
1.29091
1.2744
1.27153
1.24406
1.24045
1.23
1.21867
1.20337
1.18767
1.18294
1.17235
1.16731
1.15695
1.15177
1.1414
1.13633
1.13596
1.12082
1.12044
1.11045
1.10533
1.09538
1.09393
1.09061
1.0795
1.07883
1.07328
1.06957
1.06447
1.05842
1.05373
1.04801
1.04798
1.04821
1.04805
1.05304
1.06343
1.07337
1.09365
1.1094
1.13984
1.16063
1.22746
1.25776
1.31982
1.35554
1.43246
1.4796
1.56736
1.60841
1.6544
1.74299
1.78878
1.90767
2.0171
2.04794
2.10497
2.13112
2.18265
2.20364
2.26046
2.27596
2.30177
2.31762
2.33823
2.34425
2.35969
2.36423
2.3699
2.3749
2.3751
2.38036
2.38011
2.3802
2.38018
2.38016
2.37542
2.37089
2.36905
2.36557
2.36018
2.35459
2.33893
2.32827
2.32439
2.29758
2.28791
2.27239
2.26203
2.23129
2.20486
2.20042
2.17986
2.17808
2.16251
2.15907
2.13728
2.12714
2.12766
2.11759
2.1163
2.11104
2.10743
2.10581
2.10646
2.10173
2.09592
2.09195
2.09148
2.08632
2.07526
2.07585
2.06549
2.0601
2.0498
2.04532
2.03459
2.02466
2.01896
1.99342
1.96697
1.95309
1.93746
1.9259
1.89017
1.86965
1.85942
1.82311
1.80802
1.78763
1.77623
1.75092
1.74052
1.70421
1.69422
1.66819
1.65795
1.63229
1.62203
1.58549
1.57574
1.54938
1.53931
1.5137
1.50769
1.48183
1.46068
1.44465
1.43266
1.40404
1.38866
1.37975
1.36834
1.35291
1.34807
1.3273
1.32187
1.30637
1.29684
1.28593
1.27083
1.26507
1.24468
1.22459
1.21851
1.20863
1.20299
1.19254
1.18823
1.1826
1.17734
1.15704
1.15578
1.14581
1.14158
1.13113
1.1305
1.12638
1.1163
1.11481
1.11021
1.11032
1.09997
1.09472
1.08487
1.07898
1.07345
1.06466
1.06283
1.05773
1.05416
1.04745
1.04393
1.04229
1.0484
1.05314
1.06269
1.0835
1.09411
1.14921
1.1712
1.22749
1.26258
1.42219
1.51975
1.56734
1.66544
1.71093
1.80972
1.85624
1.89769
1.98549
2.02681
2.10415
2.14101
2.21309
2.23986
2.30179
2.32683
2.35334
2.39469
2.41495
2.46734
2.49315
2.50846
2.5191
2.54469
2.55437
2.56156
2.56037
2.5654
2.57104
2.57126
2.57114
2.57164
2.57114
2.57123
2.57118
2.5668
2.562
2.56009
2.55484
2.55187
2.54519
2.53524
2.53002
2.5197
2.51025
2.48345
2.47418
2.45832
2.44821
2.42748
2.42155
2.41221
2.39149
2.38489
2.36418
2.35579
2.33955
2.33363
2.31823
2.30887
2.29242
2.28298
2.27267
2.27116
2.26154
2.25686
2.24073
2.24086
2.22593
2.21042
2.20444
2.19442
2.18937
2.17919
2.16918
2.14291
2.12781
2.11737
2.11207
2.09151
2.08132
2.06075
2.05522
2.03486
2.02482
2.00914
1.98861
1.9778
1.95187
1.94216
1.89038
1.86964
1.85443
1.82851
1.81826
1.78183
1.76702
1.7408
1.73051
1.6938
1.67302
1.65852
1.64715
1.62175
1.61118
1.58623
1.57483
1.55442
1.54452
1.53393
1.50798
1.498
1.46645
1.43584
1.42573
1.41001
1.3998
1.37906
1.37336
1.34816
1.34266
1.31781
1.30596
1.29066
1.28148
1.26618
1.2544
1.2503
1.2342
1.22911
1.21396
1.20827
1.19215
1.18827
1.17762
1.16689
1.1571
1.14666
1.13619
1.12093
1.11551
1.10521
1.09979
1.08993
1.07407
1.07462
1.05864
1.05377
1.04829
1.04274
1.0326
1.03265
1.02787
1.02224
1.02237
1.01243
1.01209
1.00122
0.997123
0.986501
0.986295
0.975567
0.97609
0.966068
0.965081
0.955093
0.955251
0.950429
0.949652
0.949703
0.954715
0.960391
0.965692
0.975083
1.00008
1.01694
1.04756
1.06666
1.0938
1.14988
1.18526
1.29863
1.39681
1.44308
1.54629
1.59252
1.64411
1.73716
1.78373
1.87707
1.9138
1.99625
2.03714
2.06902
2.13619
2.17133
2.22333
2.24982
2.29686
2.3167
2.36902
2.3842
2.41039
2.42109
2.44646
2.45285
2.46301
2.46743
2.47255
2.47346
2.47816
2.47793
2.48328
2.48317
2.48372
2.48368
2.48279
2.48269
2.48406
2.48313
2.48411
2.47839
2.47342
2.46367
2.46247
2.45825
2.44282
2.43714
2.41663
2.3956
2.38643
2.38006
2.35924
2.35043
2.32359
2.30321
2.29789
2.27725
2.27222
2.26173
2.24661
2.24095
2.22563
2.22511
2.21029
2.20936
2.20574
2.19506
2.18926
2.17866
2.1741
2.16323
2.15862
2.14836
2.14294
2.13219
2.1281
2.11671
2.10655
2.0972
2.08216
2.06992
2.05547
2.04514
2.01918
2.00909
1.98866
1.97743
1.95161
1.9424
1.91588
1.90635
1.89499
1.86389
1.85912
1.82782
1.81349
1.78779
1.77614
1.71959
1.69459
