1.74109
1.73473
1.70903
1.6996
1.68873
1.6677
1.65394
1.63216
1.62179
1.59573
1.58548
1.54988
1.54379
1.51794
1.50865
1.48824
1.47665
1.45608
1.45115
1.43637
1.41622
1.40913
1.37951
1.35291
1.34812
1.33186
1.32254
1.30652
1.29688
1.28651
1.27556
1.25527
1.24961
1.23407
1.23394
1.22405
1.21855
1.2032
1.1984
1.19247
1.18802
1.17757
1.17203
1.1554
1.14568
1.14217
1.13023
1.12659
1.1155
1.11511
1.10539
1.09962
1.09427
1.08498
1.08369
1.07931
1.07891
1.07899
1.08402
1.09487
1.09911
1.11937
1.1305
1.17536
1.19235
1.23337
1.25265
1.30454
1.33499
1.40693
1.44387
1.56691
1.6088
1.6967
1.73724
1.81511
1.85191
1.92897
1.95559
1.98553
2.0428
2.07389
2.11531
2.14116
2.17822
2.19335
2.2088
2.235
2.24496
2.26107
2.27115
2.27698
2.2822
2.28687
2.2924
2.29242
2.29782
2.2973
2.29182
2.29294
2.28749
2.28717
2.28167
2.28231
2.27216
2.2667
2.25118
2.2462
2.23589
2.22618
2.20415
2.17932
2.16914
2.14802
2.1433
2.11192
2.10712
2.09162
2.0813
2.07088
2.06526
2.05525
2.05459
2.04522
2.04395
2.03924
2.03918
2.03952
2.03938
2.03944
2.03973
2.0342
2.03429
2.03423
2.02962
2.02948
2.0194
2.01829
2.00364
1.99856
1.98377
1.98175
1.96652
1.95831
1.93539
1.90588
1.90024
1.87974
1.86978
1.82875
1.79707
1.76705
1.73496
1.72541
1.70465
1.66826
1.65756
1.63712
1.62706
1.596
1.56492
1.55431
1.53411
1.52321
1.49352
1.48655
1.46073
1.45715
1.43015
1.34826
1.33211
1.32715
1.31184
1.30668
1.29093
1.28621
1.27564
1.27063
1.24984
1.2448
1.23475
1.2334
1.21841
1.21408
1.2089
1.19868
1.19301
1.18758
1.1773
1.17182
1.17224
1.16192
1.16155
1.15131
1.14687
1.13631
1.13563
1.13017
1.1266
1.11996
1.12058
1.11494
1.11493
1.11549
1.11987
1.12532
1.12561
1.14094
1.1501
1.19698
1.24298
1.26874
1.29418
1.36642
1.41161
1.49972
1.54608
1.63894
1.68613
1.73689
1.83011
1.87211
1.96488
2.00566
2.08849
2.12493
2.16609
2.23354
2.26997
2.32706
2.35753
2.40931
2.4308
2.45114
2.50791
2.53454
2.54516
2.57106
2.58064
2.58707
2.60209
2.60712
2.61704
2.61818
2.62364
2.62715
2.63247
2.62882
2.63231
2.63241
2.63373
2.63345
2.63341
2.62797
2.628
2.62358
2.6188
2.61687
2.60267
2.59233
2.58181
2.57648
2.56074
2.55664
2.53063
2.52485
2.51548
2.49472
2.48373
2.46251
2.45375
2.4331
2.42646
2.40618
2.3961
2.39101
2.38075
2.37088
2.36462
2.34937
2.34429
2.33408
2.3287
2.31862
2.31356
2.29182
2.28141
2.27333
2.25058
2.24664
2.23161
2.22506
2.20973
2.2054
2.18954
2.17917
2.1741
2.16408
2.15826
2.14885
2.12798
2.11738
2.09735
2.08635
2.07633
2.06074
2.05522
2.04041
2.00424
1.99318
1.98357
1.96767
1.95754
1.92705
1.916
1.89025
1.88038
1.85425
1.83879
1.82834
1.798
1.78683
1.75597
1.74616
1.72029
1.70929
1.66904
1.65733
1.63125
1.61755
1.59159
1.58034
1.55461
1.54925
1.53455
1.51324
1.50278
1.46648
1.45689
1.43677
1.42457
1.40447
1.39486
1.36837
1.35347
1.34273
1.3378
1.3224
1.31197
1.2972
1.29013
1.26555
1.26012
1.24461
1.23919
1.22893
1.2243
1.20867
1.20776
1.20367
1.19318
1.18745
1.17247
1.16688
1.16232
1.15648
1.15204
1.14106
1.13668
1.12622
1.12017
1.10977
1.10545
1.09496
1.08943
1.07929
1.07888
1.06449
1.0629
1.05323
1.05337
1.04766
1.04885
1.04821
1.04805
1.05257
1.06787
1.07872
1.11461
1.15563
1.18027
1.20731
1.24159
1.27871
1.31936
1.40175
1.44794
1.54068
1.58324
1.63335
1.68131
1.72133
1.76405
1.85169
1.8922
1.96974
2.01132
2.0478
2.07901
2.11446
2.14605
2.23443
2.28039
2.30226
2.35893
2.37403
2.40501
2.41565
2.43666
2.44162
2.45744
2.4677
2.47278
2.47827
2.47856
2.48298
2.48333
2.48792
2.48915
2.48894
2.49322
2.48773
2.49421
2.48894
2.4883
2.48441
2.48398
2.47859
2.46826
2.46774
2.46365
2.45276
2.44251
2.42686
2.42208
2.40637
2.39637
2.36983
2.36062
2.33955
2.32855
2.31339
2.30358
2.27698
2.26713
2.25662
2.2517
2.23608
2.23071
2.21534
2.20988
2.20974
2.19465
2.17919
2.17403
2.16897
2.16811
2.164
2.14906
2.14689
2.13203
2.12816
2.11783
2.10688
2.10177
2.09183
2.08594
2.08153
2.06093
2.05456
2.03381
2.02529
2.01363
2.00463
1.99302
1.98392
1.96295
1.95201
1.92615
1.91143
1.88557
1.87492
1.8643
1.82398
1.79829
1.78627
1.77201
1.74612
1.73024
1.70516
