1.5542
1.5245
1.50877
1.49743
1.47737
1.47163
1.46208
1.44644
1.43583
1.42077
1.41461
1.39524
1.38378
1.36854
1.3635
1.34807
1.3428
1.31706
1.30663
1.29673
1.28659
1.27513
1.25526
1.25422
1.23914
1.23419
1.22954
1.22386
1.21324
1.20367
1.19764
1.18754
1.18262
1.17278
1.17148
1.16182
1.15712
1.15164
1.15121
1.14665
1.14059
1.13172
1.12995
1.12649
1.1199
1.12609
1.12087
1.12003
1.13065
1.13073
1.14656
1.15527
1.16677
1.1921
1.20723
1.24273
1.26408
1.28911
1.31542
1.34052
1.37654
1.40755
1.44865
1.48479
1.61299
1.70119
1.74305
1.78384
1.90291
1.97527
2.00695
2.09965
2.13094
2.17764
2.20281
2.23899
2.25582
2.29187
2.30216
2.31727
2.32828
2.33316
2.34346
2.35898
2.36472
2.37525
2.37977
2.38573
2.38502
2.39004
2.39021
2.39074
2.39041
2.38566
2.38504
2.38118
2.37606
2.37414
2.36375
2.35619
2.33858
2.32983
2.31445
2.30755
2.2774
2.25242
2.24564
2.22531
2.22051
2.20575
2.19923
2.18408
2.17936
2.16913
2.16255
2.15773
2.15845
2.15799
2.15777
2.15841
2.15328
2.1528
2.1535
2.15259
2.14722
2.14837
2.13824
2.13256
2.12807
2.12203
2.11755
2.11192
2.10667
2.1016
2.08623
2.0812
2.05553
2.04994
2.04039
2.03416
2.0202
2.00455
1.99263
1.97299
1.96238
1.95241
1.9417
1.93183
1.91613
1.90028
1.89058
1.86936
1.85501
1.84317
1.82232
1.80857
1.78751
1.7759
1.7553
1.74626
1.72023
1.71415
1.69998
1.66755
1.6472
1.6376
1.62673
1.6062
1.59564
1.57481
1.56498
1.54418
1.5342
1.51899
1.50782
1.49857
1.48304
1.4716
1.45668
1.45058
1.43689
1.42968
1.42131
1.41422
1.39348
1.39005
1.3626
1.35412
1.33852
1.33147
1.31142
1.30689
1.28562
1.27634
1.26572
1.25509
1.24979
1.24
1.23397
1.22919
1.21343
1.20882
1.20367
1.19757
1.1981
1.20252
1.20819
1.22311
1.23339
1.26426
1.28367
1.31055
1.40183
1.48007
1.52028
1.64531
1.6854
1.76247
1.80547
1.88819
1.92317
1.99543
2.03289
2.06803
2.13595
2.16617
2.22342
2.25465
2.30069
2.32281
2.34247
2.36377
2.38446
2.39972
2.43081
2.44146
2.46754
2.47755
2.48811
2.50835
2.51482
2.52571
2.53374
2.53927
2.54547
2.54978
2.55581
2.5601
2.55996
2.56645
2.57198
2.57061
2.57086
2.57148
2.57102
2.57112
2.56647
2.55591
2.5405
2.53557
2.51549
2.50877
2.47941
2.46849
2.44793
2.43756
2.4112
2.40185
2.37522
2.36073
0
2.34981
2.32421
2.31314
2.30369
2.29276
2.28284
2.26184
2.25174
2.23104
2.22019
2.20507
2.19984
2.18472
2.17892
2.16379
2.15898
2.15301
2.13732
2.13292
2.11678
2.10766
2.1012
2.09228
2.08072
2.07635
2.04952
2.03374
2.02527
2.00417
1.99337
1.9832
1.96693
1.95315
1.93258
1.92083
1.90001
1.89074
1.87961
1.865
1.85373
1.84455
1.81872
1.80711
1.77758
1.76079
1.73552
1.7249
1.70451
1.69404
1.66808
1.65844
1.64238
1.62219
1.61118
1.58528
1.57556
1.55484
1.54422
1.53414
1.52361
1.51345
1.50334
1.48251
1.47159
1.45117
1.44611
1.42545
1.41542
1.40962
1.38492
1.37367
1.36353
1.35334
1.33834
1.33195
1.3122
1.29629
1.28639
1.27152
1.26455
1.25562
1.24512
1.23876
1.22327
1.21464
1.19931
1.18704
1.18301
1.16721
1.1622
1.14703
1.14108
1.13173
1.11019
1.09505
1.08981
1.07957
1.07384
1.06917
1.05851
1.05837
1.05834
1.05853
1.06869
1.07807
1.10338
1.12512
1.144
1.16648
1.19507
1.22782
1.29427
1.3344
1.4172
1.45912
1.4998
1.58245
1.62427
1.74215
1.81969
1.85744
1.89208
1.95974
1.99112
2.04789
2.0787
2.13055
2.15723
2.17782
2.19862
2.21908
2.2347
2.26577
2.28134
2.30766
2.31744
2.33863
2.34342
2.35394
2.36449
2.36958
2.38032
2.38949
2.39081
2.39588
2.4005
2.40605
2.41074
2.41155
2.4108
2.41089
2.41139
2.40685
2.40537
2.40088
2.39582
2.38093
2.37511
2.35949
2.35513
2.33443
2.32869
2.30327
2.2979
2.28805
2.26195
2.25168
2.23061
2.22145
2.20104
2.18895
2.18486
2.16434
2.1578
2.13306
2.12736
2.12228
2.11252
2.1066
2.09628
2.09134
2.07609
2.0703
2.0646
2.06091
2.05493
2.05045
2.04473
2.04446
2.02887
2.02485
2.01433
2.00824
2.00411
1.99787
1.98856
1.98236
1.96717
1.95787
1.94274
1.93097
1.92163
1.91068
1.90559
1.89076
1.8635
1.85489
1.84325
1.82898
1.81757
1.7972
1.78222
1.75657
1.74529
1.71987
1.71004
1.69397
1.67335
1.6587
1.63318
1.62059
1.59109
1.58024
1.55442
1.54466
1.52883
1.50775
1.49349
1.46765
