1.15625
1.15227
1.1453
1.14006
1.13727
1.1297
1.13144
1.12531
1.12622
1.12063
1.12016
1.11613
1.11573
1.11485
1.10979
1.11033
1.10497
1.10476
1.09991
1.09963
1.09979
1.09456
1.09456
1.08984
1.08418
1.07969
1.07865
1.07882
1.07928
1.07352
1.0742
1.07373
1.07384
1.07396
1.0739
1.07357
1.07903
1.08392
1.08894
1.0989
1.10971
1.13576
1.1497
1.16633
1.20199
1.2272
1.26856
1.29475
1.35616
1.38711
1.42256
1.49962
1.54174
1.66527
1.70669
1.78922
1.82622
1.89348
1.92862
1.99087
2.01749
2.04284
2.0898
2.1106
2.1475
2.16667
2.19255
2.20496
2.22539
2.23454
2.24085
2.25136
2.25087
2.2563
2.25625
2.26111
2.26161
2.25645
2.25146
2.2509
2.24549
2.24138
2.24041
2.23653
2.23495
2.23023
2.22573
2.21035
2.20488
2.19488
2.18414
2.17388
2.1642
2.13736
2.11756
2.10706
2.08637
2.08111
2.06512
2.05601
2.04963
2.03411
2.02959
2.01423
2.00821
2.0025
1.99909
1.98867
1.98702
1.98885
1.98303
1.98233
1.97707
1.97273
1.97236
1.97225
1.97227
1.97232
1.96687
1.96734
1.95693
1.95676
1.95235
1.9414
1.94134
1.93091
1.92171
1.91145
1.9047
1.89577
1.88976
1.88514
1.8748
1.85942
1.84886
1.83366
1.82303
1.80251
1.79699
1.78735
1.76697
1.7604
1.74002
1.73065
1.71012
1.70412
1.69422
1.67333
1.66327
1.65294
1.63176
1.62216
1.60678
1.59558
1.57505
1.56516
1.54976
1.53416
1.5189
1.51271
1.50363
1.4885
1.47646
1.46117
1.4563
1.43528
1.43055
1.42023
1.40537
1.39389
1.38382
1.3792
1.36428
1.35236
1.34818
1.3374
1.33223
1.30638
1.29577
1.29123
1.27545
1.27519
1.26001
1.25481
1.24417
1.23997
1.22976
1.22363
1.21793
1.21408
1.20318
1.20292
1.19854
1.19367
1.19242
1.18241
1.1822
1.17702
1.17257
1.17192
1.16201
1.15699
1.15131
1.15139
1.14656
1.14105
1.14108
1.13632
1.13021
1.13034
1.12621
1.12604
1.12515
1.12588
1.12529
1.13022
1.13552
1.14579
1.16072
1.18112
1.20223
1.23786
1.26364
1.28887
1.36097
1.39745
1.51997
1.60819
1.69582
1.77856
1.82052
1.93862
1.97529
2.04798
2.08381
2.1459
2.17718
2.23433
2.25959
2.32252
2.34264
2.37839
2.3953
2.4158
2.43092
2.44606
2.45273
2.45666
2.46272
2.46731
2.47268
2.46904
2.46707
2.46865
2.46261
2.45798
2.45237
2.44729
2.44301
2.438
2.43162
2.42762
2.4169
2.41127
2.39564
2.39135
2.3849
2.36998
2.36042
2.34533
2.3337
2.31814
2.30411
2.28334
2.27139
2.26317
2.23714
2.22517
2.21024
2.20016
2.16425
2.14845
2.14295
2.12741
2.12216
2.10629
2.10183
2.0967
2.09181
2.08092
2.07606
2.07101
2.06998
2.06523
2.06069
2.05548
2.04965
2.03476
2.02382
2.01951
2.00278
1.99877
1.97797
1.97269
1.95784
1.95114
1.93087
1.92663
1.89545
1.86936
1.85904
1.84331
1.83392
1.80241
1.77632
1.76671
1.74591
1.7401
1.71962
1.70979
1.68369
1.67827
1.65716
1.64822
1.62109
1.61188
1.59087
1.58046
1.56529
1.55435
1.53911
1.53378
1.51804
1.50854
1.49725
1.48194
1.47721
1.46197
1.45606
1.44113
1.43515
1.42613
1.41543
1.40971
1.38924
1.38416
1.37384
1.36857
1.35808
1.35295
1.3424
1.33756
1.33255
1.32219
1.31653
1.31172
1.30636
1.29569
1.28643
1.28126
1.27497
1.27107
1.26051
1.25481
1.24993
1.24461
1.23397
1.22907
1.22871
1.21807
1.21393
1.20384
1.19747
1.19818
1.19309
1.18755
1.183
1.17185
1.16181
1.15714
1.15165
1.14633
1.1415
1.14063
1.14141
1.14576
1.14614
1.16117
1.17141
1.20177
1.21769
1.23765
1.29413
1.32517
1.43264
1.47446
1.55241
1.59262
1.67552
1.71702
1.79423
1.83587
1.87688
1.94957
1.98602
2.05351
2.08861
2.17734
2.25471
2.27608
2.3124
2.33219
2.36885
2.37944
2.41625
2.43044
2.44562
2.45348
2.46735
2.4732
2.47307
2.47758
2.47885
2.48431
2.48767
2.48814
2.48891
2.49446
2.48844
2.48905
2.4893
2.4934
2.4885
2.48861
2.48851
2.48881
2.4786
2.47344
2.46765
2.45274
2.45269
2.44825
2.43195
2.42684
2.40579
2.39641
2.38057
2.3707
2.35984
2.33914
2.32943
2.31419
2.30282
2.28257
2.27243
2.26136
2.25214
2.24555
2.23062
2.22542
2.21058
2.20473
2.19495
2.18899
2.17406
2.16891
2.15835
2.15801
2.13822
2.12122
2.11786
2.10272
2.0959
2.08054
2.07633
2.0658
2.05082
2.03958
2.02401
2.01459
1.99435
1.98745
1.96688
1.96327
1.95135
1.9262
1.92102
1.89487
1.88603
1.86509
1.85361
1.8446
1.82375
1.81229
1.79177
1.78216
1.74551
1.73561
1.71463
1.70439
