1.42534
1.41553
1.40507
1.39453
1.37961
1.37291
1.35232
1.34862
1.33742
1.32717
1.32231
1.30171
1.29615
1.28031
1.27583
1.26053
1.24948
1.24497
1.2394
1.22916
1.21342
1.20847
1.19856
1.18796
1.18277
1.1724
1.16232
1.15177
1.14669
1.13608
1.12595
1.12533
1.11027
1.1103
1.09547
1.09432
1.07967
1.0787
1.07328
1.07434
1.07406
1.07865
1.08868
1.10925
1.12451
1.16011
1.17657
1.22239
1.25298
1.31004
1.33988
1.3771
1.44833
1.48018
1.5571
1.59368
1.66055
1.69144
1.78973
1.82056
1.87753
1.90904
1.95521
1.98156
2.00191
2.03872
2.05854
2.1057
2.14149
2.1528
2.17289
2.17871
2.19431
2.19431
2.20548
2.20842
2.21568
2.22059
2.22433
2.22515
2.23014
2.23498
2.23579
2.2403
2.24114
2.24104
2.24057
2.24072
2.23594
2.23537
2.23059
2.21992
2.22036
2.20507
2.18428
2.17885
2.16376
2.15853
2.14307
2.13762
2.11679
2.10768
2.09183
2.08556
2.06567
2.05492
2.05042
2.04016
2.03893
2.0247
2.00921
2.00821
2.0026
1.99932
1.9935
1.98776
1.97716
1.9732
1.96277
1.95702
1.94691
1.94165
1.93179
1.92561
1.92151
1.91083
1.90071
1.89053
1.87979
1.86914
1.85927
1.84858
1.82791
1.80777
1.80205
1.77704
1.76612
1.74567
1.73531
1.71945
1.70998
1.68953
1.67815
1.67338
1.65261
1.64263
1.62173
1.61139
1.5902
1.58097
1.56012
1.5493
1.54423
1.52362
1.51345
1.48235
1.47175
1.45138
1.44099
1.42565
1.41524
1.39517
1.38872
1.37969
1.36445
1.35276
1.33735
1.33228
1.31162
1.3069
1.28561
1.27631
1.26052
1.25479
1.24001
1.2389
1.22344
1.21937
1.21298
1.19334
1.18818
1.17729
1.17266
1.16226
1.15642
1.14133
1.13639
1.12569
1.1206
1.11055
1.10016
1.09497
1.08489
1.07935
1.06938
1.06353
1.05359
1.04846
1.0479
1.03769
1.03294
1.02279
1.0171
1.01751
1.01156
1.01231
1.01787
1.02591
1.04704
1.06264
1.0829
1.10396
1.12406
1.15507
1.21702
1.25271
1.3195
1.36069
1.44294
1.48498
1.52559
1.60827
1.65007
1.72817
1.76789
1.84047
1.87279
1.96578
1.99646
2.04898
2.06889
2.13606
2.15722
2.18813
2.2037
2.22972
2.23501
2.26621
2.28152
2.28734
2.28711
2.29728
2.30229
2.30708
2.30846
2.31395
2.31687
2.31471
2.3189
2.31783
2.32345
2.32343
2.32333
2.31889
2.3177
2.31296
2.3131
2.30275
2.29304
2.28705
2.27691
2.27216
2.25648
2.24684
2.23151
2.22036
2.21058
2.19463
2.18518
2.15793
2.14904
2.128
2.11729
2.09624
2.08032
2.07658
2.05538
2.05042
2.03476
2.0244
2.01911
2.00785
2.00441
1.99336
1.9927
1.97289
1.96278
1.96187
1.93756
1.93065
1.91033
1.87427
1.85367
1.84421
1.82309
1.81287
1.7976
1.78235
1.77108
1.75026
1.73615
1.71477
1.70442
1.67937
1.66756
1.63299
1.62061
1.59541
1.58617
1.55992
1.54955
1.52363
1.51376
1.50317
1.46583
1.43163
1.4197
1.39894
1.39014
1.36899
1.35831
1.33223
1.30165
1.28655
1.26636
1.25901
1.23546
1.20758
1.2037
1.18826
1.18252
1.16712
1.16217
1.1414
1.13092
1.12576
1.11013
1.11002
1.08995
1.08898
1.07928
1.0745
1.06404
1.05877
1.04872
1.0481
1.04321
1.03282
1.03248
1.02204
1.01796
1.01657
1.00617
1.00731
0.997161
0.996003
0.991956
0.985956
0.985917
0.990927
0.996405
1.00655
1.01628
1.06288
1.08271
1.13479
1.16411
1.23665
1.27825
1.36084
1.4019
1.5307
1.57276
1.65032
1.69079
1.80528
1.84083
1.93429
1.99123
2.01285
2.07906
2.10065
2.13191
2.14647
2.16753
2.1785
2.19387
2.20437
2.21474
2.21475
2.21953
2.21976
2.22039
2.22019
2.22012
2.22017
2.21527
2.21468
2.20995
2.20964
2.19494
2.18506
2.18316
2.17981
2.16349
2.15346
2.13824
2.12768
2.11746
2.09644
2.08713
2.06617
2.05528
2.02997
2.01902
2.00372
1.99336
1.98324
1.96243
1.95232
1.93708
1.93095
1.91526
1.91091
1.90057
1.89012
1.8894
1.87839
1.8753
1.86923
1.86405
1.85926
1.85424
1.85296
1.84235
1.83907
1.83383
1.83256
1.81804
1.81205
1.7969
1.79225
1.77701
1.77095
1.75557
1.7509
1.745
1.7247
1.7198
1.68942
1.68301
1.66259
1.65319
1.63231
1.62209
1.60185
1.58981
1.5604
1.54421
1.52362
1.51832
1.49233
1.48268
1.45141
1.44547
1.42005
1.41043
1.38395
1.35397
1.34729
1.33851
1.31658
1.28657
1.27548
1.25977
1.25014
1.22947
1.22392
1.19815
1.17822
1.17158
1.1571
1.1516
1.13165
1.12995
1.11496
1.11065
1.09509
1.08926
1.07393
1.06368
1.05906
1.04849
1.04336
1.03273
1.02767
1.01247
1.01201
1.0019
0.99659
