1.8639
1.85365
1.84903
1.83852
1.83323
1.82328
1.81755
1.813
1.80686
1.78709
1.7815
1.76615
1.76104
1.74519
1.73621
1.72548
1.71441
1.70948
1.69404
1.68334
1.66827
1.66239
1.65365
1.63696
1.62684
1.61644
1.60614
1.59054
1.58065
1.56529
1.55896
1.53957
1.52813
1.51313
1.50806
1.4922
1.48246
1.46165
1.45632
1.44092
1.43535
1.4099
1.3942
1.39391
1.37835
1.37421
1.358
1.35821
1.34213
1.33815
1.33289
1.32666
1.31728
1.30082
1.30139
1.29107
1.28569
1.27521
1.2652
1.26479
1.25939
1.25533
1.24949
1.24458
1.23416
1.23389
1.22925
1.22358
1.21895
1.21366
1.2081
1.2034
1.19798
1.19783
1.19287
1.18754
1.18742
1.19312
1.19679
1.21795
1.24837
1.25967
1.31415
1.36083
1.38819
1.48448
1.52153
1.60371
1.64937
1.7326
1.77317
1.89791
1.93878
2.01157
2.04305
2.10547
2.13519
2.18774
2.21327
2.23485
2.27599
2.29177
2.32271
2.33766
2.36441
2.36973
2.37995
2.38034
2.38576
2.38498
2.38501
2.38118
2.37975
2.37536
2.37031
2.3653
2.35938
2.34482
2.32843
2.32424
2.30921
2.30251
2.2777
2.24661
2.23568
2.20565
2.17415
2.15909
2.13872
2.12697
2.10646
2.10206
2.08119
2.07561
2.05538
2.04488
2.03997
2.03447
2.02859
2.02461
2.02376
2.02402
2.02402
2.02376
2.01927
2.01398
2.01371
2.00877
2.00261
1.9891
1.98669
1.97652
1.96889
1.95796
1.95114
1.93586
1.92662
1.90556
1.89566
1.87578
1.86854
1.84441
1.81275
1.8021
1.77185
1.76092
1.74036
1.7304
1.70977
1.69906
1.6784
1.66802
1.64677
1.63797
1.6065
1.5959
1.57512
1.56504
1.54984
1.53906
1.51305
1.50334
1.48254
1.47683
1.46179
1.45579
1.42012
1.41033
1.39924
1.38382
1.37435
1.36386
1.35759
1.34249
1.33751
1.32691
1.32244
1.30645
1.30173
1.29168
1.28518
1.27507
1.2755
1.26533
1.26019
1.25466
1.2503
1.24391
1.22935
1.22354
1.21359
1.2087
1.19835
1.19293
1.18742
1.18311
1.1724
1.16722
1.16216
1.16135
1.16188
1.1722
1.17665
1.18207
1.20745
1.21795
1.25888
1.279
1.30463
1.37698
1.54124
1.62432
1.66952
1.71748
1.80471
1.84606
1.97921
2.09979
2.20262
2.29556
2.32701
2.37332
2.39451
2.43628
2.45653
2.49329
2.50832
2.52425
2.52997
2.55018
2.56119
2.55582
2.55583
2.55563
2.55035
2.54543
2.541
2.53516
2.53025
2.52482
2.51489
2.50966
2.50448
2.48956
2.4883
2.46758
2.46374
2.44287
2.43225
2.40127
2.39079
2.35547
2.31872
2.30902
2.28372
2.27145
2.25079
2.24208
2.22082
2.21033
2.18966
2.18436
2.17437
2.15904
2.15269
2.13759
2.13266
2.12232
2.11695
2.11233
2.10175
2.09635
2.08616
2.08115
2.06521
2.06033
2.0451
2.03979
2.02395
2.01952
2.00367
1.99819
1.97741
1.97304
1.94179
1.92114
1.91102
1.90539
1.87921
1.86966
1.84888
1.83833
1.80297
1.7922
1.77151
1.76125
1.73531
1.72018
1.69929
1.68899
1.64272
1.61698
1.60609
1.56997
1.55999
1.53961
1.52853
1.50262
1.49348
1.46122
1.43086
1.41992
1.39968
1.39405
1.37321
1.36908
1.34336
1.33724
1.32133
1.31273
1.28102
1.26578
1.25997
1.24487
1.2394
1.22398
1.2136
1.20854
1.20308
1.19284
1.18804
1.17249
1.16138
1.15715
1.14686
1.14567
1.13549
1.13132
1.11528
1.11565
1.1004
1.09916
1.09392
1.09026
1.0843
1.07857
1.07502
1.06977
1.06793
1.06431
1.05779
1.0638
1.06786
1.08408
1.09374
1.12002
1.14406
1.19043
1.21746
1.24672
1.32458
1.36577
1.49536
1.62834
1.67602
1.75837
1.80434
1.88706
1.9338
2.01135
2.04796
2.08879
2.15591
2.18736
2.24438
2.27508
2.34361
2.39952
2.41594
2.4463
2.4574
2.47306
2.48242
2.50406
2.50411
2.51412
2.51466
2.51422
2.51437
2.50953
2.50353
2.50488
2.49882
2.49945
2.48901
2.48382
2.47303
2.47335
2.45263
2.4321
2.42222
2.40597
2.39676
2.36505
2.31938
2.29844
2.28764
2.26275
2.25106
2.23017
2.22625
2.21066
2.20441
2.1892
2.18455
2.17358
2.16894
2.16813
2.15753
2.15874
2.14863
2.14729
2.1384
2.13238
2.12746
2.12209
2.10675
2.10153
2.09171
2.08613
2.07062
2.06579
2.05054
2.04467
2.02444
2.01431
2.00856
1.98792
1.97843
1.95747
1.94714
1.92662
1.91139
1.87499
1.8643
1.83345
1.82316
1.80239
1.7874
1.77153
1.75056
1.73635
1.71046
1.6937
1.65797
1.64761
1.62199
1.61179
1.59153
1.46175
1.44103
1.42029
1.39956
1.38932
1.3736
1.36391
1.34829
1.33808
1.31744
1.30666
1.29177
1.28555
1.26992
1.26094
1.25042
1.2399
1.23404
1.22429
1.21835
1.20819
