1.26508
1.25999
1.25003
1.24455
1.23382
1.23417
1.22895
1.22395
1.21889
1.21341
1.20814
1.20327
1.19316
1.18791
1.18717
1.17698
1.17777
1.1611
1.15657
1.15682
1.16131
1.16617
1.17699
1.19196
1.21191
1.24308
1.26379
1.31559
1.34528
1.37227
1.43878
1.46967
1.54153
1.57777
1.64977
1.68635
1.72218
1.79429
1.83091
1.89274
1.92934
1.99138
2.02199
2.04889
2.1256
2.19322
2.20888
2.24564
2.26026
2.30198
2.31728
2.32826
2.34383
2.34868
2.35929
2.36385
2.37015
2.37975
2.39023
2.3907
2.39582
2.39566
2.39992
2.40665
2.40554
2.40579
2.41099
2.40555
2.40157
2.40066
2.39058
2.38562
2.3751
2.37005
2.35433
2.34465
2.32359
2.29801
2.29237
2.27754
2.26723
2.24577
2.2413
2.22557
2.22063
2.20485
2.18947
2.18936
2.17923
2.16919
2.16797
2.1537
2.14243
2.14292
2.13291
2.13198
2.12232
2.11691
2.10659
2.10167
2.09084
2.08676
2.07118
2.06533
2.05014
2.04501
2.02956
2.0195
2.01369
1.99807
1.98842
1.97212
1.96316
1.94226
1.93133
1.92144
1.9002
1.89061
1.85866
1.84948
1.83823
1.82418
1.81205
1.79174
1.78218
1.74531
1.73573
1.71499
1.70417
1.69914
1.68452
1.67243
1.65679
1.64354
1.62789
1.61606
1.607
1.59559
1.58586
1.57973
1.55906
1.55451
1.53338
1.52379
1.51814
1.49248
1.47728
1.4717
1.45073
1.44115
1.43102
1.41986
1.40973
1.40491
1.39441
1.38403
1.37902
1.36825
1.36336
1.35349
1.35216
1.33832
1.33642
1.32648
1.32239
1.3177
1.31085
1.29647
1.29108
1.28614
1.28035
1.27526
1.27044
1.26495
1.26012
1.25951
1.24963
1.24942
1.23958
1.23884
1.23407
1.23386
1.21927
1.21791
1.20824
1.20369
1.19861
1.19272
1.18241
1.17746
1.1725
1.16174
1.15134
1.14655
1.13615
1.13082
1.12107
1.11501
1.11545
1.11024
1.11024
1.1099
1.11465
1.12995
1.14057
1.16571
1.1863
1.22759
1.25768
1.2844
1.35124
1.38134
1.45381
1.49483
1.53154
1.60374
1.63954
1.71693
1.75382
1.82587
1.86148
1.92906
1.96524
1.99646
2.02726
2.0539
2.0787
2.12569
2.15142
2.18768
2.20881
2.22472
2.25042
2.26574
2.28643
2.2972
2.31285
2.31762
2.32395
2.32908
2.33262
2.33755
2.34478
2.3442
2.34881
2.34942
2.34923
2.35411
2.3539
2.35468
2.35917
2.35494
2.35393
2.35472
2.35406
2.34879
2.34503
2.33928
2.32928
2.31886
2.30848
2.30252
2.28746
2.28232
2.25219
2.24057
2.22571
2.21522
2.19954
2.19494
2.16926
2.16302
2.15293
2.14825
2.13784
2.13243
2.12182
2.12223
2.11234
2.11117
2.10167
2.1015
2.09568
2.08624
2.08604
2.07147
2.06536
2.06032
2.05501
2.04401
2.04056
2.03039
2.02333
2.01321
2.00452
1.99401
1.98291
1.97789
1.95759
1.95179
1.93107
1.92643
1.91612
1.8958
1.88443
1.87494
1.86433
1.85419
1.83342
1.82365
1.79664
1.7831
1.76192
1.74546
1.72538
1.7194
1.71029
1.67814
1.65739
1.65247
1.63139
1.6224
1.60145
1.591
1.58029
1.56505
1.55948
1.539
1.5338
1.51759
1.50852
1.50216
1.48716
1.48231
1.46173
1.45622
1.44558
1.44087
1.4302
1.42529
1.41987
1.41009
1.39946
1.38947
1.38361
1.37927
1.36924
1.36747
1.35789
1.35347
1.34346
1.34201
1.33826
1.33212
1.32724
1.31724
1.31126
1.29655
1.2906
1.28135
1.27486
1.27046
1.26546
1.2601
1.25014
1.23966
1.2339
1.22385
1.21902
1.21356
1.20833
1.20313
1.20294
1.20309
1.20818
1.23373
1.24293
1.26939
1.28934
1.37693
1.42854
1.45451
1.51195
1.54124
1.60343
1.63539
1.66557
1.72265
1.74888
1.80586
1.83101
1.88824
1.90899
1.95574
1.97583
1.99727
2.0329
2.04914
2.07561
2.0896
2.11057
2.12192
2.13138
2.14835
2.15799
2.16277
2.16867
2.17326
2.17392
2.17955
2.17826
2.17851
2.18393
2.17855
2.17903
2.17878
2.17395
2.17369
2.17378
2.16894
2.16325
2.15862
2.1533
2.14756
2.14807
2.13761
2.12812
2.10659
2.10207
2.08632
2.08118
2.06564
2.06535
2.04479
2.03953
2.02901
2.02441
2.01406
2.00871
2.00364
2.0031
1.99776
1.99842
1.99283
1.99307
1.99305
1.99284
1.9879
1.98781
1.98768
1.98227
1.97747
1.97294
1.96819
1.96148
1.95221
1.94115
1.93663
1.92625
1.91624
1.91491
1.89989
1.89526
1.87962
1.8744
1.84907
1.84346
1.82843
1.82268
1.80704
1.80226
1.76639
1.75121
1.74061
1.72492
1.7197
1.69473
1.68285
1.66804
1.65801
1.64265
1.63644
1.6165
1.60637
1.6008
1.58006
1.57525
1.55963
1.54935
1.53432
1.52333
1.50358
1.49704
1.47214
1.4559
1.45162
1.44093
1.42559
1.42016
1.40541
