1.33716
1.33283
1.32233
1.31687
1.30203
1.29595
1.28625
1.28513
1.27506
1.2706
1.26025
1.25495
1.24998
1.24002
1.23843
1.22838
1.22438
1.21819
1.20776
1.20395
1.19322
1.1879
1.1777
1.17185
1.1563
1.15185
1.14677
1.14094
1.13084
1.13062
1.13063
1.13075
1.14089
1.15049
1.18752
1.24789
1.27409
1.33033
1.36133
1.39224
1.45937
1.52616
1.55738
1.59378
1.66104
1.70128
1.76349
1.79541
1.88267
1.91416
1.96569
1.99124
2.03269
2.05852
2.09481
2.11628
2.13107
2.15723
2.173
2.19359
2.2042
2.22998
2.25036
2.25653
2.26663
2.26653
2.27189
2.27169
2.27755
2.27639
2.28153
2.28248
2.28717
2.28245
2.28195
2.28263
2.28795
2.28708
2.28224
2.28195
2.2772
2.27667
2.26662
2.26656
2.25631
2.25181
2.24083
2.23592
2.22579
2.22011
2.20542
2.19963
2.18435
2.17394
2.16905
2.16325
2.15853
2.14819
2.14762
2.14352
2.1374
2.13317
2.12798
2.1266
2.11649
2.11725
2.11169
2.10691
2.1013
2.09133
2.09076
2.07962
2.07681
2.06611
2.06005
2.04983
2.04489
2.03458
2.02467
2.02339
2.00804
2.00391
1.98869
1.98262
1.9674
1.95762
1.95173
1.93123
1.92634
1.9101
1.90124
1.88561
1.87449
1.86909
1.84863
1.84372
1.82783
1.81842
1.80732
1.79223
1.78629
1.76115
1.73575
1.70944
1.68813
1.68364
1.66292
1.66264
1.63798
1.61619
1.61153
1.59687
1.58985
1.56945
1.56524
1.55549
1.54368
1.53356
1.52401
1.51912
1.5078
1.50298
1.49261
1.48699
1.47227
1.47091
1.46123
1.4563
1.44086
1.44026
1.42522
1.42489
1.41502
1.41002
1.39965
1.39927
1.38392
1.37396
1.36811
1.36256
1.35856
1.34807
1.34721
1.33747
1.33259
1.32759
1.32151
1.31748
1.307
1.30124
1.29101
1.28614
1.28064
1.27586
1.26544
1.25496
1.24955
1.24418
1.23998
1.23363
1.2236
1.21927
1.21414
1.21266
1.20271
1.20805
1.20821
1.2125
1.22328
1.24341
1.25871
1.29496
1.32015
1.37151
1.39789
1.49012
1.52635
1.58826
1.62446
1.69125
1.72312
1.82042
1.85205
1.87776
1.93494
1.99149
2.01222
2.03849
2.07969
2.1001
2.14153
2.15769
2.19885
2.20884
2.2299
2.2406
2.256
2.26576
2.27632
2.28223
2.28667
2.2917
2.29302
2.29814
2.30204
2.30242
2.30781
2.30801
2.30757
2.30334
2.30827
2.30766
2.30275
2.30274
2.30271
2.30276
2.29794
2.2973
2.29175
2.28763
2.28255
2.2769
2.27204
2.26212
2.26097
2.24588
2.24596
2.23072
2.22586
2.21994
2.20976
2.20493
2.18973
2.18422
2.17882
2.16909
2.16396
2.15759
2.15296
2.14776
2.14798
2.14715
2.13902
2.13264
2.13216
2.12677
2.12275
2.11777
2.11161
2.11185
2.10658
2.1016
2.09574
2.09178
2.08095
2.08061
2.07596
2.06013
2.05561
2.04607
2.03895
2.03535
2.01988
2.01302
1.99781
1.99878
1.97815
1.97245
1.95653
1.94772
1.93663
1.92145
1.91525
1.89501
1.89023
1.86419
1.8484
1.83912
1.82794
1.81239
1.80236
1.7772
1.76157
1.75061
1.74032
1.72469
1.71976
1.69864
1.68362
1.67346
1.66797
1.65774
1.64259
1.6368
1.6208
1.61223
1.59034
1.58575
1.57015
1.56467
1.55432
1.54472
1.53426
1.52832
1.52381
1.51339
1.50787
1.49675
1.48803
1.48617
1.48276
1.47622
1.46619
1.46194
1.4563
1.45091
1.44593
1.44096
1.43531
1.43049
1.4246
1.42053
1.41021
1.4045
1.39957
1.39441
1.38935
1.37929
1.37355
1.36373
1.35804
1.34266
1.33778
1.32787
1.32613
1.31115
1.30677
1.30147
1.29139
1.28592
1.27494
1.26992
1.26988
1.26999
1.27501
1.29955
1.31639
1.34654
1.367
1.41299
1.43455
1.51156
1.53672
1.58843
1.61957
1.69693
1.72303
1.77424
1.80104
1.8482
1.86704
1.91353
1.93071
1.94981
1.96681
1.98149
1.99763
2.02342
2.03812
2.05372
2.06514
2.08091
2.085
2.0914
2.10173
2.10562
2.1063
2.11116
2.11134
2.11199
2.11147
2.1118
2.10731
2.10591
2.10709
2.10175
2.10103
2.09678
2.09077
2.0865
2.08093
2.07572
2.0706
2.06083
2.05938
2.04047
2.02983
2.02412
2.01925
2.00874
1.99899
1.9827
1.96761
1.96234
1.95171
1.94668
1.94077
1.9422
1.93154
1.93067
1.93116
1.92586
1.92586
1.92134
1.92015
1.92014
1.92102
1.92043
1.92126
1.92022
1.91574
1.91553
1.91071
1.91104
1.90528
1.90488
1.90062
1.89948
1.88995
1.87433
1.86961
1.85421
1.85348
1.84296
1.83857
1.81769
1.79753
1.79171
1.78152
1.77175
1.75578
1.73505
1.73016
1.71453
1.70937
1.69366
1.67348
1.66795
1.65768
1.65264
1.64741
1.63676
1.63134
1.62095
1.6165
1.60063
1.60057
1.58458
1.58064
1.56461
