1.5176
1.50794
1.50252
1.49227
1.49205
1.48202
1.47674
1.46613
1.46647
1.45603
1.45161
1.45145
1.44544
1.44139
1.43122
1.42936
1.41951
1.42013
1.4095
1.40468
1.3992
1.39427
1.38947
1.37377
1.36862
1.36348
1.35786
1.35793
1.34762
1.34304
1.33228
1.32747
1.3265
1.32276
1.31651
1.31133
1.30702
1.30174
1.30029
1.306
1.30639
1.31619
1.32659
1.33158
1.35752
1.37198
1.39783
1.41883
1.45475
1.47516
1.49634
1.53761
1.55753
1.62509
1.64553
1.71282
1.74926
1.77005
1.81124
1.82637
1.87826
1.89434
1.91971
1.93524
1.95617
1.96655
1.98176
1.99264
1.99802
2.00878
2.0175
2.02928
2.03341
2.04413
2.04485
2.05525
2.05465
2.065
2.07037
2.07057
2.07468
2.07978
2.08152
2.08639
2.09034
2.09135
2.09083
2.09094
2.0911
2.08652
2.08545
2.07639
2.07536
2.06548
2.05517
2.04987
2.04058
2.03397
2.0234
2.02476
2.0138
2.00901
1.99861
1.99777
1.98773
1.98296
1.97826
1.97692
1.97188
1.96775
1.96112
1.96263
1.95238
1.95152
1.94612
1.94238
1.94212
1.9358
1.92596
1.92579
1.92102
1.9153
1.90526
1.90501
1.89466
1.88979
1.87469
1.87385
1.86358
1.85917
1.84864
1.84349
1.82769
1.82332
1.80778
1.80662
1.79845
1.78128
1.77107
1.76637
1.75038
1.74584
1.72916
1.7196
1.71421
1.69448
1.69271
1.67735
1.67409
1.66381
1.66151
1.65076
1.64402
1.64061
1.62516
1.62284
1.61103
1.60601
1.5857
1.58461
1.57431
1.5702
1.55997
1.55389
1.54386
1.53891
1.53354
1.52847
1.52359
1.51787
1.51261
1.50805
1.50237
1.49809
1.4933
1.4913
1.4818
1.47187
1.47117
1.46123
1.45111
1.44583
1.44071
1.43546
1.42493
1.42058
1.41538
1.40968
1.40001
1.39402
1.38859
1.38461
1.37937
1.37344
1.36378
1.36288
1.35304
1.35292
1.34741
1.34769
1.34819
1.35152
1.36216
1.37308
1.39358
1.40373
1.41888
1.44884
1.46618
1.5015
1.52176
1.56258
1.58442
1.6255
1.64556
1.6717
1.71353
1.733
1.76946
1.7956
1.84774
1.86759
1.8993
1.91461
1.95556
1.98775
1.99719
2.01314
2.02319
2.034
2.04376
2.05407
2.05995
2.06502
2.07503
2.08074
2.09616
2.09615
2.106
2.10697
2.117
2.12164
2.12208
2.12679
2.13182
2.1377
2.13691
2.13709
2.14231
2.14237
2.14294
2.13751
2.13749
2.13266
2.13207
2.12706
2.12251
2.11245
2.10635
2.10664
2.09579
2.09173
2.08122
2.07549
2.06495
2.06059
2.05523
2.05029
2.04483
2.03946
2.03486
2.02399
2.01885
2.01407
2.01339
2.00815
2.00383
2.00367
1.99844
1.99837
1.99293
1.98815
1.98327
1.97715
1.97244
1.96241
1.95722
1.94688
1.94662
1.93121
1.92593
1.9152
1.91095
1.89886
1.8808
1.8738
1.86336
1.85992
1.84903
1.83887
1.83323
1.823
1.80728
1.79766
1.78676
1.78175
1.76646
1.74522
1.74053
1.7246
1.71998
1.70962
1.70363
1.69468
1.68407
1.67802
1.6623
1.65786
1.64747
1.6419
1.63728
1.62709
1.62125
1.61684
1.60638
1.6007
1.58491
1.58526
1.56958
1.57003
1.55948
1.55484
1.54906
1.53879
1.53893
1.52324
1.52302
1.50854
1.502
1.49726
1.4925
1.48736
1.48231
1.47661
1.46659
1.46118
1.45655
1.45076
1.44562
1.44085
1.43587
1.43044
1.42553
1.42056
1.41923
1.40946
1.40515
1.39871
1.39473
1.3845
1.38317
1.37353
1.36883
1.36329
1.35785
1.35314
1.34784
1.34239
1.33199
1.32119
1.30631
1.30134
1.29668
1.29057
1.28092
1.26491
1.26498
1.26495
1.26461
1.26927
1.27564
1.27989
1.29574
1.30984
1.33579
1.352
1.40799
1.42965
1.4703
1.49101
1.53764
1.56242
1.60398
1.62562
1.69191
1.71325
1.75415
1.77501
1.8106
1.82724
1.85805
1.87336
1.88448
1.90538
1.91435
1.9353
1.94613
1.95652
1.96145
1.96719
1.97721
1.98216
1.99238
2.0033
2.00278
2.0032
2.00826
2.00849
2.0132
2.01333
2.01871
2.01956
2.01824
2.01857
2.01886
2.01386
2.01306
2.01353
2.00843
2.00366
1.99802
1.99306
1.98808
1.98269
1.96748
1.96246
1.95215
1.94679
1.9365
1.93104
1.91583
1.91079
1.90043
1.89972
1.89464
1.89012
1.87937
1.87436
1.87447
1.86925
1.86365
1.86884
1.85862
1.85875
1.85869
1.85326
1.84899
1.84376
1.83798
1.83291
1.82795
1.8172
1.81765
1.81198
1.80758
1.80189
1.79205
1.78676
1.77644
1.77101
1.75548
1.75018
1.74005
1.73541
1.72497
1.71962
1.70381
1.69896
1.68854
1.68372
1.67328
1.66805
1.65772
1.65228
1.64759
1.63709
1.63201
1.62155
1.61647
1.60635
1.60081
1.58535
1.57962
1.56948
1.5648
1.55977
1.55437
1.53375
1.52332
1.50778
