1.4153
1.40981
1.40405
1.39974
1.39434
1.38941
1.38358
1.37829
1.3739
1.36842
1.36318
1.35812
1.35291
1.35262
1.3425
1.34234
1.3325
1.32681
1.32186
1.31726
1.30732
1.30546
1.29538
1.29155
1.28566
1.27534
1.27532
1.26021
1.25947
1.24942
1.24952
1.23882
1.23457
1.22909
1.22406
1.21368
1.21331
1.21359
1.21773
1.22401
1.23377
1.2434
1.28537
1.29986
1.33666
1.35662
1.40286
1.42901
1.47062
1.49518
1.52238
1.56832
1.58918
1.63624
1.66046
1.74367
1.78032
1.79561
1.8319
1.84746
1.88437
1.89392
1.91515
1.92507
1.93554
1.94591
1.96162
1.96229
1.97275
1.97687
1.98217
1.98282
1.98699
1.99338
1.99247
1.99737
1.9987
2.0074
2.01405
2.01337
2.01361
2.01352
2.01353
2.01365
2.0142
2.00822
2.00869
2.00382
2.00279
1.99295
1.99305
1.98282
1.97797
1.95673
1.95241
1.94231
1.9357
1.92575
1.92106
1.90026
1.89024
1.88488
1.87385
1.87
1.86357
1.85854
1.85404
1.848
1.84291
1.84359
1.8388
1.83702
1.83354
1.82202
1.81847
1.8131
1.81166
1.79717
1.79164
1.78159
1.77651
1.76569
1.76104
1.75089
1.72993
1.72458
1.70984
1.70385
1.68852
1.67385
1.66762
1.66322
1.64747
1.64225
1.62089
1.61111
1.60629
1.60044
1.58071
1.55902
1.54485
1.53358
1.52293
1.51883
1.50799
1.49802
1.48157
1.4672
1.46073
1.45021
1.45138
1.44045
1.43569
1.42032
1.41465
1.40485
1.40397
1.38945
1.38397
1.37938
1.37309
1.36275
1.35836
1.34777
1.34241
1.33686
1.33277
1.32694
1.32691
1.31636
1.31193
1.29605
1.29597
1.28592
1.28533
1.27526
1.27566
1.26486
1.26499
1.25532
1.24986
1.24473
1.24398
1.23933
1.23893
1.22854
1.22917
1.21944
1.21775
1.21423
1.20904
1.20298
1.1976
1.19354
1.18836
1.18208
1.17239
1.17219
1.16106
1.15734
1.152
1.15094
1.14647
1.15707
1.16088
1.19257
1.21139
1.24802
1.26876
1.31503
1.34117
1.41843
1.50573
1.53697
1.59348
1.62513
1.6824
1.70674
1.73377
1.78532
1.81032
1.85729
1.87839
1.93564
1.98652
1.99758
2.02351
2.0384
2.05382
2.06503
2.08516
2.09132
2.09523
2.1058
2.11155
2.12171
2.12228
2.12793
2.13594
2.13832
2.14275
2.14269
2.14776
2.15237
2.15707
2.15903
2.16926
2.17442
2.17312
2.17341
2.1787
2.17354
2.17373
2.16801
2.16404
2.15338
2.15268
2.14267
2.13784
2.13279
2.11684
2.11209
2.09099
2.08062
2.07633
2.06527
2.0551
2.0503
2.02952
2.02365
2.01933
2.0092
2.00791
2.00247
1.99907
1.9873
1.98819
1.9778
1.97719
1.97242
1.96241
1.95738
1.95644
1.95259
1.94196
1.9409
1.92661
1.91583
1.90591
1.90054
1.88453
1.86462
1.85889
1.84366
1.83848
1.82313
1.81269
1.79776
1.77674
1.75038
1.74591
1.7308
1.72417
1.70477
1.67854
1.66822
1.65775
1.65266
1.62682
1.60092
1.60081
1.58537
1.57986
1.56008
1.5493
1.53901
1.52894
1.51795
1.51317
1.5029
1.49766
1.48208
1.47714
1.46154
1.46088
1.45072
1.44607
1.43563
1.43069
1.42529
1.41396
1.40054
1.39371
1.3837
1.37882
1.37379
1.36826
1.35836
1.35233
1.34273
1.33765
1.33698
1.32698
1.32202
1.31183
1.30658
1.29585
1.2915
1.28582
1.2753
1.2707
1.26015
1.25515
1.23889
1.23494
1.22402
1.21891
1.20864
1.20779
1.19876
1.19355
1.18752
1.17697
1.17255
1.16231
1.15667
1.14634
1.14616
1.1414
1.13048
1.12641
1.11541
1.11034
1.10027
1.09441
1.07969
1.07412
1.06346
1.04838
1.04307
1.03279
1.02764
1.02229
1.01745
1.01701
1.03155
1.04276
1.06806
1.08791
1.13385
1.16534
1.23204
1.26816
1.30431
1.3867
1.42773
1.51092
1.55661
1.67611
1.71211
1.78394
1.82109
1.91372
1.94471
2.02254
2.06396
2.08478
2.12158
2.1361
2.16732
2.18356
2.19359
2.20984
2.21905
2.22965
2.23554
2.24574
2.251
2.2511
2.26125
2.26155
2.26656
2.26664
2.27097
2.27147
2.27202
2.27196
2.27158
2.27714
2.27212
2.2715
2.26684
2.26631
2.26056
2.25774
2.25281
2.24494
2.24187
2.22645
2.21949
2.20464
2.20019
2.1846
2.17386
2.16903
2.15347
2.14344
2.1278
2.12227
2.11213
2.10178
2.09135
2.07604
2.06507
2.05481
2.05056
2.04912
2.0395
2.03937
2.02897
2.02923
2.02385
2.01354
2.00919
2.00789
1.99803
1.99821
1.9831
1.98265
1.97226
1.96299
1.94726
1.95089
1.93
1.92237
1.90678
1.89469
1.89054
1.87468
1.86451
1.8484
1.83902
1.80793
1.80196
1.78096
1.77224
1.75122
1.74037
1.71397
1.70503
1.67284
1.65236
1.64279
1.63675
1.6164
1.60646
1.58527
1.5757
1.55503
1.54399
