1.48291
1.47166
1.45611
1.43532
1.42042
1.40965
1.39475
1.38904
1.36809
1.36391
1.33768
1.33692
1.32112
1.3129
1.29044
1.27044
1.26549
1.2494
1.24464
1.22904
1.20845
1.20354
1.19303
1.18749
1.17723
1.17275
1.1673
1.16204
1.14624
1.14627
1.13639
1.13551
1.13004
1.12674
1.1155
1.11506
1.10952
1.10562
1.09437
1.08439
1.08467
1.07402
1.06932
1.05869
1.05827
1.04841
1.04793
1.03788
1.03772
1.03748
1.0331
1.03252
1.03757
1.04777
1.05775
1.0989
1.17025
1.19673
1.29861
1.41239
1.44835
1.53125
1.57228
1.65016
1.69128
1.79531
1.83062
1.89287
1.92415
1.98146
2.00691
2.07949
2.12129
2.13667
2.15188
2.18332
2.19862
2.21932
2.23007
2.2617
2.27215
2.27141
2.27717
2.28127
2.28704
2.29232
2.29244
2.29722
2.29716
2.29764
2.29779
2.29734
2.29772
2.29747
2.29746
2.29768
2.29319
2.29672
2.29333
2.28739
2.27795
2.26673
2.24656
2.22978
2.22615
2.21059
2.20439
2.18417
2.15825
2.15326
2.14297
2.13764
2.12735
2.12222
2.10623
2.10228
2.09166
2.08574
2.08076
2.06461
2.05472
2.05017
2.04507
2.03974
2.02935
2.02403
2.0038
1.99873
1.98835
1.96772
1.96223
1.94684
1.93649
1.9165
1.88964
1.88079
1.86515
1.85401
1.8184
1.79717
1.78712
1.76647
1.75558
1.73518
1.73002
1.69902
1.67317
1.66333
1.64296
1.63621
1.60634
1.57544
1.5649
1.54876
1.5394
1.50805
1.47663
1.45624
1.45132
1.42579
1.41513
1.40037
1.39386
1.37844
1.3738
1.35902
1.34763
1.32717
1.32233
1.30693
1.2964
1.28598
1.27611
1.25996
1.25477
1.23913
1.23436
1.20905
1.19857
1.19278
1.18254
1.17739
1.16195
1.15701
1.14661
1.14104
1.13653
1.13057
1.12031
1.11567
1.10504
1.1048
1.09496
1.08906
1.08479
1.07936
1.07328
1.06961
1.059
1.05805
1.04809
1.04812
1.04329
1.0331
1.03221
1.02668
1.0232
1.01643
1.02235
1.03231
1.04703
1.09869
1.14513
1.17489
1.20685
1.27343
1.30945
1.43728
1.52067
1.60755
1.6911
1.73204
1.80481
1.84156
1.94477
1.97523
2.03254
2.06385
2.10996
2.13166
2.17769
2.19339
2.23519
2.25046
2.27162
2.28607
2.30871
2.32292
2.32807
2.33338
2.33853
2.34395
2.34914
2.34929
2.34963
2.34885
2.34898
2.34895
2.35374
2.35454
2.35915
2.3538
2.3547
2.34954
2.34907
2.33917
2.33873
2.32876
2.24622
2.23101
2.22565
2.2105
2.20446
2.18939
2.18408
2.16877
2.16348
2.15334
2.14789
2.14333
2.1382
2.13217
2.12726
2.12225
2.11218
2.11141
2.10741
2.10175
2.09658
2.09102
2.0814
2.07014
2.0661
2.05534
2.04492
2.03468
2.02453
2.01367
2.00427
1.99325
1.97791
1.96786
1.94712
1.94152
1.91599
1.90592
1.87952
1.87002
1.84389
1.83824
1.81213
1.80313
1.77693
1.76618
1.75619
1.74073
1.71974
1.69346
1.67932
1.64685
1.63296
1.61192
1.59596
1.55958
1.52868
1.51378
1.49345
1.48673
1.46156
1.45641
1.42564
1.41564
1.39482
1.38895
1.36801
1.35874
1.35242
1.3322
1.32747
1.31115
1.30238
1.28138
1.27044
1.26048
1.25001
1.24455
1.23432
1.22436
1.21345
1.20884
1.19345
1.18758
1.18262
1.17198
1.16752
1.15698
1.1518
1.14644
1.14155
1.13136
1.12631
1.1201
1.11492
1.1106
1.09934
1.09524
1.08937
1.08457
1.07921
1.07419
1.0685
1.06408
1.05845
1.04796
1.05303
1.04316
1.04283
1.03814
1.03748
1.03758
1.03312
1.03178
1.03748
1.04281
1.05296
1.06281
1.07834
1.10354
1.11924
1.15498
1.18081
1.23694
1.27316
1.34536
1.38154
1.42253
1.5047
1.55191
1.63472
1.67542
1.71712
1.79432
1.83128
1.90372
1.93422
1.99607
2.02262
2.07446
2.09459
2.11602
2.15237
2.17203
2.21011
2.21882
2.23443
2.24089
2.25131
2.25537
2.26021
2.26237
2.2672
2.26609
2.267
2.26727
2.26645
2.26103
2.26177
2.26209
2.25608
2.25639
2.25063
2.24656
2.2417
2.2406
2.2302
2.22612
2.22028
2.20528
2.19925
2.18388
2.17963
2.17375
2.16434
2.15326
2.14792
2.13214
2.12329
2.09579
2.081
2.076
2.07083
2.06038
2.055
2.04483
2.04441
2.039
2.03497
2.03398
2.0301
2.02826
2.02936
2.0288
2.02941
2.02938
2.02883
2.02896
2.02958
2.02384
2.02403
2.01957
2.01808
2.01826
2.00987
2.00733
2.00971
2.00306
1.99854
1.98814
1.98233
1.96712
1.96222
1.95174
1.94198
1.93629
1.92138
1.91087
1.89573
1.88483
1.85457
1.84342
1.82289
1.81787
1.79178
1.78216
1.77129
1.76139
1.74064
1.71557
1.70818
1.68802
1.67931
1.65836
1.6473
1.63752
1.61675
1.60659
1.58082
1.57486
1.55406
1.54519
