1.43608
1.43027
1.41452
1.41002
1.38914
1.37889
1.36885
1.36296
1.3437
1.33697
1.32696
1.32243
1.31163
1.30195
1.28058
1.28076
1.26543
1.26014
1.24949
1.24459
1.22886
1.22393
1.21902
1.20886
1.20319
1.19256
1.1879
1.17751
1.17215
1.15659
1.152
1.14649
1.14077
1.13593
1.13588
1.14115
1.14584
1.16074
1.17173
1.197
1.22201
1.24341
1.26808
1.29956
1.33497
1.4122
1.45371
1.53624
1.58248
1.66557
1.71131
1.75307
1.84062
1.88729
1.9643
2.00645
2.04719
2.08402
2.12002
2.15103
2.24393
2.29608
2.3218
2.38432
2.40472
2.43598
2.44696
2.47284
2.47779
2.49848
2.50854
2.51852
2.52526
2.52919
2.53479
2.54016
2.54028
2.54461
2.5457
2.54568
2.54514
2.54521
2.54556
2.53965
2.54066
2.53512
2.53023
2.51988
2.51452
2.49926
2.49422
2.48419
2.46849
2.45854
2.43772
2.42755
2.40693
2.3955
2.37502
2.3609
2.35404
2.32836
2.31984
2.2989
2.28729
2.26769
2.26132
2.25221
2.2253
2.20997
2.20035
2.19028
2.17894
2.1635
2.15874
2.1431
2.13792
2.12255
2.11194
2.10707
2.08631
2.08118
2.06062
2.04993
2.03438
2.01993
2.0086
1.98875
1.97771
1.95269
1.94156
1.90617
1.89062
1.85915
1.84467
1.81887
1.80705
1.77647
1.76656
1.75143
1.71994
1.70965
1.67855
1.66826
1.65311
1.63766
1.62679
1.61222
1.58591
1.57516
1.5447
1.53418
1.50856
1.49759
1.48784
1.47212
1.46133
1.45132
1.41567
1.38887
1.37472
1.35448
1.34169
1.31361
1.29207
1.28005
1.25521
1.24451
1.22402
1.21845
1.19425
1.17101
1.16793
1.15151
1.14642
1.13077
1.12585
1.11603
1.10556
1.09994
1.08879
1.08505
1.06884
1.06378
1.05831
1.04882
1.04378
1.03744
1.03257
1.02251
1.01722
1.01242
1.00675
1.0015
0.997229
0.996356
0.986562
0.986212
0.976202
0.975614
0.965634
0.960889
0.954953
0.950528
0.945573
0.944256
0.939113
0.940098
0.93938
0.944425
0.944718
0.954824
0.969304
1.00608
1.07197
1.10324
1.17981
1.21662
1.35426
1.44723
1.4952
1.54574
1.68615
1.78441
1.82507
1.95903
2.00108
2.07386
2.10908
2.1766
2.2085
2.26523
2.29105
2.33737
2.3537
2.37353
2.40531
2.42015
2.45719
2.47318
2.48222
2.49421
2.50433
2.51323
2.52541
2.52424
2.53013
2.53464
2.53488
2.53965
2.54925
2.54631
2.54449
2.54614
2.54624
2.53993
2.53527
2.53039
2.5197
2.51466
2.49985
2.48854
2.46787
2.44262
2.43248
2.4224
2.40136
2.38624
2.36604
2.35444
2.31921
2.30818
2.28221
2.27312
2.25215
2.24138
2.2208
2.21516
2.20552
2.18502
2.18323
2.16318
2.15893
2.14288
2.13289
2.12746
2.11777
2.11164
2.10256
2.08684
2.08064
2.07116
2.06085
2.0505
2.0297
2.01931
2.0041
1.99337
1.96798
1.96207
1.94772
1.92709
1.91072
1.89028
1.87989
1.85418
1.83939
1.82762
1.80263
1.79212
1.76625
1.75118
1.74076
1.72515
1.71477
1.69942
1.67336
1.66365
1.63841
1.62611
1.58594
1.57553
1.54944
1.53927
1.51366
1.50324
1.46627
1.44589
1.43131
1.42491
1.3992
1.39471
1.36896
1.36324
1.35364
1.33285
1.32256
1.30177
1.29132
1.27133
1.26473
1.25589
1.23457
1.22866
1.20754
1.20377
1.18773
1.17769
1.17233
1.16208
1.15696
1.15141
1.13624
1.13113
1.11554
1.11056
1.10021
1.09457
1.08976
1.07938
1.07437
1.06378
1.05912
1.05364
1.04809
1.04333
1.03314
1.03218
1.02818
1.01743
1.01689
1.00636
1.00754
1.00237
1.00105
0.99561
0.99755
0.986899
0.985532
0.981759
0.976539
0.97526
0.969821
0.966377
0.961369
0.959651
0.961186
0.955764
0.949553
0.94979
0.945334
0.940643
0.93899
0.940592
0.934825
0.934343
0.92956
0.929165
0.92921
0.934364
0.934198
0.938729
0.945246
0.96026
0.97459
1.00545
1.02153
1.04151
1.08788
1.11352
1.17533
1.211
1.28824
1.33476
1.42771
1.4785
1.53083
1.62824
1.67567
1.8088
1.89187
1.93429
1.96998
2.04257
2.07398
2.16192
2.18785
2.23416
2.25041
2.28702
2.30124
2.32741
2.33869
2.36387
2.3747
2.38062
2.38426
2.39504
2.39617
2.40063
2.40101
2.40096
2.40073
2.40058
2.3959
2.39552
2.39019
2.38627
2.37578
2.35928
2.35529
2.33946
2.32905
2.31372
2.30332
2.2929
2.27267
2.26182
2.2417
2.2307
2.20982
2.20052
2.18894
2.16823
2.15942
2.1389
2.13198
2.11124
2.10763
2.0924
2.08036
2.07608
2.06071
2.05967
2.04526
2.04398
2.03403
2.02993
2.02404
2.01836
2.00971
2.00374
1.99813
1.98812
1.98263
1.96254
1.95675
1.94127
1.93204
1.91609
1.90532
1.89577
1.88035
1.86934
1.84983
1.84277
1.81715
1.80826
1.78779
1.78098
