1.35795
1.34778
1.34785
1.34301
1.34228
1.33191
1.33233
1.32242
1.3212
1.32221
1.31174
1.30631
1.30115
1.29655
1.29147
1.2854
1.28129
1.27563
1.27051
1.26011
1.25959
1.25406
1.25021
1.244
1.24457
1.24939
1.24908
1.25398
1.26489
1.29035
1.30522
1.34109
1.35666
1.40283
1.42862
1.51154
1.53689
1.62529
1.70203
1.7282
1.77522
1.79539
1.8425
1.86235
1.89863
1.91518
1.96066
1.97668
1.99776
2.00724
2.0282
2.03904
2.0493
2.05982
2.06465
2.07505
2.08082
2.09015
2.09583
2.10143
2.10086
2.10589
2.10698
2.11159
2.1118
2.11161
2.11162
2.11182
2.11189
2.11154
2.11159
2.11221
2.10687
2.10145
2.09158
2.09064
2.0807
2.07626
2.06614
2.06454
2.06129
2.05101
2.04929
2.03938
2.03446
2.02483
2.02319
2.01778
2.01468
2.00845
2.0089
2.00308
2.00339
2.00321
1.99783
1.9983
1.99739
1.99389
1.98732
1.98292
1.97714
1.96671
1.9617
1.95769
1.94718
1.94597
1.93566
1.93168
1.92001
1.9003
1.89986
1.88954
1.88523
1.86968
1.8634
1.84376
1.83843
1.82357
1.81733
1.8019
1.79751
1.77653
1.77093
1.76039
1.75109
1.74541
1.7405
1.72029
1.71412
1.70443
1.69895
1.68837
1.68831
1.67307
1.66821
1.6624
1.65707
1.65274
1.64202
1.63688
1.62164
1.61604
1.61608
1.60542
1.60115
1.5847
1.58094
1.57039
1.56936
1.5592
1.55968
1.54395
1.5437
1.53318
1.52886
1.523
1.51836
1.5083
1.50223
1.49234
1.48745
1.48233
1.47693
1.46663
1.4661
1.46072
1.45672
1.44658
1.44494
1.44141
1.4309
1.42963
1.41992
1.41985
1.41534
1.40979
1.40933
1.404
1.39939
1.39485
1.39386
1.38929
1.38429
1.38327
1.37817
1.37432
1.36851
1.36798
1.35779
1.35345
1.34735
1.34331
1.33662
1.32618
1.32307
1.32073
1.3112
1.31207
1.30163
1.30105
1.30155
1.29591
1.29636
1.29073
1.29563
1.29614
1.3062
1.31566
1.35151
1.36733
1.40837
1.43394
1.48003
1.50614
1.53181
1.58836
1.61506
1.69171
1.77418
1.79614
1.84757
1.86749
1.90882
1.93018
1.96656
1.98618
2.01744
2.03397
2.04819
2.06918
2.08549
2.10092
2.11099
2.12681
2.13189
2.14247
2.15285
2.15795
2.1634
2.16771
2.17908
2.17862
2.18437
2.1837
2.1892
2.18909
2.19895
2.19974
2.19904
2.20438
2.20461
2.2045
2.20408
2.20062
2.2001
2.19902
2.19499
2.19031
2.18822
2.18329
2.17965
2.17336
2.16375
2.16297
2.14829
2.13853
2.13178
2.12845
2.11783
2.11611
2.10603
2.10252
2.09119
2.0808
2.07587
2.07033
2.06564
2.06019
2.05503
2.05032
2.04452
2.04461
2.03884
2.03542
2.02427
2.02379
2.0139
2.00861
1.9988
1.99305
1.98276
1.97807
1.97217
1.95705
1.95208
1.9365
1.9315
1.91607
1.91061
1.89553
1.88982
1.8852
1.86939
1.85909
1.83858
1.82286
1.813
1.80683
1.79154
1.78716
1.76534
1.74527
1.73539
1.72507
1.71953
1.7082
1.70036
1.68942
1.67821
1.67338
1.66286
1.65254
1.64223
1.63714
1.62119
1.60122
1.59525
1.58514
1.5805
1.57002
1.56483
1.54898
1.5493
1.53357
1.52892
1.52329
1.51302
1.50816
1.50312
1.49711
1.4867
1.48264
1.47202
1.46631
1.4561
1.44621
1.44114
1.43478
1.42442
1.42594
1.40943
1.40511
1.39992
1.39338
1.38411
1.37438
1.36773
1.36227
1.35882
1.34732
1.34322
1.33744
1.33709
1.32684
1.327
1.32169
1.31738
1.30697
1.30043
1.30167
1.29153
1.29024
1.2806
1.28031
1.271
1.26496
1.25951
1.25408
1.25031
1.2439
1.23952
1.23885
1.22902
1.22872
1.22353
1.21888
1.209
1.20257
1.20234
1.19874
1.19891
1.19702
1.19757
1.19799
1.19768
1.20784
1.21286
1.22827
1.2434
1.29022
1.3098
1.36117
1.3875
1.43874
1.46968
1.56264
1.58879
1.65101
1.68134
1.73267
1.76441
1.81098
1.83626
1.85802
1.89954
1.91851
1.95538
1.97165
2.00829
2.01782
2.04384
2.04954
2.05917
2.09027
2.10037
2.10702
2.11059
2.12119
2.12755
2.12773
2.13122
2.13661
2.13823
2.13696
2.14242
2.14288
2.1428
2.14747
2.14713
2.1483
2.14749
2.14816
2.14756
2.14764
2.14801
2.14837
2.14259
2.13268
2.13208
2.12221
2.11708
2.10721
2.106
2.09185
2.08602
2.0755
2.07116
2.06024
2.06001
2.04484
2.0399
2.0295
2.02917
2.01896
2.00831
2.00853
1.99816
1.99814
1.99235
1.98897
1.98399
1.97712
1.9728
1.96709
1.95713
1.95217
1.94674
1.93694
1.92688
1.92061
1.91097
1.90497
1.90094
1.89045
1.88429
1.86878
1.86482
1.84936
1.84322
1.82781
1.82282
1.8131
1.7914
1.77588
1.7719
1.74482
1.74094
1.71974
1.71452
1.69915
