1.52362
1.51789
1.5078
1.50297
1.49251
1.48743
1.4866
1.47272
1.46223
1.45595
1.45108
1.44599
1.4455
1.43108
1.42012
1.41971
1.41544
1.40976
1.40486
1.39978
1.39426
1.38965
1.38346
1.3788
1.37834
1.37387
1.36298
1.36318
1.35753
1.35364
1.34267
1.3372
1.33245
1.32241
1.32129
1.31143
1.3065
1.30129
1.29642
1.29104
1.28601
1.28529
1.28062
1.28025
1.2856
1.29005
1.30094
1.31047
1.33115
1.34697
1.39795
1.42359
1.50568
1.58921
1.61881
1.6809
1.70796
1.76476
1.78958
1.84677
1.86778
1.88859
1.93562
1.95513
1.99146
2.01264
2.04351
2.05473
2.09456
2.10672
2.12194
2.12657
2.1421
2.14752
2.16344
2.16805
2.16826
2.17344
2.17813
2.17949
2.17896
2.18435
2.18382
2.18428
2.18372
2.17856
2.18387
2.18388
2.17962
2.18345
2.17818
2.17934
2.17428
2.1732
2.17364
2.16335
2.16334
2.15326
2.14785
2.13793
2.13756
2.12191
2.1177
2.10759
2.10571
2.09041
2.08711
2.07051
2.07035
2.06013
2.05998
2.04945
2.03931
2.03951
2.03489
2.02986
2.02844
2.02298
2.02507
2.01423
2.01324
2.00807
2.00401
1.99902
1.99732
1.98841
1.98243
1.96789
1.95728
1.95164
1.93609
1.93141
1.91035
1.90596
1.89471
1.89051
1.86929
1.86444
1.84401
1.83294
1.8228
1.81271
1.78661
1.77056
1.76645
1.75146
1.74492
1.72511
1.71943
1.70367
1.69432
1.6839
1.67779
1.66228
1.65825
1.64773
1.64165
1.63753
1.62153
1.61657
1.60062
1.58591
1.57995
1.58026
1.56934
1.56494
1.54965
1.5484
1.53962
1.52894
1.52292
1.51399
1.5027
1.49746
1.48681
1.48228
1.4766
1.46612
1.46193
1.45134
1.44603
1.4354
1.42056
1.41482
1.40413
1.4046
1.39418
1.38914
1.37902
1.37814
1.3686
1.36304
1.35279
1.35269
1.33754
1.32683
1.31155
1.30112
1.2966
1.28642
1.28014
1.27575
1.2753
1.27536
1.28008
1.29518
1.32596
1.33645
1.373
1.39678
1.44925
1.47499
1.53691
1.56783
1.59389
1.65616
1.68616
1.74294
1.7698
1.82671
1.85153
1.90384
1.92475
1.94524
1.98658
2.00729
2.03862
2.05423
2.09537
2.10609
2.13201
2.13746
2.15302
2.15749
2.17852
2.1839
2.19453
2.19406
2.20994
2.21439
2.21535
2.21953
2.22427
2.22571
2.23052
2.23027
2.23593
2.2403
2.24103
2.24078
2.2453
2.24064
2.24075
2.23597
2.23136
2.22974
2.22014
2.22014
2.20936
2.20531
2.19928
2.18825
2.18538
2.1745
2.16822
2.15325
2.14794
2.13228
2.12796
2.11747
2.11642
2.10547
2.10255
2.0853
2.0815
2.07665
2.06997
2.06049
2.05986
2.04996
2.04952
2.03899
2.03982
2.02942
2.02398
2.00827
2.00866
1.99836
1.99307
1.97737
1.97312
1.95742
1.95633
1.94792
1.93198
1.92579
1.90107
1.89477
1.87961
1.8699
1.85464
1.84783
1.82715
1.81233
1.80177
1.79236
1.77201
1.76523
1.75044
1.74568
1.73018
1.72472
1.71502
1.7046
1.69386
1.6831
1.67394
1.65831
1.65222
1.64767
1.63255
1.62635
1.6114
1.60558
1.60142
1.58517
1.58003
1.56478
1.55973
1.54945
1.544
1.52895
1.52832
1.52327
1.50796
1.50256
1.49232
1.48754
1.47181
1.45642
1.45567
1.44466
1.44163
1.42426
1.42108
1.41031
1.40416
1.3991
1.3899
1.37824
1.37425
1.36363
1.36268
1.3526
1.34836
1.33785
1.3368
1.32673
1.32255
1.3212
1.31072
1.30222
1.29634
1.29082
1.27573
1.275
1.26477
1.26542
1.26451
1.26905
1.27579
1.30009
1.3313
1.34633
1.38676
1.40903
1.43297
1.48957
1.52197
1.54743
1.60903
1.69709
1.72335
1.77496
1.79996
1.84724
1.87272
1.89388
1.94992
1.98116
1.9979
2.0333
2.04383
2.06421
2.07087
2.08592
2.09069
2.10176
2.10597
2.11679
2.11651
2.12161
2.12184
2.12658
2.1325
2.13669
2.1419
2.1432
2.14724
2.14793
2.15217
2.1525
2.15826
2.15773
2.15854
2.15842
2.15797
2.15254
2.14816
2.13776
2.12761
2.12201
2.11179
2.10684
2.09128
2.07091
2.07003
2.05991
2.05536
2.03975
2.02887
2.02431
2.02432
2.02375
2.01318
2.00915
2.00401
2.00277
1.99734
1.99422
1.98914
1.98678
1.97753
1.97295
1.96251
1.96194
1.95197
1.94702
1.93659
1.931
1.91525
1.89583
1.88965
1.87464
1.86939
1.85384
1.84887
1.8337
1.82779
1.81843
1.80793
1.79707
1.78161
1.77213
1.75648
1.74992
1.73499
1.72532
1.71937
1.70346
1.69965
1.68358
1.67806
1.6472
1.63709
1.62663
1.61627
1.60702
1.58984
1.58609
1.57034
1.56451
1.55428
1.54428
1.53927
1.52877
1.51273
1.50842
1.49302
1.48658
1.47691
1.47197
1.46632
1.45591
1.45149
1.44078
1.43048
1.42509
1.42047
1.41484
