1.49234
1.48232
1.47238
1.4659
1.4562
1.44616
1.42585
1.41951
1.41434
1.40565
1.38324
1.37961
1.36898
1.36286
1.34334
1.33825
1.33173
1.3173
1.31625
1.30115
1.30095
1.28529
1.28143
1.26499
1.26041
1.24983
1.24483
1.22953
1.21844
1.20882
1.19882
1.19712
1.18291
1.17745
1.16706
1.16223
1.15172
1.14627
1.14099
1.13174
1.12688
1.11967
1.12099
1.12084
1.12011
1.11491
1.11987
1.13108
1.13479
1.15037
1.16634
1.19731
1.21191
1.22776
1.27343
1.30016
1.35208
1.38116
1.43864
1.4702
1.55769
1.58344
1.63565
1.66014
1.73403
1.77501
1.79113
1.81084
1.8416
1.85825
1.87915
1.89368
1.91619
1.92427
1.93516
1.93687
1.94712
1.94559
1.95643
1.95746
1.95717
1.95652
1.96109
1.96231
1.96273
1.96137
1.96241
1.9622
1.96182
1.96155
1.96189
1.95617
1.95285
1.95075
1.94543
1.94282
1.93739
1.92993
1.91671
1.90977
1.89468
1.89532
1.87985
1.87464
1.8592
1.85386
1.833
1.83329
1.81799
1.81246
1.79705
1.78157
1.77662
1.77163
1.76555
1.75116
1.73432
1.71928
1.71451
1.69875
1.67827
1.6682
1.65793
1.64762
1.63265
1.62138
1.59548
1.58605
1.56034
1.55404
1.53321
1.51983
1.48669
1.4779
1.45695
1.44599
1.4104
1.38407
1.37407
1.35364
1.34233
1.32197
1.31713
1.29643
1.2863
1.28058
1.26
1.25519
1.23967
1.23397
1.2136
1.20866
1.20334
1.18754
1.18265
1.17236
1.16732
1.14135
1.13086
1.12584
1.11523
1.11076
1.10548
1.09961
1.09442
1.08936
1.08965
1.08445
1.07872
1.07933
1.07894
1.07362
1.0742
1.07369
1.07412
1.07375
1.07891
1.0741
1.07822
1.07985
1.07967
1.08347
1.0835
1.08481
1.08952
1.08926
1.09395
1.09444
1.09958
1.09949
1.10483
1.10542
1.10886
1.10954
1.11011
1.11501
1.115
1.1154
1.1248
1.12478
1.13104
1.13534
1.13625
1.14132
1.14536
1.15067
1.15184
1.16157
1.16627
1.18184
1.19207
1.21274
1.22308
1.24817
1.26459
1.29533
1.315
1.33637
1.38289
1.40744
1.49031
1.57841
1.60402
1.66594
1.69684
1.75378
1.78463
1.84207
1.86717
1.89344
1.9401
1.96089
2.00223
2.02263
2.06986
2.10601
2.12068
2.14157
2.14797
2.16355
2.17246
2.18938
2.19341
2.20508
2.20878
2.21418
2.22038
2.2198
2.22531
2.23053
2.23071
2.23029
2.23046
2.23046
2.22568
2.22492
2.21596
2.20921
2.2054
2.19944
2.19467
2.18484
2.17401
2.17336
2.16779
2.169
2.16332
2.16337
2.15795
2.15833
2.15848
2.15845
2.15262
2.15796
2.15352
2.15339
2.15268
2.15327
2.14871
2.15245
2.14826
2.14325
2.14183
2.13891
2.13271
2.12759
2.12247
2.11682
2.10655
2.1017
2.09628
2.08061
2.07596
2.05971
2.0395
2.03013
2.01925
2.00907
1.99351
1.98775
1.97194
1.95832
1.95132
1.93659
1.9313
1.91069
1.90561
1.89013
1.8797
1.85507
1.84799
1.83328
1.82771
1.81849
1.80221
1.7969
1.77602
1.77174
1.75546
1.75068
1.72986
1.70417
1.69916
1.68379
1.6782
1.66241
1.65786
1.6319
1.62682
1.61119
1.60622
1.59059
1.5851
1.5702
1.56429
1.54937
1.54859
1.53432
1.51356
1.50733
1.49763
1.49702
1.48595
1.48296
1.47262
1.46623
1.46146
1.44593
1.44547
1.43074
1.42041
1.41941
1.41574
1.40538
1.4036
1.39364
1.38953
1.38397
1.37863
1.37851
1.37307
1.37365
1.37319
1.37844
1.37853
1.39393
1.42345
1.47059
1.53185
1.5532
1.59974
1.62949
1.68136
1.70794
1.76458
1.78983
1.81626
1.86782
1.89347
1.93496
1.95562
1.99242
2.01199
2.05455
2.06932
2.10091
2.12612
2.1328
2.14229
2.14303
2.15326
2.15234
2.15827
2.15855
2.16317
2.16355
2.15848
2.15792
2.15312
2.15779
2.14883
2.14712
2.14274
2.13773
2.12707
2.12244
2.10189
2.10105
2.08163
2.06006
2.05524
2.04456
2.03979
2.02452
2.0235
2.01335
2.00891
1.99345
1.9881
1.98318
1.97724
1.9726
1.96693
1.96765
1.96231
1.96266
1.95658
1.95226
1.95114
1.94249
1.94079
1.93525
1.93239
1.92134
1.92032
1.90553
1.90047
1.89013
1.88447
1.87428
1.86966
1.85386
1.84883
1.83332
1.82771
1.81709
1.80797
1.79153
1.78185
1.77098
1.76162
1.74009
1.72499
1.71961
1.70941
1.69948
1.69355
1.68366
1.67346
1.66297
1.65778
1.65214
1.6374
1.63128
1.62116
1.61682
1.60628
1.60055
1.5851
1.58028
1.56507
1.5639
1.54972
1.53327
1.51817
1.51782
1.5031
1.50245
1.49231
1.48745
1.48231
1.47696
1.46655
1.46614
1.45625
1.45586
1.44611
1.44565
1.44034
1.44107
1.42497
1.42507
1.41511
1.40996
1.39973
1.39882
1.38872
1.38449
1.37926
1.37316
