1.66259
1.65352
1.63754
1.63166
1.61617
1.61145
1.58534
1.5799
1.56436
1.55962
1.54354
1.53466
1.52406
1.51787
1.50271
1.48217
1.47704
1.46667
1.46127
1.446
1.43065
1.41549
1.4141
1.40427
1.4044
1.3944
1.38934
1.38351
1.37902
1.36854
1.36802
1.36243
1.35868
1.34771
1.3425
1.3375
1.33133
1.32174
1.3218
1.31616
1.31207
1.30608
1.30161
1.2962
1.29117
1.28528
1.28096
1.27615
1.27469
1.27093
1.2646
1.27019
1.27466
1.28009
1.28971
1.30498
1.3161
1.33116
1.34695
1.38815
1.4399
1.45954
1.50597
1.52704
1.60414
1.68153
1.70792
1.75909
1.78032
1.83179
1.85268
1.8728
1.92941
1.97145
2.00786
2.01812
2.0391
2.04901
2.05917
2.06518
2.0802
2.08109
2.09528
2.09686
2.10224
2.10563
2.11156
2.11172
2.11171
2.11167
2.11174
2.10599
2.10166
2.09633
2.08691
2.07591
2.07046
2.06043
2.05495
2.04436
2.04519
2.03506
2.02923
2.01926
2.0184
2.00827
2.00854
2.00366
2.00293
1.99795
1.99811
1.99782
1.99252
1.98737
1.98763
1.98297
1.97761
1.96752
1.96679
1.95699
1.95226
1.94671
1.94145
1.93148
1.92583
1.92095
1.90565
1.89999
1.88513
1.86955
1.85943
1.84884
1.84307
1.8269
1.82363
1.8127
1.80215
1.79733
1.78657
1.78183
1.77162
1.76565
1.74617
1.73991
1.72965
1.7252
1.70996
1.70855
1.69877
1.69373
1.68394
1.67216
1.66223
1.65792
1.64169
1.63717
1.63147
1.62129
1.61672
1.60624
1.60046
1.59563
1.59038
1.58561
1.57962
1.57569
1.56521
1.5638
1.55417
1.54959
1.54808
1.53857
1.53414
1.52896
1.52772
1.51861
1.50767
1.50274
1.49734
1.49239
1.48747
1.4819
1.47725
1.46686
1.46633
1.4618
1.45094
1.45081
1.44077
1.44026
1.43014
1.42575
1.42485
1.41467
1.4102
1.40502
1.39904
1.38919
1.38872
1.38444
1.38398
1.38901
1.39323
1.40863
1.41457
1.43993
1.45512
1.51649
1.5681
1.59416
1.61932
1.68127
1.70766
1.76919
1.79525
1.85256
1.88265
1.9089
1.96035
1.98632
2.02811
2.04841
2.06936
2.10579
2.12129
2.15231
2.16767
2.18931
2.19822
2.20977
2.22568
2.23429
2.24509
2.25098
2.25658
2.26578
2.27113
2.2721
2.27606
2.27745
2.2815
2.28237
2.28741
2.2872
2.29208
2.29265
2.29712
2.29748
2.29733
2.29727
2.29788
2.29764
2.29742
2.29776
2.29226
2.28765
2.28291
2.27663
2.27178
2.26732
2.26598
2.25544
2.24719
2.24223
2.22991
2.22038
2.21997
2.20928
2.20536
2.19926
2.18336
2.18452
2.17417
2.17366
2.16918
2.16322
2.15859
2.15298
2.14816
2.14801
2.13804
2.13251
2.13227
2.12692
2.12251
2.11729
2.11178
2.10705
2.10664
2.09681
2.09619
2.08599
2.08095
2.06565
2.06495
2.04943
2.04556
2.03937
2.02923
2.02455
2.00891
2.00363
1.98827
1.98303
1.96766
1.95777
1.9423
1.93622
1.92672
1.91059
1.90092
1.88559
1.87923
1.86396
1.85451
1.84839
1.83347
1.82794
1.81226
1.80746
1.79216
1.78666
1.77696
1.76645
1.75594
1.74549
1.73565
1.72
1.7143
1.7096
1.69398
1.68865
1.67835
1.66844
1.658
1.65206
1.64741
1.64192
1.63206
1.62673
1.61615
1.61107
1.5962
1.59034
1.57535
1.56938
1.55952
1.55953
1.54969
1.54399
1.53883
1.52893
1.52773
1.51763
1.51295
1.5027
1.49782
1.49278
1.48715
1.48683
1.47657
1.47228
1.46179
1.4557
1.44593
1.44555
1.44086
1.4305
1.42507
1.41442
1.41496
1.40463
1.39931
1.39419
1.38384
1.37877
1.3736
1.36832
1.36337
1.35801
1.35292
1.34709
1.34315
1.34294
1.3416
1.34808
1.35689
1.36756
1.38246
1.42959
1.49067
1.51665
1.56811
1.59865
1.71298
1.77039
1.79472
1.84651
1.87288
1.91912
1.94041
1.98157
1.99757
2.01713
2.04819
2.06459
2.08541
2.10004
2.12098
2.13213
2.13695
2.14244
2.15254
2.15822
2.16839
2.17345
2.18371
2.18418
2.1883
2.18981
2.1931
2.1952
2.20027
2.20375
2.20524
2.20913
2.21026
2.20906
2.21429
2.21537
2.21505
2.21988
2.22015
2.22003
2.21988
2.22029
2.21488
2.21498
2.20924
2.20575
2.19463
2.18955
2.17915
2.16886
2.15813
2.15416
2.14341
2.13771
2.132
2.12295
2.10599
2.09196
2.08589
2.08134
2.0753
2.06646
2.06427
2.05901
2.05603
2.05069
2.04942
2.03931
2.03988
2.02903
2.02462
2.01404
2.00381
1.99847
1.99335
1.98298
1.97793
1.96247
1.95715
1.94199
1.936
1.92054
1.91145
1.90505
1.88954
1.88012
1.86924
1.85958
1.84421
1.8332
1.82816
1.81289
1.80208
1.78653
1.77664
1.75152
1.74487
1.72946
1.72044
1.70451
1.69394
1.66854
1.66253
1.65328
1.64159
1.63766
