1.5737
1.56938
1.56962
1.56978
1.56947
1.56962
1.56393
1.56376
1.56008
1.55977
1.55885
1.55956
1.55942
1.564
1.56366
1.56993
1.57489
1.58392
1.5998
1.60556
1.61514
1.63561
1.64683
1.66736
1.68169
1.6975
1.70837
1.72368
1.73962
1.74945
1.78097
1.78583
1.8014
1.80692
1.82289
1.82706
1.83792
1.84297
1.84828
1.85372
1.85832
1.86309
1.86402
1.86387
1.8684
1.86873
1.86923
1.86891
1.8691
1.869
1.86904
1.86351
1.8642
1.85416
1.85312
1.85388
1.84849
1.84823
1.84821
1.83854
1.83778
1.83373
1.83235
1.82834
1.82829
1.82291
1.81655
1.81364
1.81118
1.80824
1.80615
1.80101
1.80308
1.79761
1.79127
1.79178
1.78702
1.78596
1.78232
1.78182
1.78088
1.77665
1.77563
1.77575
1.77644
1.77579
1.77637
1.77594
1.77581
1.77054
1.77121
1.77095
1.77089
1.77122
1.77077
1.77091
1.77093
1.77054
1.77066
1.77158
1.76595
1.76562
1.76566
1.76587
1.76137
1.76004
1.76107
1.7609
1.75557
1.75107
1.74971
1.7452
1.7454
1.73974
1.73537
1.7343
1.72921
1.7251
1.71917
1.71458
1.70931
1.70879
1.70427
1.70351
1.69868
1.69411
1.68892
1.68787
1.6781
1.67799
1.67803
1.67222
1.67372
1.66319
1.6669
1.66341
1.66224
1.65745
1.6573
1.6578
1.65218
1.65215
1.64694
1.64707
1.64255
1.64231
1.64158
1.63631
1.63743
1.63176
1.63136
1.63166
1.62677
1.62569
1.62694
1.6259
1.62195
1.62174
1.62076
1.62099
1.62134
1.6215
1.62136
1.6211
1.62116
1.62124
1.62145
1.62106
1.62129
1.62072
1.62166
1.6256
1.62577
1.63177
1.62644
1.62634
1.63127
1.62688
1.63157
1.62697
1.63195
1.62648
1.63185
1.63096
1.63192
1.63168
1.63145
1.63203
1.6356
1.63533
1.63767
1.64124
1.64272
1.6412
1.64723
1.64695
1.64718
1.64724
1.64681
1.64233
1.64601
1.64772
1.64167
1.64706
1.64207
1.64181
1.6418
1.64684
1.64673
1.64727
1.64776
1.65087
1.64568
1.64316
1.64096
1.64147
1.64209
1.64663
1.64241
1.64672
1.64739
1.64629
1.65205
1.6567
1.66759
1.67739
1.68287
1.70388
1.71352
1.73397
1.74469
1.74992
1.7705
1.78539
1.80566
1.81744
1.82709
1.84793
1.85796
1.87415
1.87866
1.89389
1.90008
1.91992
1.926
1.93572
1.94095
1.94602
1.94686
1.95117
1.95245
1.95097
1.95143
1.95185
1.947
1.9416
1.94125
1.93687
1.93568
1.93512
1.93199
1.92604
1.9266
1.92031
1.91653
1.90691
1.9038
1.89991
1.89522
1.88494
1.88421
1.87996
1.87405
1.87429
1.86969
1.86494
1.86311
1.85807
1.85916
1.85394
1.84896
1.84348
1.83364
1.83715
1.82873
1.8273
1.82803
1.82333
1.82206
1.82238
1.82309
1.81737
1.81737
1.81748
1.81285
1.80729
1.80209
1.80218
1.80171
1.79726
1.80115
1.79776
1.79293
1.7953
1.78553
1.78711
1.78173
1.78089
1.78155
1.77624
1.77593
1.77182
1.76664
1.76511
1.76061
1.75573
1.75523
1.74964
1.74634
1.73524
1.73453
1.73491
1.73001
1.72919
1.72564
1.72001
1.7191
1.70925
1.70883
1.70905
1.70401
1.70418
1.6987
1.69414
1.68934
1.68805
1.67865
1.67752
1.67296
1.67266
1.67264
1.67303
1.66241
1.66258
1.65737
1.65774
1.65211
1.64782
1.64153
1.64218
1.63668
1.63682
1.63733
1.63132
1.6266
1.62578
1.62683
1.62097
1.62135
1.62117
1.62093
1.61566
1.61634
1.61034
1.61135
1.61048
1.61121
1.61061
1.6111
1.61137
1.6061
1.60708
1.60463
1.60211
1.6063
1.60043
1.60054
1.59608
1.58952
1.59035
1.58525
1.58494
1.58544
1.58961
1.58485
1.58562
1.58462
1.58522
1.5849
1.5898
1.58568
1.58493
1.58486
1.58488
1.58524
1.58038
1.58475
1.57934
1.58039
1.57461
1.57983
1.57947
1.57545
1.57417
1.57519
1.57439
1.57538
1.57878
1.57933
1.5803
1.57964
1.57981
1.57995
1.58032
1.57509
1.57486
1.57468
1.57475
1.57398
1.58022
1.5802
1.57963
1.58494
1.58521
1.58937
1.59538
1.61123
1.62001
1.63569
1.64181
1.65127
1.66208
1.67707
1.68751
1.69873
1.70742
1.72435
1.73941
1.75457
1.77572
1.79052
1.8021
1.81109
1.82242
1.83201
1.84743
1.85845
1.87406
1.87869
1.88962
1.89942
1.90492
1.91523
1.9251
1.92512
1.93115
1.9354
1.93578
1.93596
1.9356
1.93663
1.93575
1.93552
1.93178
1.92578
1.92627
1.916
1.91511
1.90953
1.90653
1.90406
1.90123
1.89584
1.89941
1.89496
1.8943
1.89052
1.88895
1.88552
1.88366
1.87394
1.8745
1.87004
1.86825
1.86518
1.86291
1.86457
1.85894
1.85448
1.85325
1.84771
1.84408
1.84253
1.83898
1.83728
1.83388
1.8321
1.82872
1.82655
1.82772
