1.63124
1.63184
1.62638
1.62637
1.62632
1.62643
1.63181
1.63091
1.63202
1.63181
1.63129
1.63134
1.63697
1.63691
1.63172
1.63134
1.63625
1.63699
1.64112
1.64237
1.64596
1.65227
1.65176
1.6623
1.66752
1.68259
1.68803
1.7037
1.71285
1.72364
1.73431
1.74959
1.75531
1.78108
1.79113
1.80159
1.80662
1.81704
1.82207
1.83212
1.83752
1.84298
1.85883
1.86369
1.86881
1.86342
1.86915
1.86885
1.86879
1.86932
1.86902
1.86414
1.86393
1.86354
1.85844
1.85884
1.85868
1.85885
1.85806
1.85246
1.85442
1.84929
1.84319
1.84326
1.84369
1.83835
1.83325
1.82865
1.82706
1.82864
1.82303
1.81733
1.81285
1.81178
1.80813
1.80631
1.8024
1.80157
1.79695
1.80141
1.79144
1.79173
1.7917
1.79157
1.79153
1.79134
1.79181
1.78608
1.78621
1.78609
1.78676
1.791
1.79174
1.78653
1.79158
1.78682
1.78603
1.79173
1.78653
1.79121
1.79193
1.78685
1.78611
1.79114
1.79193
1.79169
1.78658
1.79073
1.78658
1.7863
1.78195
1.78073
1.7869
1.78128
1.78081
1.78164
1.77577
1.77636
1.77117
1.77109
1.76612
1.76537
1.76173
1.76131
1.76054
1.76058
1.75541
1.7507
1.75058
1.75013
1.74489
1.74045
1.74021
1.73535
1.72944
1.72988
1.72936
1.72511
1.71933
1.7192
1.70918
1.70894
1.6992
1.69821
1.69901
1.68811
1.68296
1.67877
1.67751
1.67341
1.67231
1.66743
1.66187
1.66296
1.66243
1.65725
1.65743
1.66246
1.66294
1.65732
1.65743
1.65724
1.65746
1.66168
1.66327
1.66328
1.66194
1.66222
1.6676
1.66777
1.66767
1.66773
1.66777
1.66758
1.66766
1.66722
1.6731
1.66785
1.67226
1.67197
1.67353
1.67325
1.66764
1.67227
1.67318
1.67266
1.67291
1.67284
1.67292
1.67278
1.66742
1.66787
1.66753
1.66748
1.66782
1.66229
1.66247
1.66249
1.66257
1.6626
1.66207
1.65711
1.65754
1.65229
1.65208
1.65229
1.64734
1.64678
1.64208
1.64163
1.64165
1.64205
1.6417
1.642
1.64175
1.64152
1.6416
1.64208
1.64751
1.65139
1.65769
1.66816
1.67173
1.68729
1.69839
1.70322
1.71399
1.72355
1.73432
1.73966
1.76054
1.76513
1.78589
1.79166
1.80664
1.81681
1.82222
1.82733
1.83247
1.84259
1.85266
1.8586
1.86839
1.87405
1.87873
1.88386
1.88952
1.88981
1.88975
1.89409
1.8959
1.88947
1.89483
1.89464
1.89491
1.88997
1.88946
1.88931
1.88549
1.88384
1.88499
1.88422
1.87983
1.87953
1.87927
1.87489
1.87368
1.87458
1.87393
1.87403
1.86949
1.87012
1.86829
1.86867
1.86929
1.86887
1.86476
1.86324
1.864
1.8589
1.85892
1.85885
1.85897
1.85373
1.85342
1.8487
1.85296
1.85324
1.8534
1.85364
1.85401
1.85316
1.84266
1.84855
1.84847
1.84837
1.8536
1.84888
1.84756
1.84783
1.84881
1.84851
1.84369
1.8428
1.84291
1.83866
1.83398
1.83209
1.82767
1.82774
1.82769
1.82821
1.82206
1.82215
1.823
1.81748
1.81251
1.81239
1.80734
1.80681
1.8011
1.803
1.79269
1.7908
1.78726
1.78591
1.78714
1.78112
1.78134
1.78113
1.77584
1.77639
1.77581
1.77019
1.77141
1.76531
1.76131
1.7608
1.76041
1.75048
1.75023
1.74536
1.74507
1.74548
1.74009
1.74018
1.74016
1.73946
1.73551
1.73421
1.73526
1.73443
1.73028
1.73053
1.72408
1.71981
1.71887
1.71444
1.7139
1.71399
1.71426
1.71421
1.70965
1.70844
1.70941
1.70385
1.70862
1.69885
1.69855
1.69869
1.69855
1.69873
1.69868
1.6937
1.69338
1.69318
1.69365
1.69349
1.69353
1.69343
1.69356
1.69342
1.69356
1.68875
1.69283
1.6819
1.68416
1.68239
1.6835
1.67844
1.67957
1.67187
1.67214
1.67342
1.67237
1.67262
1.67293
1.67279
1.67292
1.67293
1.67275
1.6681
1.66685
1.66706
1.66819
1.66771
1.6628
1.66272
1.65788
1.6576
1.65717
1.6572
1.65748
1.65724
1.65709
1.6527
1.65181
1.65192
1.65197
1.64683
1.64716
1.64247
1.64142
1.64218
1.63682
1.63767
1.6364
1.63671
1.63133
1.63164
1.63149
1.63154
1.63151
1.63601
1.64683
1.65201
1.66738
1.67721
1.68742
1.69791
1.71368
1.7242
1.73984
1.74944
1.76017
1.76542
1.77574
1.78116
1.79608
1.8119
1.81686
1.82263
1.83183
1.84284
1.8528
1.85789
1.86427
1.87399
1.86903
1.87467
1.87386
1.87404
1.87874
1.88013
1.87872
1.87343
1.87484
1.86981
1.87288
1.8683
1.86961
1.86857
1.8694
1.86875
1.86437
1.86404
1.8638
1.86456
1.85851
1.85883
1.85865
1.85873
1.85871
1.85897
1.85853
1.85402
1.85314
1.849
1.84865
1.85311
1.84839
1.8435
1.84339
1.83865
1.83201
1.8287
1.82818
1.82752
1.82244
1.82256
