1.61118
1.61098
1.61615
1.61105
1.61078
1.61093
1.6106
1.60619
1.6009
1.60061
1.60057
1.59547
1.59525
1.60084
1.60078
1.59991
1.60496
1.60631
1.61135
1.62028
1.6309
1.63646
1.6466
1.66191
1.67221
1.68791
1.69797
1.72972
1.73885
1.75433
1.76556
1.7917
1.80772
1.81097
1.82293
1.82227
1.83207
1.83799
1.8482
1.85293
1.85824
1.86352
1.8686
1.87427
1.87416
1.87416
1.87408
1.87919
1.87445
1.87885
1.8842
1.88509
1.87935
1.87943
1.87946
1.87926
1.87441
1.87404
1.86899
1.86907
1.86906
1.86901
1.86417
1.86388
1.86438
1.85856
1.85855
1.85304
1.84957
1.84738
1.84318
1.84812
1.84342
1.84306
1.84312
1.83848
1.83772
1.83831
1.8334
1.8374
1.8333
1.83261
1.82746
1.82791
1.82779
1.8277
1.82774
1.82772
1.82736
1.82763
1.82299
1.82225
1.82281
1.82239
1.8229
1.82226
1.82227
1.81791
1.81702
1.81769
1.8172
1.81798
1.81285
1.81176
1.80716
1.80695
1.80723
1.80223
1.7967
1.79239
1.78719
1.7859
1.78724
1.77618
1.77157
1.77053
1.76145
1.76049
1.761
1.75555
1.75531
1.7498
1.74626
1.74014
1.7398
1.73079
1.72878
1.72434
1.7245
1.71416
1.70937
1.70872
1.70408
1.70353
1.69812
1.6991
1.69383
1.69405
1.69348
1.68358
1.68778
1.68269
1.67903
1.67775
1.6785
1.67276
1.67294
1.66721
1.66279
1.663
1.66212
1.66233
1.65691
1.65815
1.65673
1.65191
1.65238
1.65213
1.64737
1.64669
1.64151
1.64217
1.6416
1.64114
1.63764
1.63735
1.63624
1.63197
1.63112
1.6319
1.63151
1.62667
1.62647
1.62633
1.62149
1.62661
1.62079
1.62153
1.61658
1.61561
1.61634
1.61606
1.61575
1.61107
1.61068
1.6107
1.61069
1.60641
1.60511
1.6057
1.60534
1.60466
1.60166
1.59972
1.60118
1.60052
1.59563
1.59533
1.59552
1.59487
1.59097
1.59071
1.58983
1.5904
1.59013
1.58538
1.58481
1.58534
1.58481
1.58529
1.58531
1.57999
1.57984
1.57987
1.57991
1.58497
1.58997
1.59045
1.59485
1.60067
1.60492
1.6205
1.63064
1.6469
1.65647
1.68795
1.69798
1.7185
1.72917
1.74963
1.76017
1.7702
1.80098
1.81651
1.82244
1.83765
1.84778
1.86406
1.87302
1.88407
1.88968
1.89465
1.8999
1.89957
1.90525
1.90509
1.91029
1.9103
1.9102
1.915
1.91621
1.91024
1.91532
1.90999
1.91059
1.91026
1.91039
1.90519
1.90515
1.90556
1.90041
1.90024
1.89984
1.89513
1.89981
1.89573
1.89414
1.89052
1.8891
1.88936
1.88993
1.88435
1.88473
1.88432
1.87891
1.87938
1.87452
1.86912
1.86893
1.86922
1.86924
1.86368
1.86405
1.85851
1.85854
1.85885
1.85859
1.85435
1.85397
1.84802
1.84335
1.84839
1.84336
1.84384
1.84265
1.84336
1.83792
1.83859
1.83332
1.8277
1.82773
1.82772
1.82283
1.82732
1.82212
1.82333
1.81755
1.81733
1.81263
1.80806
1.80634
1.80188
1.80185
1.79677
1.79194
1.79126
1.78114
1.78141
1.78134
1.77675
1.77198
1.77019
1.77145
1.76579
1.76121
1.76021
1.75131
1.74595
1.7393
1.73478
1.73478
1.72932
1.72988
1.72428
1.71986
1.71879
1.71389
1.71475
1.70416
1.70366
1.69947
1.69796
1.69923
1.69336
1.69355
1.68901
1.68785
1.68368
1.68271
1.68356
1.67771
1.67342
1.6724
1.67316
1.67267
1.67332
1.66781
1.66264
1.66241
1.66288
1.65737
1.65735
1.65739
1.65729
1.65741
1.65259
1.65186
1.65199
1.65234
1.64786
1.64595
1.64644
1.64254
1.63598
1.63718
1.63638
1.63209
1.63109
1.63169
1.62656
1.62634
1.62108
1.62123
1.62089
1.61615
1.61596
1.61598
1.61574
1.61593
1.61131
1.6105
1.61053
1.61119
1.6063
1.61013
1.59971
1.6016
1.5998
1.60019
1.60044
1.59566
1.59525
1.59545
1.59581
1.59499
1.58468
1.5903
1.58485
1.58079
1.57924
1.57956
1.58014
1.57483
1.57464
1.5749
1.57488
1.57016
1.57397
1.57468
1.57474
1.58008
1.58425
1.58945
1.59076
1.59468
1.61088
1.62024
1.62634
1.64178
1.65127
1.66765
1.67653
1.69679
1.70943
1.7248
1.73842
1.75384
1.76595
1.7701
1.78085
1.79094
1.79646
1.81171
1.81748
1.83345
1.83684
1.84385
1.85244
1.85401
1.85764
1.863
1.86936
1.87377
1.87455
1.87392
1.87451
1.874
1.87341
1.87926
1.87427
1.8742
1.87413
1.87367
1.86983
1.8696
1.86377
1.86393
1.86381
1.85852
1.8588
1.85869
1.85918
1.85382
1.85358
1.85357
1.84838
1.8484
1.84836
1.84868
1.84318
1.83824
1.83797
1.8332
1.83267
1.82797
1.82753
1.82271
1.82741
1.82308
1.82224
1.82241
1.81824
1.81785
1.81709
1.8128
1.81626
1.81143
1.81315
1.81165
1.81212
