1.64203
1.63642
1.63216
1.63197
1.62636
1.62642
1.62149
1.62053
1.62179
1.6163
1.61621
1.61145
1.61081
1.61075
1.61102
1.61143
1.6056
1.60122
1.6045
1.59957
1.6013
1.60001
1.59947
1.60096
1.59523
1.59558
1.59558
1.59522
1.59109
1.58959
1.5907
1.58989
1.59007
1.59033
1.59016
1.58978
1.58532
1.58473
1.58545
1.58538
1.58034
1.58007
1.57981
1.57994
1.57472
1.57474
1.57515
1.57448
1.56926
1.5698
1.56953
1.5696
1.56957
1.57438
1.57889
1.58519
1.59542
1.59978
1.61049
1.62085
1.63075
1.66771
1.68804
1.69745
1.70882
1.73504
1.74388
1.78112
1.79064
1.81131
1.82188
1.83768
1.84759
1.86904
1.88471
1.88882
1.89518
1.9056
1.90924
1.91533
1.91567
1.92023
1.92584
1.92501
1.92048
1.92115
1.91546
1.91059
1.9101
1.90498
1.9053
1.89947
1.90087
1.89487
1.88996
1.89443
1.88477
1.88435
1.87999
1.87933
1.87495
1.87366
1.86403
1.86343
1.85822
1.85913
1.84826
1.84855
1.84377
1.84271
1.83837
1.83782
1.83217
1.83394
1.8285
1.82712
1.82766
1.82289
1.82231
1.82235
1.82274
1.82299
1.81768
1.81719
1.81684
1.81242
1.80728
1.80273
1.80132
1.79718
1.79637
1.78659
1.78103
1.78102
1.77622
1.77563
1.76662
1.75571
1.75529
1.74502
1.74565
1.73981
1.73557
1.72438
1.71426
1.71406
1.70861
1.70449
1.69952
1.69417
1.68819
1.68397
1.67879
1.67736
1.66815
1.66722
1.65711
1.66248
1.65754
1.65236
1.64787
1.64639
1.64748
1.64175
1.63757
1.63663
1.6322
1.63112
1.63186
1.62641
1.62159
1.62091
1.61625
1.61582
1.61095
1.6158
1.61131
1.61063
1.61066
1.61107
1.60575
1.60576
1.60625
1.60044
1.60064
1.60059
1.60053
1.59573
1.6
1.59477
1.59589
1.59036
1.59021
1.5906
1.58507
1.57894
1.58029
1.57975
1.58005
1.57434
1.57506
1.57536
1.56942
1.56958
1.56959
1.56961
1.56997
1.5642
1.56462
1.55977
1.55881
1.554
1.55914
1.55387
1.55427
1.5492
1.54878
1.54893
1.54364
1.5442
1.54928
1.54869
1.54923
1.55987
1.55864
1.57998
1.60464
1.61579
1.6363
1.65118
1.67257
1.69167
1.71288
1.72918
1.73931
1.76548
1.78006
1.81234
1.84226
1.85288
1.86869
1.87821
1.88888
1.89999
1.90936
1.91592
1.92141
1.92491
1.93091
1.93109
1.93654
1.93587
1.93594
1.93082
1.93111
1.93147
1.93059
1.92608
1.92611
1.92069
1.92025
1.91492
1.91599
1.91031
1.91031
1.90594
1.9046
1.9053
1.89974
1.89974
1.89545
1.89038
1.88917
1.88461
1.88438
1.88469
1.87919
1.87507
1.8703
1.86808
1.86373
1.86389
1.86393
1.85894
1.85902
1.85359
1.85352
1.84876
1.8438
1.84769
1.84257
1.84378
1.8379
1.83308
1.83273
1.82798
1.82739
1.82726
1.8282
1.82276
1.82248
1.8226
1.82294
1.81738
1.81742
1.80783
1.81131
1.80612
1.80306
1.79561
1.79284
1.78796
1.78032
1.77611
1.77617
1.77072
1.76631
1.75554
1.75536
1.74506
1.74521
1.73526
1.7345
1.72567
1.7236
1.71373
1.71445
1.70441
1.69892
1.69361
1.69381
1.68342
1.67805
1.67299
1.66825
1.66261
1.65761
1.65234
1.65213
1.64778
1.64644
1.6414
1.63734
1.63163
1.62693
1.6221
1.62062
1.61575
1.61625
1.6159
1.61063
1.61063
1.61111
1.60631
1.6004
1.60015
1.5963
1.59574
1.59521
1.58984
1.58572
1.58942
1.58391
1.586
1.58493
1.58029
1.58022
1.57967
1.57978
1.57999
1.57985
1.57464
1.57483
1.57482
1.57466
1.5702
1.57402
1.56989
1.56485
1.56404
1.55886
1.5595
1.55453
1.5586
1.55353
1.5549
1.55346
1.55309
1.55042
1.54988
1.54329
1.54345
1.544
1.54402
1.53837
1.5384
1.53878
1.54361
1.53898
1.54281
1.54855
1.55893
1.56931
1.57419
1.59488
1.60545
1.61525
1.62586
1.64098
1.65133
1.67744
1.69221
1.71841
1.73369
1.74497
1.75446
1.77039
1.78066
1.80684
1.81647
1.84769
1.85332
1.87425
1.87856
1.89451
1.90443
1.90974
1.91555
1.92128
1.92461
1.93038
1.93147
1.93126
1.9308
1.93096
1.93106
1.92628
1.9254
1.91982
1.92174
1.91095
1.91034
1.91028
1.90597
1.90083
1.89533
1.89454
1.88988
1.88983
1.8797
1.87922
1.87375
1.87454
1.86428
1.85914
1.85423
1.8525
1.85314
1.84947
1.84276
1.84364
1.83803
1.8381
1.83294
1.83282
1.83273
1.82817
1.82801
1.82794
1.82792
1.82756
1.82311
1.82697
1.82154
1.82336
1.82266
1.81725
1.81752
1.81747
1.81701
1.81207
1.81231
1.80741
1.80679
1.80286
1.80251
1.79659
1.79121
1.7815
1.77662
1.7719
1.77026
1.76049
1.75577
1.75048
1.74519
1.7403
1.74003
1.73506
1.73532
