1.57494
1.57002
1.56915
1.56944
1.56973
1.5697
1.56479
1.56901
1.56387
1.5648
1.56414
1.55916
1.55931
1.55928
1.55442
1.55393
1.554
1.55415
1.55404
1.55449
1.55373
1.5539
1.54935
1.55403
1.54929
1.54866
1.5488
1.54901
1.54818
1.54308
1.54427
1.54382
1.53823
1.5388
1.53854
1.53872
1.5381
1.53334
1.53354
1.53359
1.53326
1.53864
1.53857
1.5439
1.55337
1.55948
1.56963
1.57879
1.59957
1.61057
1.62529
1.64614
1.66182
1.70278
1.72813
1.74003
1.75406
1.77533
1.79084
1.81086
1.82708
1.84202
1.85336
1.87822
1.88983
1.89454
1.8994
1.90506
1.91535
1.92046
1.9255
1.92598
1.93129
1.93077
1.93071
1.93101
1.93108
1.93159
1.92565
1.92615
1.92074
1.91612
1.90966
1.90497
1.90049
1.89483
1.88962
1.8844
1.87941
1.87449
1.86428
1.86355
1.85364
1.84862
1.83853
1.83779
1.83235
1.82844
1.82246
1.81784
1.81702
1.81163
1.80797
1.80232
1.80156
1.79615
1.79246
1.79088
1.78682
1.78613
1.78213
1.78171
1.78096
1.78113
1.78134
1.78128
1.78127
1.78089
1.78152
1.78137
1.7812
1.78126
1.78126
1.78089
1.77672
1.77559
1.77577
1.77635
1.77081
1.77104
1.76533
1.76651
1.76075
1.76074
1.75565
1.75053
1.74008
1.74018
1.73008
1.72934
1.71958
1.71951
1.70929
1.70388
1.70383
1.69399
1.69267
1.68231
1.68389
1.67872
1.67255
1.66306
1.66251
1.65714
1.65265
1.64227
1.64159
1.63759
1.63153
1.63195
1.62076
1.61155
1.61034
1.60547
1.60111
1.5958
1.59502
1.58994
1.59044
1.58032
1.57922
1.57953
1.58024
1.57469
1.57479
1.56935
1.5697
1.57001
1.56887
1.56441
1.56433
1.56305
1.55818
1.56007
1.55447
1.5583
1.55867
1.55485
1.55348
1.55415
1.5491
1.54883
1.54912
1.54926
1.54857
1.54927
1.54923
1.54903
1.54407
1.54883
1.5436
1.54387
1.54346
1.54391
1.53881
1.53848
1.53858
1.53866
1.53892
1.5339
1.53365
1.53344
1.53348
1.533
1.53284
1.53384
1.53361
1.5378
1.54311
1.54858
1.56353
1.57447
1.57975
1.59977
1.61532
1.63558
1.65128
1.67704
1.69288
1.70767
1.73845
1.75001
1.78115
1.79513
1.83233
1.84266
1.86329
1.86873
1.89459
1.89961
1.9195
1.926
1.93568
1.94101
1.94611
1.94623
1.95149
1.95186
1.9514
1.95192
1.95233
1.95104
1.94547
1.94773
1.941
1.94067
1.937
1.92583
1.92094
1.92043
1.91606
1.91027
1.90553
1.9006
1.89504
1.89041
1.88434
1.87967
1.87423
1.87423
1.86403
1.86378
1.85906
1.85836
1.85348
1.84883
1.84795
1.84253
1.83936
1.83439
1.83666
1.83191
1.82913
1.82674
1.82801
1.82337
1.82197
1.82301
1.82279
1.82241
1.81834
1.82281
1.81753
1.81731
1.81748
1.81286
1.81186
1.81214
1.81234
1.80692
1.80725
1.80201
1.79698
1.79668
1.79196
1.79128
1.78658
1.78181
1.78086
1.77589
1.77176
1.76497
1.75539
1.75553
1.75091
1.7459
1.73966
1.73502
1.73499
1.72416
1.72026
1.71458
1.70891
1.69837
1.69893
1.69313
1.68896
1.68434
1.67742
1.67841
1.67318
1.66776
1.66251
1.65763
1.65792
1.65208
1.65266
1.64143
1.63158
1.63181
1.6314
1.62604
1.62217
1.61498
1.61061
1.60614
1.60625
1.60044
1.60044
1.59584
1.59568
1.59517
1.59054
1.59
1.58529
1.58489
1.58497
1.58068
1.5803
1.57963
1.58051
1.57513
1.57407
1.57509
1.57447
1.56914
1.56991
1.56976
1.56945
1.56951
1.56962
1.56955
1.56421
1.56462
1.55977
1.55883
1.55899
1.55988
1.55394
1.5542
1.55435
1.55453
1.55419
1.54906
1.54875
1.54875
1.54951
1.54395
1.54374
1.54431
1.53827
1.53831
1.53885
1.53838
1.53845
1.54361
1.55387
1.56399
1.57415
1.59966
1.61547
1.63661
1.65079
1.67728
1.69276
1.71925
1.73344
1.74966
1.77526
1.78558
1.80651
1.82177
1.84266
1.85251
1.86328
1.93086
1.93558
1.93584
1.93639
1.94151
1.93635
1.93595
1.9364
1.9359
1.93683
1.93123
1.9312
1.92606
1.92118
1.92031
1.91521
1.91607
1.90478
1.89978
1.89519
1.89476
1.88998
1.88462
1.88449
1.87911
1.87474
1.86934
1.86391
1.85941
1.85435
1.85291
1.84335
1.84313
1.83872
1.83756
1.83847
1.83293
1.8328
1.83306
1.82797
1.82752
1.82257
1.82264
1.82283
1.82247
1.82256
1.82264
1.82239
1.81782
1.81709
1.81723
1.81708
1.81705
1.81774
1.81774
1.81709
1.81233
1.81176
1.81267
1.8168
1.81299
1.81168
1.80698
1.80719
1.8024
1.80147
1.80232
1.80166
1.7972
1.79147
1.78684
1.78172
1.78102
1.78136
1.77646
1.77571
1.77169
1.76627
1.76047
1.75568
1.75523
1.75083
1.74504
1.74025
1.73984
