1.59022
1.59067
1.58983
1.58427
1.58567
1.57995
1.57989
1.58035
1.57426
1.57998
1.57959
1.58498
1.58524
1.58941
1.6046
1.61135
1.6213
1.63042
1.64165
1.66217
1.67248
1.69311
1.7079
1.71915
1.7287
1.73925
1.74975
1.77026
1.7857
1.80649
1.81191
1.8328
1.84231
1.8483
1.86371
1.87375
1.88421
1.88965
1.89452
1.89514
1.89905
1.90567
1.90997
1.91552
1.9158
1.91573
1.91575
1.91528
1.9157
1.91439
1.90937
1.91109
1.90498
1.90518
1.90556
1.8999
1.89568
1.89576
1.89414
1.8887
1.89044
1.88467
1.88432
1.88472
1.87438
1.879
1.86852
1.86989
1.86874
1.86374
1.86441
1.85387
1.85338
1.85363
1.84818
1.84852
1.8427
1.84364
1.83781
1.83821
1.83796
1.83329
1.8326
1.8331
1.83275
1.8282
1.82732
1.82744
1.82797
1.82788
1.82761
1.82782
1.82766
1.82785
1.82763
1.8222
1.82288
1.82278
1.8224
1.8227
1.82246
1.81741
1.81743
1.81738
1.81255
1.81289
1.81217
1.8078
1.80267
1.80129
1.79672
1.79226
1.78697
1.78614
1.78149
1.78102
1.77706
1.77195
1.77007
1.76015
1.76103
1.75525
1.75075
1.74991
1.74614
1.73942
1.74046
1.73031
1.72553
1.72413
1.71983
1.71408
1.70946
1.7035
1.6993
1.69318
1.69421
1.69335
1.68351
1.68329
1.6787
1.67753
1.67279
1.67295
1.66344
1.66702
1.6622
1.66283
1.65769
1.65213
1.65221
1.64684
1.64219
1.64156
1.63732
1.63718
1.63628
1.63169
1.6262
1.62652
1.62624
1.62159
1.62092
1.62112
1.62161
1.6159
1.61622
1.61623
1.61106
1.61074
1.61123
1.61064
1.61105
1.61095
1.61132
1.60622
1.60525
1.60579
1.60574
1.60042
1.59513
1.59516
1.5956
1.58987
1.59046
1.59031
1.59019
1.59024
1.58504
1.58505
1.58423
1.58089
1.58096
1.57415
1.58019
1.5748
1.57465
1.56965
1.56961
1.56475
1.56415
1.56468
1.55935
1.55927
1.55933
1.55394
1.55419
1.54846
1.54926
1.54869
1.54908
1.54882
1.54899
1.55461
1.55817
1.56883
1.57947
1.58466
1.60533
1.61973
1.63563
1.65128
1.68785
1.6984
1.724
1.73895
1.76008
1.77473
1.7861
1.80078
1.81215
1.82114
1.83261
1.84241
1.84826
1.86866
1.8787
1.88885
1.90004
1.90485
1.90537
1.90987
1.91517
1.92103
1.92971
1.93049
1.93141
1.9351
1.93665
1.93537
1.93676
1.93577
1.9365
1.9309
1.93109
1.93108
1.93099
1.9256
1.92601
1.92081
1.92587
1.9209
1.9205
1.91509
1.91586
1.91044
1.91019
1.91017
1.91059
1.90553
1.90506
1.90514
1.90084
1.90056
1.89512
1.89502
1.88946
1.88991
1.8847
1.88434
1.87954
1.87925
1.87383
1.87494
1.86875
1.86437
1.86347
1.86398
1.85896
1.85884
1.8538
1.85332
1.84851
1.84844
1.84835
1.84394
1.84753
1.84422
1.83762
1.83825
1.83785
1.83338
1.83243
1.82889
1.82679
1.82848
1.82267
1.82254
1.81694
1.81771
1.81207
1.80796
1.80635
1.80137
1.80278
1.79218
1.79115
1.78081
1.78199
1.77626
1.77137
1.77061
1.761
1.76027
1.7552
1.75604
1.74974
1.74023
1.73563
1.72927
1.72998
1.72512
1.71942
1.71442
1.70953
1.70485
1.70305
1.6928
1.69441
1.69284
1.69437
1.68801
1.6841
1.68371
1.67789
1.6781
1.67302
1.67279
1.67279
1.66734
1.66794
1.66289
1.66266
1.6567
1.65788
1.65201
1.65234
1.64748
1.64666
1.6473
1.64175
1.63749
1.63711
1.63159
1.63162
1.6311
1.62581
1.62682
1.62601
1.62219
1.62048
1.62173
1.62189
1.62067
1.61516
1.6167
1.61639
1.61581
1.61628
1.61098
1.61095
1.61125
1.60574
1.60569
1.60129
1.60032
1.60042
1.59587
1.59577
1.59507
1.59566
1.59029
1.59027
1.59013
1.58563
1.58956
1.58452
1.58054
1.58433
1.57953
1.58012
1.57438
1.57503
1.57489
1.57462
1.57474
1.56986
1.56983
1.56444
1.56449
1.56428
1.55978
1.55874
1.55461
1.55379
1.54958
1.55326
1.54819
1.54946
1.54857
1.54873
1.5535
1.55857
1.56464
1.56985
1.57876
1.59037
1.6003
1.61942
1.65224
1.6611
1.6867
1.69846
1.72438
1.73864
1.77623
1.78529
1.79654
1.81112
1.8179
1.83855
1.84733
1.86267
1.87456
1.88959
1.89455
1.89998
1.89997
1.90455
1.91008
1.9203
1.92096
1.92564
1.92604
1.92561
1.93124
1.93116
1.92577
1.92587
1.92585
1.92136
1.92015
1.91544
1.92008
1.91531
1.91117
1.90565
1.90478
1.89973
1.90029
1.8998
1.89955
1.90034
1.88981
1.88971
1.88506
1.88399
1.88013
1.87533
1.87338
1.869
1.86896
1.86438
1.86443
1.8585
1.85369
1.85345
1.84906
1.84788
1.84296
1.84337
1.84314
1.84324
1.83842
1.83775
1.83785
1.83822
1.83814
1.83812
1.83788
