1.70475
1.70302
1.69969
1.69776
1.69495
1.69236
1.68741
1.68422
1.67816
1.67784
1.67243
1.6736
1.66741
1.66312
1.662
1.65771
1.65711
1.65172
1.6472
1.64685
1.64208
1.63721
1.63623
1.6371
1.63148
1.63168
1.62604
1.62657
1.62075
1.62155
1.62095
1.62045
1.61692
1.6165
1.6153
1.61113
1.61106
1.61083
1.61092
1.6109
1.61086
1.61087
1.61089
1.60526
1.60058
1.60549
1.59628
1.59957
1.59587
1.59568
1.59561
1.59521
1.59977
1.60115
1.60457
1.61043
1.62093
1.63615
1.64192
1.6574
1.66665
1.67808
1.69872
1.70786
1.71921
1.72865
1.73972
1.77011
1.78092
1.79615
1.81132
1.82652
1.83317
1.84857
1.85263
1.86401
1.87385
1.87892
1.88908
1.89982
1.90021
1.90555
1.90489
1.90502
1.90529
1.90523
1.90514
1.9052
1.89968
1.90032
1.8945
1.89065
1.88458
1.87963
1.87381
1.86971
1.86401
1.85898
1.85419
1.85295
1.84963
1.84289
1.84398
1.83729
1.83262
1.83315
1.8276
1.82306
1.81818
1.81671
1.81321
1.80853
1.80588
1.80237
1.79687
1.79176
1.79208
1.79082
1.78567
1.78703
1.78198
1.78071
1.78614
1.78079
1.78122
1.7812
1.78133
1.78132
1.78121
1.78131
1.78129
1.78124
1.78125
1.78127
1.78134
1.78155
1.77625
1.776
1.77562
1.77152
1.76539
1.76613
1.761
1.76075
1.76055
1.75562
1.75046
1.75014
1.74596
1.74445
1.74084
1.74091
1.73437
1.73007
1.72933
1.71979
1.71894
1.7138
1.7099
1.70409
1.6992
1.68925
1.68917
1.68333
1.67283
1.6732
1.66848
1.66363
1.65861
1.65647
1.6519
1.65232
1.64671
1.64285
1.6411
1.63569
1.63747
1.63205
1.62634
1.62151
1.62104
1.61673
1.61552
1.616
1.61619
1.61109
1.61069
1.61105
1.60619
1.61015
1.60485
1.60646
1.60051
1.60107
1.60017
1.60039
1.6003
1.60043
1.60029
1.60038
1.59554
1.59563
1.59546
1.59537
1.59541
1.59543
1.59029
1.59021
1.59026
1.59019
1.59061
1.58954
1.58986
1.59008
1.59036
1.59032
1.59502
1.60568
1.61098
1.61531
1.62584
1.64139
1.65112
1.6675
1.67702
1.70193
1.70969
1.71736
1.7383
1.75041
1.78052
1.79095
1.81215
1.8218
1.83746
1.8428
1.85842
1.86342
1.87929
1.88386
1.88897
1.8947
1.89963
1.90024
1.90494
1.90497
1.90533
1.90526
1.90512
1.90492
1.90534
1.90043
1.89966
1.90032
1.89445
1.88964
1.88478
1.88472
1.8799
1.8748
1.87334
1.868
1.86455
1.86415
1.86414
1.85878
1.85385
1.8533
1.85374
1.84327
1.8433
1.84342
1.83821
1.83331
1.83259
1.83312
1.82731
1.82809
1.82258
1.82256
1.81764
1.81722
1.81773
1.81718
1.81198
1.81282
1.807
1.80708
1.80713
1.80743
1.8018
1.80205
1.80204
1.79701
1.79698
1.79655
1.79692
1.79161
1.79166
1.79167
1.79151
1.78586
1.78683
1.78614
1.78148
1.78107
1.78155
1.77621
1.77133
1.77069
1.77107
1.76099
1.76042
1.7508
1.75052
1.74532
1.74
1.73978
1.74018
1.73029
1.72913
1.72455
1.72433
1.72018
1.7151
1.71337
1.70793
1.70533
1.70268
1.69779
1.69971
1.69419
1.69304
1.68341
1.68298
1.67883
1.67842
1.67292
1.66857
1.66696
1.66245
1.66249
1.66249
1.65803
1.65718
1.65714
1.65798
1.6524
1.65199
1.65203
1.65241
1.64707
1.64253
1.64091
1.64117
1.63754
1.63598
1.63239
1.63091
1.63198
1.63122
1.6259
1.62676
1.6213
1.62113
1.62166
1.62087
1.62146
1.62134
1.61623
1.62162
1.61599
1.616
1.61607
1.61611
1.61127
1.61059
1.61129
1.61051
1.61163
1.60662
1.60491
1.60471
1.6017
1.60124
1.59968
1.60117
1.59961
1.60131
1.59996
1.60102
1.60509
1.61037
1.61601
1.62607
1.63597
1.63717
1.65737
1.66176
1.68239
1.68823
1.70923
1.71808
1.72955
1.74998
1.75496
1.76506
1.78566
1.80758
1.81598
1.82717
1.83253
1.84358
1.84749
1.85813
1.864
1.86337
1.86926
1.87333
1.87411
1.87421
1.87414
1.87427
1.87412
1.87456
1.87351
1.86823
1.86972
1.86399
1.86381
1.85943
1.85905
1.85405
1.84912
1.84821
1.84403
1.83778
1.83345
1.83248
1.82702
1.82823
1.82243
1.82281
1.81746
1.81732
1.81751
1.81222
1.81217
1.80731
1.80688
1.80143
1.80234
1.79676
1.79724
1.7964
1.78629
1.78693
1.78609
1.78638
1.78629
1.78046
1.78197
1.78169
1.78093
1.78096
1.77659
1.78068
1.78051
1.78219
1.78114
1.77656
1.77646
1.77579
1.77635
1.77627
1.77597
1.77156
1.77536
1.77147
1.77053
1.76521
1.76624
1.76128
1.76003
1.7611
1.75544
1.75592
1.74544
1.74496
1.74032
1.74452
1.73487
1.73478
1.73477
1.72924
1.72554
1.72066
1.71823
1.7138
1.70912
