1.61608
1.61121
1.61049
1.61154
1.61171
1.61026
1.61049
1.61119
1.61084
1.60543
1.60597
1.6059
1.60075
1.60047
1.60061
1.6001
1.59601
1.59084
1.59472
1.59036
1.59042
1.59014
1.59067
1.59024
1.58972
1.59062
1.59534
1.59536
1.59545
1.60604
1.61027
1.6262
1.6359
1.64166
1.65132
1.66217
1.67778
1.69241
1.70853
1.72344
1.75028
1.77994
1.79158
1.80711
1.81596
1.83166
1.83819
1.85833
1.86337
1.86874
1.87381
1.87956
1.88356
1.88997
1.88943
1.89009
1.89011
1.885
1.88407
1.87898
1.87965
1.87436
1.87405
1.86841
1.86949
1.86376
1.86445
1.85852
1.8585
1.85411
1.84955
1.84748
1.8434
1.8431
1.8433
1.83751
1.8385
1.83283
1.82817
1.82735
1.8218
1.82314
1.81742
1.81741
1.81214
1.81225
1.80741
1.80722
1.80255
1.80235
1.80156
1.80213
1.79691
1.79663
1.79685
1.79193
1.7962
1.79723
1.79689
1.79757
1.79599
1.79719
1.79152
1.79211
1.78684
1.78604
1.78677
1.78224
1.78571
1.7803
1.78242
1.77647
1.77593
1.7713
1.76612
1.76563
1.76008
1.76101
1.76091
1.75546
1.75101
1.74973
1.74581
1.74467
1.73959
1.74016
1.73068
1.7288
1.72549
1.71916
1.71949
1.71449
1.70898
1.70903
1.69887
1.69851
1.6938
1.6936
1.68322
1.68278
1.67852
1.67762
1.67247
1.6731
1.66765
1.67259
1.66776
1.6627
1.66239
1.66169
1.66302
1.65762
1.65281
1.65129
1.6529
1.65262
1.65186
1.64745
1.64725
1.64207
1.64216
1.63673
1.64118
1.6362
1.63699
1.63627
1.63145
1.63155
1.63157
1.6316
1.63146
1.63147
1.63124
1.6269
1.62601
1.62142
1.6259
1.62067
1.62163
1.62188
1.62065
1.61712
1.6227
1.61521
1.61555
1.61642
1.61625
1.61555
1.61638
1.61625
1.61104
1.61101
1.61077
1.61081
1.61094
1.61083
1.61079
1.60647
1.60548
1.60587
1.60009
1.6009
1.59592
1.59988
1.5948
1.59583
1.59507
1.59571
1.59503
1.58961
1.59075
1.59424
1.59465
1.60041
1.61062
1.61108
1.62042
1.62668
1.63052
1.64206
1.65713
1.66711
1.68273
1.69774
1.7187
1.72407
1.73906
1.75957
1.77058
1.78517
1.79679
1.80596
1.82175
1.82801
1.84305
1.85312
1.86353
1.86858
1.88461
1.88926
1.88945
1.89466
1.89461
1.89469
1.90022
1.89983
1.90018
1.90013
1.89992
1.90006
1.9004
1.8948
1.89002
1.89022
1.88482
1.88465
1.87964
1.87913
1.87999
1.87438
1.87407
1.86871
1.86971
1.86398
1.86383
1.85845
1.85889
1.85412
1.85385
1.84852
1.84361
1.84299
1.84317
1.83843
1.83809
1.83282
1.83296
1.82848
1.82719
1.82812
1.82239
1.82281
1.8232
1.82209
1.81691
1.81775
1.81702
1.81233
1.81208
1.81288
1.80691
1.80697
1.8027
1.80185
1.80191
1.80177
1.79727
1.79156
1.7917
1.79176
1.78662
1.78179
1.78078
1.77701
1.77536
1.76989
1.76652
1.76085
1.7604
1.75478
1.75636
1.75051
1.74579
1.73958
1.73988
1.73526
1.73068
1.72883
1.7244
1.72444
1.72011
1.71389
1.70916
1.70879
1.70472
1.69925
1.69815
1.69264
1.69413
1.68808
1.68409
1.67704
1.67874
1.67359
1.67227
1.66803
1.66196
1.66299
1.65766
1.6571
1.65272
1.65261
1.64799
1.65105
1.64599
1.6434
1.64123
1.6374
1.63744
1.63133
1.63153
1.63149
1.63148
1.62706
1.62587
1.62096
1.62621
1.62073
1.62163
1.62104
1.61639
1.6161
1.61606
1.61167
1.61507
1.61047
1.61122
1.61061
1.61036
1.61124
1.61104
1.61088
1.60628
1.60632
1.60528
1.60509
1.60081
1.60096
1.60028
1.60063
1.5957
1.5956
1.59521
1.59519
1.59522
1.595
1.59482
1.59097
1.58962
1.58981
1.59057
1.58556
1.58956
1.59149
1.5889
1.5896
1.59551
1.60028
1.60071
1.60527
1.62027
1.62632
1.63644
1.64628
1.662
1.67172
1.70303
1.71371
1.73927
1.74483
1.76521
1.78008
1.79579
1.8067
1.81187
1.82729
1.837
1.85844
1.86338
1.86915
1.87331
1.87984
1.88506
1.88936
1.89506
1.89469
1.89498
1.89475
1.89492
1.89496
1.89473
1.89473
1.89496
1.89049
1.88902
1.89027
1.88564
1.88848
1.88348
1.88533
1.88017
1.87875
1.87982
1.8748
1.87369
1.86905
1.86903
1.86903
1.86384
1.86392
1.86393
1.859
1.85887
1.85413
1.85385
1.84854
1.84818
1.84323
1.84325
1.83884
1.83742
1.83765
1.8388
1.8323
1.8333
1.82827
1.83253
1.82728
1.82806
1.82749
1.82268
1.82202
1.8229
1.82249
1.81775
1.8176
1.82215
1.81695
1.81731
1.81209
1.81236
1.80664
1.80738
1.80206
1.80205
1.79734
1.79703
1.79212
1.79119
1.78657
1.78625
1.78073
1.78217
1.7762
1.77117
1.76548
1.75507
1.75591
1.75112
1.74951
