1.62631
1.62643
1.62596
1.62672
1.62661
1.62625
1.62637
1.62145
1.62131
1.62113
1.62153
1.62099
1.62113
1.62125
1.61632
1.62072
1.62183
1.6207
1.62088
1.62146
1.62135
1.6211
1.62169
1.62038
1.6169
1.61646
1.61577
1.61164
1.6103
1.6105
1.61118
1.61106
1.61563
1.6152
1.62116
1.62118
1.63168
1.63629
1.64148
1.65149
1.67257
1.70315
1.70874
1.72895
1.73944
1.75425
1.76571
1.77512
1.78124
1.79064
1.79668
1.81287
1.82144
1.83169
1.8383
1.8476
1.85761
1.85943
1.86427
1.86847
1.8737
1.87458
1.88023
1.87826
1.88023
1.88038
1.88346
1.87853
1.87996
1.87894
1.87882
1.8749
1.87453
1.86917
1.8696
1.86373
1.86396
1.85811
1.8539
1.8533
1.84814
1.84849
1.84355
1.8435
1.83853
1.83388
1.83217
1.82772
1.8277
1.82287
1.82229
1.82281
1.81707
1.81762
1.81266
1.81194
1.80763
1.80667
1.80738
1.80241
1.80642
1.79635
1.80195
1.79639
1.79706
1.7969
1.79666
1.79696
1.79671
1.79671
1.79166
1.79161
1.79168
1.79191
1.78607
1.78671
1.78659
1.7863
1.78651
1.78647
1.78604
1.78145
1.78595
1.78121
1.7813
1.78123
1.77581
1.77632
1.77092
1.77089
1.76517
1.76666
1.76026
1.75568
1.75518
1.74951
1.75133
1.73906
1.73541
1.7302
1.72931
1.72392
1.72489
1.71897
1.71469
1.70878
1.70429
1.70346
1.69796
1.69425
1.69375
1.69338
1.68809
1.68358
1.68296
1.67839
1.67759
1.6729
1.67276
1.66732
1.66308
1.66273
1.66239
1.65769
1.65211
1.65224
1.64732
1.65131
1.64663
1.64289
1.64104
1.63643
1.6369
1.63216
1.63098
1.63199
1.62563
1.62621
1.62162
1.62139
1.6211
1.62046
1.61696
1.6167
1.61549
1.61642
1.61574
1.61046
1.61606
1.61032
1.61132
1.61114
1.61112
1.61065
1.60518
1.60655
1.60664
1.60051
1.60052
1.60057
1.60055
1.59931
1.59433
1.59623
1.59474
1.58951
1.5908
1.58563
1.58955
1.58443
1.58109
1.58051
1.57954
1.57991
1.58516
1.59004
1.59029
1.60036
1.60515
1.61553
1.62615
1.63585
1.65161
1.66195
1.67715
1.688
1.70869
1.72295
1.73006
1.75072
1.75883
1.7915
1.80099
1.81649
1.82243
1.83703
1.8434
1.85422
1.8627
1.86965
1.87515
1.87792
1.88345
1.8898
1.89466
1.89504
1.89471
1.89495
1.8949
1.8948
1.89523
1.89459
1.88928
1.89001
1.88944
1.88361
1.88381
1.88556
1.87869
1.88029
1.87443
1.87406
1.86867
1.86976
1.86404
1.86376
1.86394
1.85838
1.85901
1.85376
1.85339
1.84865
1.84816
1.84856
1.84386
1.84274
1.83851
1.8377
1.83779
1.83348
1.83724
1.83392
1.83167
1.83384
1.82766
1.82759
1.82831
1.82728
1.82201
1.82301
1.82284
1.82236
1.81765
1.81715
1.81765
1.8176
1.81723
1.8176
1.81242
1.81239
1.80732
1.80145
1.80229
1.79648
1.79693
1.79131
1.7923
1.78218
1.78059
1.78175
1.77146
1.76037
1.76084
1.75599
1.75495
1.75138
1.74029
1.73971
1.72994
1.72942
1.72489
1.72011
1.71878
1.71389
1.70939
1.70875
1.70315
1.69953
1.69444
1.69269
1.68727
1.68424
1.68406
1.6777
1.67814
1.67229
1.67327
1.66778
1.66271
1.65755
1.65759
1.65191
1.65195
1.65239
1.64754
1.64656
1.64743
1.64182
1.6374
1.63703
1.63656
1.63106
1.63227
1.63141
1.62604
1.62663
1.62135
1.62105
1.61572
1.61628
1.61617
1.61596
1.61099
1.61091
1.61122
1.60555
1.6059
1.60045
1.60061
1.60015
1.59561
1.59527
1.5903
1.59016
1.58994
1.58559
1.58952
1.58433
1.58565
1.58543
1.57999
1.58034
1.5806
1.57409
1.5744
1.57501
1.57463
1.57477
1.56918
1.56996
1.56988
1.56896
1.56968
1.56908
1.56997
1.5747
1.57469
1.57992
1.58443
1.58995
1.60515
1.61058
1.62613
1.6355
1.65643
1.66246
1.69771
1.70859
1.73905
1.75961
1.77064
1.7805
1.79591
1.80666
1.81657
1.82739
1.83732
1.84349
1.85865
1.86321
1.8692
1.8737
1.87971
1.88421
1.88477
1.88509
1.88405
1.87927
1.87944
1.87364
1.8746
1.86442
1.86312
1.85868
1.85869
1.85348
1.85358
1.84908
1.84317
1.84322
1.8375
1.83368
1.82896
1.8268
1.82229
1.82275
1.81799
1.81815
1.81236
1.80786
1.8065
1.80268
1.80135
1.80232
1.79683
1.79693
1.79175
1.78624
1.78623
1.78703
1.78145
1.78184
1.78084
1.78105
1.78141
1.78081
1.78103
1.77653
1.77631
1.77596
1.77605
1.77612
1.77609
1.77654
1.77536
1.77061
1.77115
1.771
1.77091
1.76639
1.76526
1.7662
1.76538
1.75518
1.761
1.7497
1.75072
1.74534
1.74494
1.73926
1.73605
1.73386
1.72949
1.7297
1.72476
1.71979
1.71509
1.71347
1.70904
1.70926
