1.68754
1.6828
1.67856
1.67874
1.67749
1.67348
1.66785
1.66751
1.66224
1.66267
1.65807
1.65685
1.65768
1.65714
1.65265
1.6563
1.65124
1.65294
1.64758
1.65103
1.64869
1.64573
1.64318
1.64081
1.64273
1.63669
1.64198
1.63679
1.63658
1.63682
1.63645
1.63692
1.63147
1.63122
1.62646
1.62628
1.6263
1.62164
1.62081
1.6209
1.62146
1.62145
1.62058
1.61588
1.61619
1.61592
1.61614
1.61596
1.616
1.62095
1.62598
1.62658
1.63075
1.65191
1.66698
1.67752
1.68278
1.70294
1.71382
1.74439
1.7646
1.776
1.79166
1.80075
1.81225
1.82144
1.82792
1.83649
1.85307
1.86324
1.87341
1.88444
1.88951
1.89426
1.89492
1.89924
1.90396
1.9106
1.91459
1.91624
1.91596
1.91515
1.91575
1.91564
1.91098
1.91071
1.90483
1.90004
1.90042
1.89575
1.89421
1.88924
1.88553
1.88383
1.87855
1.88033
1.86958
1.86906
1.86364
1.85962
1.85274
1.84854
1.84343
1.83844
1.83393
1.8324
1.83334
1.82328
1.82202
1.8179
1.81247
1.81209
1.80755
1.80663
1.80708
1.80709
1.80191
1.80683
1.80272
1.80186
1.79711
1.79694
1.80153
1.79661
1.79679
1.79684
1.79666
1.79667
1.79647
1.79115
1.79194
1.78686
1.78607
1.78671
1.78179
1.78087
1.78147
1.78113
1.7759
1.77138
1.77064
1.76552
1.76106
1.75631
1.75486
1.7499
1.75095
1.74498
1.73964
1.73496
1.73003
1.7293
1.71849
1.71506
1.71386
1.70834
1.70502
1.69966
1.69786
1.68904
1.68291
1.68292
1.67859
1.67366
1.66727
1.66771
1.66287
1.66217
1.66326
1.65706
1.65799
1.65204
1.65229
1.64674
1.64283
1.64111
1.63761
1.636
1.63722
1.63153
1.63198
1.62657
1.62619
1.62652
1.62097
1.62143
1.61528
1.61663
1.6156
1.61637
1.61092
1.6109
1.61088
1.61089
1.61132
1.61093
1.60519
1.60613
1.6015
1.60474
1.60605
1.60045
1.60064
1.60054
1.6006
1.60061
1.60014
1.60049
1.60053
1.60056
1.59515
1.59614
1.59968
1.59641
1.59603
1.59489
1.60087
1.59988
1.60043
1.60511
1.60978
1.6162
1.6318
1.6353
1.65621
1.6676
1.67699
1.69777
1.70858
1.72934
1.74407
1.76454
1.77598
1.7851
1.80567
1.81789
1.85867
1.87411
1.87869
1.89451
1.89989
1.90523
1.90965
1.92093
1.92048
1.92571
1.92589
1.92584
1.92584
1.92545
1.92609
1.92043
1.92091
1.91607
1.91505
1.90955
1.91098
1.905
1.90008
1.89513
1.89467
1.88459
1.88485
1.88429
1.87875
1.87533
1.86994
1.86347
1.86362
1.85927
1.8538
1.85334
1.84322
1.84362
1.84345
1.83824
1.83228
1.83332
1.82771
1.82774
1.82735
1.82207
1.82301
1.81806
1.81694
1.8172
1.81753
1.81732
1.81262
1.8168
1.81796
1.81243
1.81205
1.81251
1.80721
1.80722
1.80659
1.80221
1.80208
1.8018
1.79642
1.79219
1.79176
1.7866
1.78131
1.77641
1.77094
1.77103
1.76581
1.76564
1.7556
1.75545
1.75116
1.74996
1.74485
1.7404
1.73968
1.73528
1.73444
1.73026
1.7256
1.71872
1.71872
1.71491
1.71354
1.70805
1.71013
1.70387
1.69892
1.69404
1.693
1.6891
1.68437
1.68224
1.67794
1.67802
1.6732
1.67254
1.67308
1.66749
1.66786
1.66233
1.65822
1.65791
1.6569
1.65814
1.65714
1.65264
1.65183
1.65198
1.65234
1.64747
1.64663
1.64737
1.64192
1.64183
1.6423
1.63648
1.63685
1.63671
1.63637
1.63207
1.63096
1.63084
1.62716
1.62671
1.62616
1.62202
1.62157
1.62098
1.61669
1.61555
1.61577
1.61625
1.61614
1.61116
1.61063
1.61064
1.6111
1.61055
1.61112
1.611
1.6108
1.61582
1.61588
1.62065
1.6254
1.63155
1.65659
1.65791
1.67807
1.68732
1.70337
1.7179
1.74458
1.75493
1.76509
1.77566
1.78082
1.80094
1.81243
1.82797
1.83686
1.84827
1.85334
1.8581
1.86889
1.87875
1.88429
1.89453
1.89515
1.89903
1.90382
1.9062
1.9114
1.90959
1.91042
1.9103
1.90991
1.90998
1.91064
1.91053
1.91019
1.91088
1.90508
1.90522
1.9056
1.90002
1.90002
1.89453
1.89025
1.88994
1.88472
1.88468
1.88453
1.87997
1.87899
1.87438
1.87928
1.86906
1.86899
1.86875
1.86886
1.86432
1.8635
1.8587
1.85872
1.85339
1.85373
1.85379
1.84855
1.8482
1.84901
1.84394
1.84264
1.83798
1.83819
1.8379
1.83822
1.83797
1.83771
1.83234
1.83337
1.8333
1.82719
1.82718
1.82823
1.82728
1.82741
1.828
1.82221
1.8232
1.82281
1.82251
1.82291
1.81717
1.81287
1.8128
1.80695
1.80222
1.80167
1.79723
1.79246
1.79136
1.78634
1.78687
1.78118
1.77692
1.77547
1.77044
1.77125
1.76106
1.76039
1.75583
1.75057
1.75017
1.74587
1.74461
1.74554
1.7352
