1.68858
1.68847
1.6839
1.68259
1.67797
1.67797
1.67296
1.67271
1.67271
1.6681
1.66351
1.66176
1.66231
1.66266
1.66242
1.65701
1.65238
1.65226
1.65215
1.6522
1.6473
1.65132
1.64801
1.64757
1.64212
1.64237
1.64153
1.63678
1.63665
1.63707
1.63646
1.63726
1.6318
1.6317
1.63138
1.63148
1.63166
1.62651
1.62682
1.62077
1.62087
1.62149
1.61658
1.61562
1.61637
1.6158
1.61623
1.61598
1.6109
1.61082
1.6108
1.61096
1.61081
1.61047
1.61124
1.60567
1.60578
1.60567
1.60568
1.61064
1.61064
1.62126
1.62602
1.63558
1.63747
1.64544
1.65628
1.66265
1.68278
1.68829
1.70342
1.7085
1.72389
1.72942
1.73947
1.74979
1.7604
1.77024
1.77631
1.78646
1.78637
1.79094
1.79717
1.80245
1.80149
1.80223
1.80688
1.80728
1.80731
1.80729
1.80711
1.80221
1.79663
1.79688
1.79663
1.79184
1.7914
1.79157
1.78701
1.78706
1.7864
1.78599
1.78117
1.78138
1.77606
1.77611
1.77072
1.77146
1.7663
1.76542
1.75997
1.76104
1.76034
1.76077
1.75528
1.75556
1.75543
1.75549
1.75105
1.74969
1.74972
1.75065
1.75039
1.75025
1.75516
1.75526
1.75534
1.75553
1.76093
1.75995
1.76517
1.76131
1.76491
1.77105
1.77134
1.77057
1.7709
1.7709
1.77591
1.77091
1.77628
1.77615
1.77614
1.77598
1.77579
1.77564
1.77643
1.77626
1.776
1.7703
1.77138
1.76595
1.76564
1.76091
1.76032
1.7504
1.74546
1.74531
1.7399
1.74039
1.73481
1.72543
1.72008
1.71431
1.70946
1.70859
1.70449
1.69412
1.69779
1.69297
1.69434
1.68411
1.68249
1.67796
1.67807
1.67791
1.67326
1.67253
1.67306
1.66746
1.66784
1.66259
1.66243
1.65787
1.6565
1.65677
1.65746
1.65276
1.65181
1.65241
1.65206
1.64686
1.64748
1.64202
1.6418
1.64191
1.63698
1.63643
1.63643
1.63699
1.6313
1.63164
1.63151
1.63201
1.63117
1.6264
1.62641
1.62633
1.62105
1.62136
1.62127
1.62117
1.62163
1.62127
1.61634
1.61582
1.6162
1.61593
1.61612
1.61599
1.61602
1.61605
1.61611
1.61595
1.6264
1.62637
1.63096
1.63634
1.65659
1.68332
1.69232
1.71321
1.72411
1.73959
1.74995
1.78027
1.7864
1.80738
1.81623
1.83719
1.85796
1.86412
1.86855
1.87879
1.88463
1.89029
1.89893
1.89944
1.90486
1.90548
1.91464
1.91409
1.91173
1.90927
1.90973
1.91078
1.91001
1.90469
1.90111
1.90069
1.89991
1.90005
1.89522
1.89448
1.8952
1.88938
1.88545
1.88506
1.88411
1.88038
1.87861
1.88032
1.87904
1.87358
1.87461
1.86932
1.86881
1.86388
1.864
1.85967
1.86276
1.86031
1.85962
1.85804
1.85838
1.85894
1.85844
1.85854
1.854
1.85321
1.85379
1.85335
1.84928
1.85259
1.84931
1.84869
1.84835
1.84377
1.84266
1.83745
1.83851
1.83772
1.83282
1.82803
1.82761
1.82783
1.82768
1.82233
1.81793
1.81144
1.80164
1.80211
1.79722
1.79146
1.7918
1.7866
1.78581
1.7809
1.77677
1.77181
1.77017
1.76714
1.76127
1.76012
1.75511
1.75117
1.73925
1.74054
1.73504
1.72972
1.72481
1.72417
1.71992
1.7192
1.71454
1.70936
1.70467
1.69877
1.6943
1.69288
1.68837
1.68821
1.68369
1.67797
1.67794
1.6728
1.66841
1.6671
1.66366
1.66166
1.66277
1.65715
1.65755
1.65234
1.64716
1.64696
1.64268
1.64287
1.63622
1.63644
1.63242
1.63169
1.62656
1.62625
1.62644
1.62187
1.62594
1.62039
1.62184
1.62121
1.62127
1.61582
1.6163
1.61589
1.61155
1.6156
1.61046
1.6112
1.61064
1.61118
1.61103
1.60616
1.60535
1.60542
1.60118
1.59999
1.59557
1.59542
1.59583
1.59081
1.58975
1.58956
1.59035
1.59013
1.59504
1.59564
1.60081
1.60524
1.61539
1.62585
1.63121
1.646
1.65711
1.68259
1.68803
1.70902
1.71823
1.73397
1.74465
1.76023
1.76546
1.77522
1.79031
1.79249
1.80755
1.81125
1.82274
1.82721
1.83797
1.83806
1.8429
1.84839
1.85278
1.85302
1.85885
1.85331
1.85864
1.85873
1.85836
1.85883
1.85863
1.85325
1.85334
1.84838
1.84878
1.84283
1.83795
1.83779
1.83283
1.83335
1.82326
1.82204
1.81778
1.81262
1.8072
1.80699
1.79631
1.7922
1.78129
1.78116
1.77623
1.77154
1.7668
1.76499
1.75959
1.76183
1.75515
1.75047
1.75016
1.74592
1.74079
1.73931
1.73505
1.73465
1.72998
1.72462
1.71992
1.71871
1.71365
1.70972
1.70418
1.70354
1.70399
1.70436
1.70344
1.6992
1.69894
1.69846
1.69326
1.6931
1.69376
1.68885
1.68882
1.69273
1.68747
1.68869
1.68292
1.68332
1.68329
1.67816
1.6832
1.68293
1.68369
1.678
1.67804
1.67274
1.67295
1.66849
1.66705
1.66237
