1.66833
1.66718
1.66734
1.66795
1.66755
1.66261
1.66242
1.66244
1.66257
1.66255
1.66212
1.66277
1.66246
1.66251
1.6625
1.65749
1.65723
1.65727
1.65739
1.65727
1.6575
1.65716
1.65229
1.65212
1.65217
1.65219
1.6522
1.65218
1.6522
1.64731
1.64688
1.64697
1.6373
1.63625
1.63646
1.63686
1.6368
1.64108
1.64626
1.65204
1.66179
1.66751
1.67827
1.69194
1.71374
1.7238
1.74451
1.75044
1.77058
1.78084
1.80658
1.81234
1.83141
1.84886
1.85277
1.86357
1.86856
1.87403
1.87886
1.87928
1.88459
1.88464
1.88424
1.88413
1.88492
1.87881
1.87943
1.87481
1.87377
1.86914
1.86893
1.86371
1.85919
1.85326
1.85293
1.84951
1.84446
1.84725
1.83376
1.83237
1.82833
1.82717
1.82184
1.82322
1.81823
1.81673
1.81794
1.81249
1.81208
1.80766
1.80668
1.8069
1.80726
1.80156
1.80263
1.7967
1.79657
1.79197
1.78694
1.78606
1.78625
1.78654
1.7859
1.78657
1.78139
1.78118
1.78182
1.77567
1.77616
1.77601
1.77641
1.77584
1.77042
1.77146
1.76598
1.76134
1.76005
1.75579
1.75522
1.75056
1.74999
1.751
1.74088
1.73929
1.73475
1.7348
1.73477
1.72997
1.72451
1.7196
1.71946
1.71438
1.70827
1.70409
1.70364
1.70393
1.69834
1.69895
1.67826
1.67824
1.67254
1.67301
1.66796
1.66799
1.66258
1.66258
1.65756
1.65717
1.65746
1.65728
1.65739
1.65742
1.65723
1.65181
1.6525
1.65283
1.65172
1.64669
1.64718
1.64698
1.64166
1.63753
1.63717
1.63635
1.63694
1.63093
1.637
1.63162
1.63187
1.62689
1.62105
1.62575
1.62206
1.6205
1.62179
1.62074
1.62158
1.62143
1.62104
1.62154
1.61609
1.62084
1.61671
1.6155
1.61648
1.61015
1.6105
1.61114
1.61072
1.61084
1.61054
1.61067
1.60616
1.60595
1.60598
1.60546
1.60107
1.6002
1.60566
1.60015
1.60091
1.60082
1.60033
1.60073
1.60067
1.60047
1.6005
1.60059
1.59569
1.60004
1.60095
1.60101
1.60514
1.60579
1.60526
1.61051
1.62058
1.62607
1.63594
1.64214
1.64649
1.66204
1.67697
1.69248
1.70351
1.7134
1.72398
1.73419
1.74454
1.75979
1.77054
1.78566
1.79639
1.80141
1.80678
1.817
1.82703
1.8373
1.84349
1.84747
1.85392
1.8585
1.86376
1.86837
1.87432
1.8791
1.87959
1.88488
1.88426
1.88928
1.89
1.88981
1.88924
1.88519
1.88356
1.8843
1.88467
1.87974
1.87914
1.87946
1.8739
1.87446
1.86888
1.86437
1.85929
1.85914
1.85389
1.85367
1.84869
1.84806
1.84913
1.84346
1.83892
1.83738
1.83248
1.83318
1.82802
1.82752
1.82267
1.82254
1.82261
1.81771
1.81765
1.81273
1.81678
1.80651
1.80754
1.80643
1.80159
1.80223
1.79193
1.79131
1.79118
1.79152
1.78639
1.78642
1.78689
1.78134
1.7808
1.78095
1.78151
1.78184
1.78042
1.77701
1.77549
1.78136
1.77644
1.7761
1.77644
1.77107
1.77157
1.76511
1.76637
1.76083
1.76047
1.76049
1.76036
1.75057
1.75045
1.75019
1.75037
1.74499
1.74521
1.73477
1.73528
1.73509
1.72978
1.72946
1.72414
1.7199
1.71965
1.71424
1.70943
1.70857
1.70387
1.70374
1.7039
1.69823
1.69894
1.69293
1.69387
1.69367
1.68847
1.68822
1.68296
1.67806
1.67844
1.67282
1.67287
1.6728
1.66842
1.66713
1.6621
1.66273
1.65762
1.66209
1.65794
1.65691
1.65321
1.65145
1.65271
1.6519
1.65235
1.64675
1.64729
1.64173
1.64205
1.64169
1.63707
1.63162
1.63152
1.6315
1.63177
1.63141
1.62695
1.6213
1.62111
1.62106
1.61646
1.62057
1.61557
1.61645
1.61632
1.61625
1.61623
1.61633
1.61574
1.61131
1.61018
1.61045
1.61122
1.6108
1.61135
1.60653
1.60558
1.60575
1.60565
1.60056
1.60054
1.60057
1.60053
1.60058
1.60061
1.60095
1.60021
1.59481
1.5959
1.59497
1.59574
1.59475
1.59586
1.59105
1.59446
1.58938
1.59576
1.59467
1.59598
1.59456
1.59068
1.59086
1.59459
1.59562
1.59553
1.59524
1.60063
1.61109
1.61057
1.63151
1.63588
1.65198
1.66127
1.6817
1.68878
1.70921
1.71804
1.72999
1.7448
1.75999
1.78613
1.81709
1.83267
1.83791
1.84867
1.85249
1.85891
1.86337
1.86892
1.87467
1.87872
1.87912
1.88438
1.88448
1.88454
1.88453
1.88458
1.88448
1.8846
1.87923
1.87943
1.87978
1.87908
1.87471
1.8738
1.87007
1.86822
1.8694
1.86877
1.86441
1.86833
1.8651
1.865
1.86263
1.85769
1.8595
1.85811
1.85916
1.85356
1.85351
1.85359
1.84904
1.84792
1.8425
1.84371
1.8429
1.84342
1.83822
1.83798
1.83806
1.83803
1.83288
1.83293
1.82725
1.82811
1.82743
1.8226
1.82215
1.82231
1.81792
1.81699
1.81715
