1.72972
1.72481
1.72417
1.71992
1.7192
1.71454
1.70936
1.70467
1.69877
1.6943
1.69288
1.68837
1.68821
1.68369
1.67797
1.67794
1.6728
1.66841
1.6671
1.66366
1.66166
1.66277
1.65715
1.65755
1.65234
1.64716
1.64696
1.64268
1.64287
1.63622
1.63644
1.63242
1.63169
1.62656
1.62625
1.62644
1.62187
1.62594
1.62039
1.62184
1.62121
1.62127
1.61582
1.6163
1.61589
1.61155
1.6156
1.61046
1.6112
1.61064
1.61118
1.61103
1.60616
1.60535
1.60542
1.60118
1.59999
1.59557
1.59542
1.59583
1.59081
1.58975
1.58956
1.59035
1.59013
1.59504
1.59564
1.60081
1.60524
1.61539
1.62585
1.63121
1.646
1.65711
1.68259
1.68803
1.70902
1.71823
1.73397
1.74465
1.76023
1.76546
1.77522
1.79031
1.79249
1.80755
1.81125
1.82274
1.82721
1.83797
1.83806
1.8429
1.84839
1.85278
1.85302
1.85885
1.85331
1.85864
1.85873
1.85836
1.85883
1.85863
1.85325
1.85334
1.84838
1.84878
1.84283
1.83795
1.83779
1.83283
1.83335
1.82326
1.82204
1.81778
1.81262
1.8072
1.80699
1.79631
1.7922
1.78129
1.78116
1.77623
1.77154
1.7668
1.76499
1.75959
1.76183
1.75515
1.75047
1.75016
1.74592
1.74079
1.73931
1.73505
1.73465
1.72998
1.72462
1.71992
1.71871
1.71365
1.70972
1.70418
1.70354
1.70399
1.70436
1.70344
1.6992
1.69894
1.69846
1.69326
1.6931
1.69376
1.68885
1.68882
1.69273
1.68747
1.68869
1.68292
1.68332
1.68329
1.67816
1.6832
1.68293
1.68369
1.678
1.67804
1.67274
1.67295
1.66849
1.66705
1.66237
1.66269
1.65703
1.66287
1.65742
1.65201
1.65274
1.65245
1.65201
1.64724
1.6469
1.64712
1.64694
1.64229
1.64147
1.64201
1.64133
1.63643
1.63684
1.63174
1.63167
1.63141
1.62721
1.6258
1.62622
1.62156
1.62135
1.62078
1.61608
1.61608
1.616
1.61651
1.61606
1.61603
1.61638
1.61588
1.61115
1.61069
1.61079
1.61094
1.61083
1.61572
1.61145
1.61117
1.61068
1.61101
1.61086
1.61088
1.61087
1.61089
1.61087
1.61578
1.61624
1.62611
1.63091
1.64183
1.65255
1.65583
1.66756
1.677
1.68813
1.69775
1.7185
1.72924
1.74983
1.75994
1.78077
1.79045
1.80143
1.8216
1.82732
1.84295
1.85284
1.86349
1.87343
1.87479
1.8845
1.88937
1.88971
1.88972
1.89406
1.89072
1.8888
1.89044
1.88489
1.87892
1.87366
1.8746
1.85877
1.85426
1.8481
1.83762
1.83354
1.81806
1.8076
1.79246
1.78643
1.7771
1.77091
1.76614
1.75575
1.74536
1.74016
1.73526
1.72497
1.71971
1.71435
1.70909
1.70371
1.70391
1.70374
1.69901
1.70326
1.70428
1.69865
1.70356
1.69838
1.69879
1.70388
1.70413
1.70358
1.70399
1.7039
1.70865
1.7088
1.70903
1.7089
1.70908
1.70921
1.71336
1.71432
1.71403
1.7141
1.71456
1.71985
1.71887
1.71965
1.71952
1.71909
1.71343
1.71473
1.71453
1.70903
1.70449
1.70333
1.69841
1.69877
1.69412
1.69305
1.68818
1.68322
1.67872
1.67786
1.67232
1.67361
1.66237
1.66251
1.65207
1.64651
1.6368
1.63705
1.63192
1.62686
1.62598
1.61539
1.61663
1.61166
1.6099
1.60716
1.60202
1.59989
1.59456
1.59154
1.58579
1.58007
1.57974
1.57497
1.57458
1.5644
1.56443
1.5543
1.55392
1.55465
1.54882
1.54418
1.54341
1.52952
1.52736
1.51792
1.51795
1.51269
1.50754
1.50785
1.50754
1.50275
1.49764
1.49709
1.49743
1.4972
1.49735
1.49731
1.49729
1.4973
1.49729
1.4973
1.50176
1.5026
1.50278
1.50224
1.5026
1.50237
1.50206
1.50732
1.50778
1.51243
1.51293
1.51783
1.52287
1.52289
1.52816
1.52828
1.53279
1.5383
1.54848
1.55371
1.5691
1.57438
1.58974
1.59993
1.61032
1.62557
1.63628
1.65113
1.66229
1.67776
1.68263
1.69284
1.70826
1.71881
1.73399
1.74029
1.74999
1.75497
1.76023
1.77087
1.77097
1.7811
1.78627
1.79612
1.79229
1.79262
1.79088
1.79137
1.79175
1.79062
1.79241
1.79133
1.79178
1.79188
1.78685
1.78617
1.78637
1.78643
1.78638
1.78613
1.7866
1.78095
1.78158
1.78148
1.78109
1.77672
1.7756
1.7765
1.77592
1.77633
1.77102
1.77125
1.77109
1.77126
1.76572
1.76578
1.76575
1.76574
1.76545
1.76555
1.76558
1.76596
1.76558
1.77092
1.77062
1.77084
1.77097
1.77094
1.77091
1.77098
1.77578
1.77051
1.77126
1.77102
1.77083
1.77076
1.77111
1.77109
1.77123
1.77112
1.76566
1.76586
1.76582
1.76049
1.76093
1.7603
1.76028
1.76091
1.7564
1.75466
1.75614
1.75638
1.75468
1.7446
1.74563
1.7403
1.73969
1.74016
1.73514
1.72929
1.72544
1.72375
1.71867
1.71941
1.70895
