1.544
1.53871
1.53869
1.53852
1.53898
1.53869
1.53357
1.53816
1.53311
1.53328
1.53354
1.52858
1.53247
1.52876
1.52858
1.52804
1.52814
1.52881
1.5233
1.52306
1.52363
1.52299
1.51833
1.52368
1.52707
1.52925
1.53682
1.54481
1.5478
1.56328
1.57496
1.59458
1.60493
1.62046
1.63066
1.64645
1.65665
1.68223
1.69808
1.71285
1.73864
1.75024
1.77551
1.7859
1.82185
1.83241
1.84789
1.85806
1.86806
1.87466
1.88964
1.89414
1.89973
1.90475
1.9099
1.91534
1.9157
1.92059
1.92069
1.92068
1.92066
1.92067
1.92066
1.91587
1.91514
1.9163
1.91072
1.90491
1.90579
1.89988
1.89519
1.89471
1.8953
1.88434
1.88026
1.87543
1.87329
1.86844
1.86459
1.85812
1.85363
1.85338
1.8428
1.83874
1.83748
1.82737
1.82354
1.8174
1.81217
1.80685
1.79753
1.79621
1.79077
1.7874
1.77674
1.77559
1.76548
1.76598
1.76083
1.75555
1.75096
1.74487
1.74046
1.73514
1.73055
1.72891
1.71907
1.71502
1.71351
1.70817
1.70508
1.69911
1.6935
1.68871
1.68845
1.6834
1.67761
1.67872
1.66726
1.65828
1.65695
1.65137
1.65281
1.64679
1.64277
1.63791
1.63582
1.63732
1.63145
1.63155
1.63156
1.62627
1.62648
1.6264
1.62637
1.62679
1.6261
1.622
1.62559
1.62633
1.62602
1.62619
1.62649
1.62629
1.63116
1.62578
1.62723
1.62686
1.62601
1.62663
1.6265
1.62629
1.62634
1.62646
1.62172
1.62563
1.62215
1.62042
1.62185
1.62067
1.62079
1.62121
1.621
1.62128
1.62145
1.6211
1.6208
1.61553
1.61609
1.6208
1.62153
1.62095
1.62141
1.62106
1.62112
1.62127
1.62661
1.62582
1.62536
1.62754
1.62546
1.62585
1.62676
1.62657
1.62623
1.62631
1.62648
1.62622
1.62584
1.62679
1.62118
1.62613
1.62085
1.61666
1.62037
1.61642
1.61187
1.61048
1.61156
1.61124
1.61063
1.61065
1.60624
1.60608
1.60549
1.60508
1.60133
1.59997
1.59577
1.59956
1.5955
1.59531
1.59605
1.59494
1.59519
1.60038
1.60045
1.60553
1.60579
1.61586
1.62064
1.63627
1.64635
1.66219
1.67653
1.69764
1.70822
1.71857
1.73393
1.74487
1.75445
1.78041
1.79128
1.81728
1.8267
1.83785
1.86378
1.86824
1.88391
1.8948
1.9051
1.90968
1.9256
1.92596
1.93022
1.936
1.94115
1.9412
1.94626
1.94632
1.94661
1.94656
1.94642
1.94653
1.94198
1.94084
1.94166
1.93627
1.93603
1.93138
1.92667
1.92483
1.91961
1.92142
1.91535
1.91551
1.91079
1.91029
1.90515
1.90043
1.89521
1.88961
1.88988
1.88488
1.87975
1.87389
1.86996
1.86506
1.86298
1.85891
1.85852
1.85376
1.85333
1.85337
1.8537
1.8535
1.84822
1.84848
1.84839
1.84839
1.84835
1.85452
1.85239
1.85443
1.8528
1.85301
1.85398
1.85333
1.85371
1.85407
1.85275
1.8483
1.84837
1.84794
1.84869
1.8437
1.83794
1.83859
1.83762
1.83298
1.82798
1.8231
1.81727
1.8179
1.81258
1.80749
1.80236
1.7974
1.79619
1.78606
1.78234
1.77554
1.77208
1.76563
1.76588
1.75553
1.7558
1.7454
1.74043
1.74002
1.72977
1.72502
1.71995
1.71888
1.70857
1.70443
1.69888
1.69851
1.69385
1.69331
1.68801
1.68377
1.67363
1.67228
1.66876
1.66339
1.66227
1.65199
1.64646
1.64261
1.63681
1.63664
1.63191
1.6312
1.62586
1.62231
1.61699
1.61534
1.61089
1.61079
1.61102
1.60538
1.60592
1.60058
1.60054
1.60027
1.59587
1.59505
1.59042
1.59006
1.5901
1.59034
1.58533
1.58486
1.58522
1.58049
1.5802
1.5797
1.57465
1.57476
1.57476
1.57478
1.56979
1.56462
1.56422
1.56458
1.55946
1.55936
1.55924
1.55423
1.55408
1.54953
1.54953
1.54361
1.5436
1.54434
1.53869
1.53855
1.53905
1.53391
1.5331
1.53353
1.53355
1.52841
1.52826
1.52864
1.52356
1.52273
1.51839
1.51765
1.51814
1.51277
1.51285
1.51268
1.51333
1.51229
1.50779
1.50751
1.51198
1.51303
1.51258
1.51739
1.51839
1.52204
1.53263
1.5434
1.55906
1.56866
1.57472
1.60007
1.61017
1.63074
1.64635
1.67251
1.68682
1.69839
1.7395
1.76498
1.77566
1.79621
1.80649
1.81195
1.82215
1.82733
1.83736
1.84826
1.85288
1.86347
1.86898
1.87344
1.87481
1.87372
1.87843
1.88006
1.87911
1.87925
1.87455
1.87396
1.86965
1.87346
1.86883
1.86358
1.85959
1.8581
1.85955
1.85344
1.85366
1.84814
1.84379
1.84275
1.83811
1.84246
1.83946
1.83206
1.83355
1.82754
1.82789
1.81745
1.82237
1.81775
1.81182
1.81258
1.80737
1.80204
1.79726
1.79639
1.79705
1.79116
1.79177
1.78696
1.78671
1.78622
1.78657
1.78649
1.78639
1.78642
1.78643
1.78692
1.79094
1.78756
