1.61584
1.61567
1.61675
1.61511
1.61195
1.61002
1.61078
1.61091
1.60605
1.60095
1.60033
1.60067
1.60052
1.59558
1.59533
1.59013
1.59026
1.58984
1.59094
1.58974
1.58555
1.58458
1.59527
1.60525
1.61051
1.61565
1.63619
1.64152
1.66228
1.6769
1.68808
1.7133
1.7242
1.74978
1.75994
1.78608
1.79597
1.81147
1.83156
1.84331
1.84748
1.8584
1.86862
1.88472
1.88878
1.89989
1.90494
1.91464
1.92069
1.92058
1.92523
1.93032
1.93148
1.93612
1.93132
1.93073
1.93119
1.93084
1.93111
1.92538
1.92614
1.92054
1.91599
1.91505
1.90519
1.90562
1.89976
1.89574
1.89042
1.88924
1.88514
1.88006
1.87397
1.86959
1.86859
1.8636
1.86405
1.85873
1.85416
1.84888
1.84813
1.84324
1.83857
1.83762
1.83819
1.83792
1.83708
1.83397
1.83296
1.83278
1.83275
1.83303
1.83301
1.8328
1.83297
1.83729
1.83758
1.83841
1.84354
1.84303
1.84276
1.84803
1.84867
1.84857
1.84824
1.8483
1.84845
1.84842
1.84836
1.8484
1.84841
1.84831
1.84363
1.84285
1.83256
1.83321
1.82865
1.82703
1.82248
1.82258
1.81816
1.81349
1.80677
1.80164
1.80255
1.79203
1.78646
1.77631
1.77638
1.76611
1.76598
1.7557
1.75031
1.74567
1.74483
1.74036
1.74017
1.72872
1.72378
1.72011
1.71385
1.71439
1.70947
1.70863
1.70345
1.69958
1.69907
1.69395
1.68942
1.68748
1.68293
1.68343
1.6786
1.68194
1.67687
1.68381
1.6782
1.67783
1.67814
1.67816
1.67744
1.673
1.67761
1.6724
1.67317
1.67263
1.66859
1.66806
1.66775
1.66256
1.66244
1.66259
1.66216
1.66276
1.65723
1.65744
1.65223
1.65212
1.65268
1.64683
1.64269
1.63781
1.63591
1.63155
1.62695
1.62605
1.61709
1.60569
1.60575
1.60096
1.60025
1.59048
1.59003
1.58461
1.58066
1.57569
1.57391
1.57545
1.57015
1.56468
1.56013
1.5586
1.55375
1.55429
1.54952
1.54937
1.54363
1.5391
1.53825
1.53364
1.53319
1.53368
1.52839
1.52836
1.52862
1.52803
1.52271
1.52341
1.52759
1.53239
1.53909
1.54907
1.55325
1.57369
1.58486
1.59448
1.62041
1.63069
1.66167
1.67697
1.69248
1.72344
1.73942
1.77058
1.78498
1.82661
1.83786
1.8637
1.87371
1.89462
1.90474
1.93052
1.93582
1.94083
1.94656
1.95084
1.96173
1.96208
1.96724
1.96715
1.97277
1.97184
1.97271
1.96782
1.96653
1.96102
1.9627
1.95663
1.95218
1.94634
1.94114
1.93121
1.92602
1.92569
1.92068
1.91585
1.90466
1.89469
1.89049
1.88491
1.87944
1.87477
1.86909
1.86419
1.85884
1.85373
1.84345
1.83818
1.83801
1.83292
1.828
1.82216
1.81842
1.81187
1.80758
1.80736
1.80208
1.7973
1.7963
1.79175
1.79191
1.78619
1.78655
1.78605
1.78678
1.7867
1.78619
1.78662
1.78627
1.78655
1.78633
1.78148
1.78561
1.78058
1.78664
1.78142
1.78182
1.78077
1.77673
1.77153
1.77053
1.77121
1.76553
1.76122
1.75513
1.74953
1.74607
1.73953
1.74026
1.73529
1.73442
1.72463
1.72476
1.7141
1.71422
1.70449
1.70334
1.69852
1.69391
1.68853
1.6837
1.67268
1.66753
1.66289
1.65746
1.65693
1.64747
1.64225
1.63726
1.63669
1.62691
1.6266
1.62144
1.62093
1.61527
1.61699
1.61645
1.61547
1.61557
1.61154
1.61073
1.61074
1.61101
1.60513
1.60614
1.60146
1.59991
1.59459
1.59593
1.59604
1.58966
1.59068
1.58512
1.58505
1.5754
1.57904
1.57399
1.5754
1.57431
1.57021
1.5655
1.56395
1.56449
1.55954
1.55898
1.55354
1.55457
1.54962
1.54838
1.54903
1.54399
1.53949
1.53787
1.53923
1.53425
1.53273
1.53294
1.52903
1.52874
1.52791
1.52363
1.52268
1.52346
1.51887
1.51727
1.51767
1.51325
1.51297
1.51261
1.50764
1.50766
1.50782
1.50823
1.50263
1.50251
1.50242
1.50246
1.50734
1.50782
1.51225
1.52254
1.53292
1.55396
1.58456
1.59945
1.62528
1.63619
1.67713
1.71382
1.72855
1.76516
1.80119
1.81177
1.82793
1.83686
1.84786
1.85809
1.86849
1.87387
1.87939
1.87979
1.8838
1.88884
1.89043
1.89026
1.88928
1.88437
1.88458
1.88454
1.87886
1.87449
1.87471
1.86898
1.864
1.85933
1.85459
1.85274
1.8432
1.84325
1.83846
1.83287
1.83296
1.82781
1.82282
1.82318
1.82213
1.81217
1.81221
1.80787
1.80764
1.80132
1.80142
1.79753
1.79727
1.79635
1.79615
1.79762
1.7961
1.79201
1.79178
1.79147
1.79166
1.7916
1.79159
1.79125
1.79629
1.79644
1.79701
1.80228
1.8013
1.80233
1.80697
1.80757
1.80704
1.80699
1.80677
1.80737
1.80238
1.80225
1.80651
1.80132
1.80245
1.79234
1.78708
1.78603
1.78083
1.77712
1.77537
1.76707
1.7612
