1.61125
1.61067
1.61127
1.6105
1.60525
1.61054
1.60635
1.60619
1.60531
1.60546
1.60591
1.60041
1.60068
1.5997
1.59586
1.59546
1.59542
1.59594
1.59453
1.59615
1.58992
1.59004
1.59013
1.5903
1.5852
1.58493
1.58496
1.58558
1.58426
1.5791
1.58055
1.57549
1.57904
1.57539
1.57427
1.5746
1.57474
1.57938
1.5839
1.5856
1.60064
1.60982
1.63187
1.64054
1.66186
1.67277
1.69877
1.71262
1.73352
1.74997
1.78568
1.79616
1.82205
1.83234
1.85343
1.86245
1.87859
1.88961
1.8942
1.9153
1.92064
1.9252
1.93046
1.93626
1.93606
1.93609
1.93621
1.93619
1.93167
1.9305
1.92594
1.92571
1.92091
1.92047
1.91531
1.91083
1.90583
1.90507
1.89491
1.88995
1.8801
1.87885
1.86321
1.85363
1.84898
1.83807
1.83814
1.82793
1.82769
1.82233
1.8183
1.81349
1.81576
1.81104
1.81315
1.80687
1.80724
1.80716
1.80702
1.80704
1.80716
1.80697
1.80717
1.80739
1.81164
1.81259
1.81246
1.81207
1.81237
1.8177
1.81677
1.81776
1.81752
1.8126
1.81683
1.81707
1.81808
1.81685
1.81748
1.81696
1.81186
1.81247
1.81213
1.80675
1.80247
1.79776
1.79603
1.79073
1.78738
1.77669
1.77084
1.76616
1.75566
1.75534
1.74059
1.73954
1.72984
1.72471
1.71456
1.71379
1.7037
1.6995
1.69835
1.68846
1.68875
1.67845
1.67311
1.6684
1.66764
1.66278
1.65688
1.65294
1.64192
1.63195
1.63128
1.62647
1.62142
1.61565
1.61632
1.61106
1.61066
1.60632
1.60515
1.60179
1.59953
1.60147
1.59575
1.59022
1.59028
1.58509
1.58501
1.58513
1.58053
1.5795
1.57978
1.57959
1.58014
1.5795
1.57469
1.57471
1.57464
1.57485
1.57463
1.5747
1.57484
1.56948
1.56961
1.56954
1.56963
1.56963
1.56952
1.56962
1.56961
1.56955
1.56956
1.56959
1.56959
1.56957
1.56958
1.5696
1.56993
1.56453
1.5646
1.56437
1.56436
1.56451
1.55961
1.55895
1.55459
1.55919
1.5537
1.55486
1.55411
1.55403
1.54854
1.55415
1.55453
1.55816
1.56502
1.56972
1.57881
1.59443
1.60534
1.61539
1.63566
1.64668
1.67249
1.68693
1.71277
1.7241
1.73889
1.7647
1.78077
1.80626
1.817
1.83756
1.84768
1.86761
1.87949
1.88853
1.90438
1.91022
1.92564
1.92596
1.9362
1.94059
1.94188
1.94577
1.94659
1.94642
1.95191
1.95106
1.95187
1.94664
1.94699
1.94126
1.93604
1.93658
1.92548
1.92113
1.91591
1.91033
1.9058
1.90476
1.90022
1.89976
1.89547
1.89044
1.88909
1.88375
1.88073
1.8806
1.87358
1.86974
1.86926
1.86415
1.85778
1.85363
1.85348
1.84913
1.84919
1.84739
1.84243
1.84344
1.83371
1.8318
1.83375
1.82788
1.82773
1.82786
1.82758
1.8283
1.82724
1.82781
1.82764
1.82772
1.82774
1.82235
1.81712
1.81267
1.81237
1.80729
1.80227
1.80156
1.79637
1.79221
1.78669
1.78092
1.77604
1.77627
1.77141
1.76659
1.76036
1.75611
1.75486
1.74959
1.74605
1.73945
1.73467
1.73001
1.72416
1.71476
1.70921
1.69859
1.69874
1.69357
1.68892
1.68794
1.68411
1.67763
1.67829
1.67298
1.67266
1.66856
1.66331
1.66199
1.65665
1.6578
1.65199
1.64797
1.64626
1.64175
1.63743
1.63211
1.63121
1.63173
1.62673
1.6209
1.62142
1.61556
1.61644
1.61572
1.61051
1.61123
1.61158
1.61028
1.60538
1.60602
1.60561
1.60129
1.60093
1.6003
1.60045
1.60104
1.60072
1.60039
1.60011
1.59606
1.59505
1.59564
1.59545
1.59546
1.5901
1.5903
1.58968
1.59101
1.58033
1.57967
1.58033
1.57953
1.57958
1.58019
1.5851
1.58467
1.58975
1.595
1.60518
1.61066
1.62608
1.63587
1.64672
1.66736
1.67715
1.69784
1.70854
1.7235
1.74388
1.75534
1.77631
1.79009
1.81103
1.81763
1.838
1.84738
1.85358
1.86954
1.87833
1.88934
1.89921
1.89977
1.90991
1.91577
1.92025
1.92056
1.92068
1.92596
1.92097
1.91549
1.91532
1.91125
1.90424
1.90586
1.90008
1.89518
1.89065
1.88891
1.88353
1.88533
1.8751
1.87356
1.87506
1.86473
1.86331
1.85921
1.8583
1.85946
1.85415
1.84862
1.84345
1.83817
1.83765
1.83349
1.82827
1.83232
1.82286
1.82677
1.82144
1.82385
1.82198
1.81677
1.8179
1.8177
1.81718
1.81712
1.81278
1.81625
1.81118
1.8131
1.80711
1.80702
1.80101
1.80176
1.79719
1.79259
1.79084
1.78675
1.78146
1.77668
1.77566
1.77106
1.77077
1.76501
1.76161
1.75976
1.74947
1.75094
1.74006
1.73995
1.73029
1.72955
1.71998
1.71876
1.70968
1.7085
1.70483
1.69823
1.69899
1.69355
1.68893
1.68333
1.68307
1.67772
1.67338
1.66799
1.66346
1.6618
1.65646
1.65798
1.65213
1.6524
