1.58528
1.58494
1.5798
1.58489
1.57967
1.58003
1.57985
1.57958
1.57974
1.57405
1.57529
1.57551
1.57412
1.5704
1.57012
1.56914
1.56364
1.56497
1.5588
1.55957
1.55459
1.55372
1.55432
1.5486
1.54861
1.54921
1.5491
1.54389
1.54361
1.54398
1.5391
1.53887
1.53841
1.53873
1.53873
1.53843
1.54323
1.54876
1.55395
1.56425
1.5738
1.58965
1.60483
1.62063
1.63582
1.6729
1.6817
1.71301
1.72433
1.74974
1.76525
1.78595
1.79607
1.80652
1.82682
1.8381
1.85399
1.86251
1.87962
1.88365
1.8946
1.89462
1.89958
1.90037
1.89972
1.90027
1.90019
1.90475
1.89954
1.90002
1.8946
1.89507
1.88993
1.88469
1.88025
1.87868
1.87037
1.86808
1.86316
1.86479
1.85296
1.84903
1.84407
1.8427
1.83864
1.83751
1.83196
1.82873
1.82818
1.82265
1.82239
1.81682
1.81795
1.81209
1.80788
1.80258
1.80151
1.80175
1.79713
1.79655
1.79668
1.79679
1.79156
1.79165
1.79194
1.79136
1.78623
1.78651
1.78656
1.78628
1.78629
1.78655
1.78206
1.78557
1.78058
1.78175
1.78092
1.77542
1.77698
1.77654
1.77091
1.76566
1.76135
1.76042
1.7553
1.75519
1.75083
1.75028
1.74527
1.74013
1.73489
1.72988
1.72529
0
1.71943
1.71917
1.71454
1.71386
1.70988
1.70462
1.70361
1.69345
1.69348
1.68863
1.68848
1.6834
1.67821
1.67743
1.67192
1.67362
1.66736
1.66834
1.66269
1.66237
1.65693
1.65772
1.6521
1.64704
1.64174
1.63664
1.63652
1.63243
1.62727
1.62562
1.62121
1.61673
1.61687
1.61063
1.6108
1.61134
1.60569
1.60617
1.60031
1.60073
1.59521
1.59554
1.59075
1.5898
1.58995
1.59087
1.58028
1.58494
1.58063
1.58019
1.57974
1.57507
1.5748
1.57467
1.57483
1.57038
1.57342
1.56988
1.56935
1.56939
1.56974
1.56969
1.56913
1.56937
1.56525
1.56862
1.56489
1.55931
1.55928
1.55935
1.55914
1.55371
1.55928
1.54893
1.54886
1.54891
1.54847
1.54284
1.5445
1.53879
1.53845
1.53871
1.53828
1.53887
1.5391
1.53815
1.54314
1.54423
1.5482
1.55397
1.56953
1.59443
1.62633
1.6406
1.6673
1.6817
1.70841
1.72353
1.7542
1.77017
1.7808
1.79575
1.81133
1.82254
1.84826
1.85776
1.87916
1.88874
1.90953
1.91544
1.92474
1.93513
1.94639
1.95648
1.96198
1.96198
1.96234
1.96172
1.96187
1.96203
1.9567
1.95671
1.9521
1.94635
1.94694
1.93677
1.93577
1.93038
1.92659
1.92526
1.92051
1.91593
1.90521
1.9052
1.89512
1.88482
1.8846
1.87424
1.87425
1.86378
1.86394
1.85895
1.85402
1.85314
1.84795
1.84424
1.8372
1.83732
1.83373
1.83227
1.82727
1.82798
1.82768
1.82785
1.82758
1.82757
1.82788
1.8279
1.82276
1.82256
1.82258
1.82256
1.82256
1.82257
1.82222
1.81798
1.82187
1.81682
1.81783
1.81279
1.81185
1.80267
1.80249
1.79669
1.79673
1.79114
1.78757
1.77659
1.77576
1.7711
1.76629
1.76057
1.76066
1.75514
1.74524
1.74066
1.72927
1.72544
1.71967
1.71378
1.70826
1.70469
1.69935
1.69327
1.69405
1.6839
1.67816
1.67362
1.67228
1.66326
1.66191
1.65219
1.65221
1.64655
1.64734
1.63642
1.63193
1.62673
1.62619
1.6207
1.62159
1.6117
1.61026
1.60481
1.60639
1.60088
1.6003
1.59525
1.59015
1.59479
1.58988
1.5905
1.58981
1.58519
1.58505
1.58525
1.58517
1.58033
1.5795
1.57477
1.57474
1.57476
1.57471
1.56982
1.57436
1.57008
1.5693
1.5697
1.56956
1.57008
1.56911
1.56433
1.56945
1.56411
1.56469
1.55895
1.55943
1.5593
1.55478
1.55357
1.55381
1.55429
1.54972
1.54836
1.54429
1.54332
1.5439
1.54361
1.54333
1.54406
1.54388
1.54849
1.55837
1.56487
1.56842
1.58476
1.59419
1.61505
1.62569
1.65126
1.66668
1.67281
1.70336
1.71837
1.74486
1.75455
1.78547
1.79649
1.83119
1.84351
1.86837
1.89446
1.89952
1.91029
1.91476
1.92025
1.92553
1.92573
1.93067
1.93133
1.93618
1.93123
1.93152
1.93099
1.92553
1.92651
1.92044
1.9149
1.91104
1.90576
1.89988
1.89514
1.88968
1.88536
1.87944
1.87479
1.85915
1.8493
1.84769
1.83957
1.83402
1.82757
1.81791
1.80752
1.80721
1.79698
1.79163
1.79168
1.787
1.78587
1.7808
1.78163
1.78097
1.78158
1.78098
1.77665
1.77647
1.77581
1.77592
1.77623
1.77605
1.78102
1.7758
1.78073
1.78161
1.78098
1.78108
1.78141
1.78135
1.7812
1.78123
1.78129
1.78125
1.78136
1.77625
1.77603
1.7716
1.77041
1.76532
1.76613
1.76118
1.76011
1.76103
1.75553
1.75579
1.74529
1.7451
1.74045
1.73458
1.73512
1.72951
1.72481
1.71931
1.71446
1.70403
1.69922
