1.61086
1.61086
1.61092
1.61048
1.60581
1.61044
1.61104
1.61524
1.62002
1.62659
1.63062
1.63717
1.64112
1.64687
1.66258
1.66686
1.67761
1.69277
1.70337
1.72395
1.72974
1.74527
1.75431
1.77004
1.78133
1.78563
1.79634
1.80152
1.81158
1.82208
1.83228
1.8428
1.84349
1.85275
1.85811
1.86361
1.86863
1.86926
1.87394
1.87444
1.8736
1.87385
1.87446
1.87434
1.8741
1.87427
1.87423
1.87461
1.86922
1.86913
1.86416
1.86382
1.85941
1.86347
1.85927
1.85878
1.85855
1.85275
1.85422
1.84832
1.84838
1.84842
1.84387
1.84276
1.84358
1.83897
1.83739
1.83773
1.83828
1.83791
1.83816
1.83315
1.83274
1.82739
1.828
1.82255
1.8229
1.82237
1.82266
1.82261
1.81734
1.81739
1.81731
1.81751
1.81694
1.81293
1.81168
1.80672
1.80733
1.80718
1.80257
1.80236
1.80199
1.79701
1.79686
1.79711
1.79155
1.79206
1.78637
1.78162
1.78097
1.77662
1.77574
1.77114
1.77069
1.76673
1.76189
1.75923
1.75536
1.75547
1.75024
1.75031
1.74063
1.7397
1.73447
1.73506
1.73459
1.73011
1.72507
1.72403
1.72032
1.71858
1.71981
1.71415
1.71422
1.70881
1.70879
1.7047
1.70314
1.69778
1.69928
1.69377
1.69328
1.68894
1.68782
1.68916
1.68806
1.68373
1.68268
1.6775
1.68291
1.67826
1.67772
1.67828
1.67819
1.67298
1.67278
1.67286
1.67323
1.66314
1.66732
1.66309
1.66287
1.66222
1.66276
1.66271
1.66307
1.65722
1.6627
1.65755
1.66207
1.65804
1.65781
1.65218
1.65214
1.65227
1.65209
1.65228
1.65227
1.64724
1.6473
1.64194
1.64185
1.637
1.63679
1.63661
1.63663
1.63675
1.63681
1.63662
1.63109
1.63179
1.6314
1.63154
1.6315
1.6316
1.62701
1.62592
1.62668
1.62659
1.62111
1.62129
1.6158
1.61616
1.616
1.62104
1.61581
1.61618
1.61163
1.61519
1.61116
1.61075
1.61084
1.6109
1.61094
1.61076
1.61115
1.60585
1.60519
1.60565
1.60442
1.60717
1.60621
1.60498
1.61112
1.6108
1.62029
1.63616
1.64193
1.65743
1.66175
1.67231
1.6923
1.70334
1.72395
1.73412
1.74987
1.76481
1.77092
1.79181
1.80562
1.82173
1.83246
1.85326
1.86305
1.86937
1.87361
1.87907
1.88975
1.8896
1.89488
1.8998
1.90004
1.90011
1.90474
1.9055
1.90535
1.90993
1.91015
1.91007
1.91056
1.91013
1.91046
1.90469
1.90554
1.90057
1.89954
1.90041
1.89511
1.89462
1.88548
1.88378
1.8851
1.87964
1.87911
1.87474
1.87377
1.86877
1.86921
1.86465
1.86326
1.85994
1.85776
1.8595
1.85324
1.84843
1.84836
1.84315
1.84331
1.83851
1.83728
1.83867
1.83318
1.83269
1.82713
1.82857
1.82254
1.82261
1.82256
1.81814
1.81721
1.81727
1.81752
1.81748
1.81735
1.81745
1.81743
1.81259
1.81297
1.80715
1.80231
1.80687
1.80155
1.80219
1.79681
1.79676
1.79682
1.79632
1.79706
1.79698
1.79172
1.78618
1.78625
1.78187
1.78082
1.77561
1.7761
1.77062
1.77165
1.76551
1.76109
1.76029
1.75499
1.75579
1.756
1.74977
1.74992
1.74576
1.74497
1.74528
1.74051
1.73958
1.73974
1.73527
1.72479
1.7242
1.72024
1.71367
1.71458
1.70898
1.70454
1.70366
1.6991
1.69827
1.69897
1.69351
1.69344
1.68865
1.69329
1.68393
1.68447
1.68262
1.67879
1.67747
1.67213
1.67775
1.67227
1.67333
1.67318
1.67256
1.67306
1.67285
1.67282
1.67285
1.67285
1.67326
1.67247
1.67187
1.6689
1.66592
1.66458
1.66096
1.66365
1.66133
1.65715
1.66265
1.65251
1.65731
1.65202
1.65233
1.65206
1.65175
1.65249
1.64698
1.64721
1.64759
1.64647
1.64754
1.64296
1.64102
1.63572
1.6374
1.63663
1.6313
1.63171
1.62616
1.62659
1.62212
1.62051
1.62083
1.61667
1.61513
1.62163
1.62089
1.62153
1.62183
1.62557
1.62578
1.63179
1.63125
1.64145
1.65155
1.65713
1.6672
1.69307
1.70309
1.72323
1.73028
1.75093
1.75908
1.78563
1.7915
1.80136
1.80677
1.81657
1.83256
1.83756
1.84794
1.85358
1.8584
1.85887
1.86309
1.86889
1.87417
1.87431
1.87988
1.88332
1.8837
1.88999
1.88914
1.89466
1.8897
1.88973
1.88961
1.88978
1.8847
1.88447
1.87971
1.8747
1.87378
1.86818
1.8698
1.86308
1.86337
1.85972
1.85921
1.85845
1.84885
1.84798
1.84873
1.84871
1.84319
1.83794
1.83296
1.82847
1.82811
1.82345
1.82195
1.81773
1.81709
1.81147
1.80837
1.80613
1.80703
1.8071
1.80265
1.80137
1.79675
1.80203
1.79699
1.80147
1.79737
1.79183
1.79135
1.79175
1.78665
1.78632
1.78646
1.78644
1.78194
1.78563
1.78176
1.7809
1.77706
1.7803
1.77708
1.7766
1.77096
1.7701
1.76508
