1.53868
1.52888
1.52781
1.52862
1.52801
1.52846
1.52814
1.52821
1.5332
1.5332
1.53857
1.54339
1.54819
1.55923
1.57433
1.58433
1.60459
1.61552
1.63056
1.65157
1.66646
1.69772
1.71302
1.73898
1.75487
1.781
1.79553
1.807
1.83773
1.8476
1.86867
1.87901
1.89468
1.9043
1.91064
1.92601
1.93508
1.94588
1.9465
1.95677
1.95687
1.96175
1.96179
1.96193
1.96687
1.96737
1.96163
1.95684
1.95678
1.95149
1.95248
1.94639
1.94655
1.94642
1.94207
1.94077
1.94171
1.94193
1.93602
1.93607
1.93143
1.9306
1.9269
1.92495
1.92653
1.92076
1.92107
1.91063
1.91019
1.91039
1.90589
1.9046
1.90568
1.89985
1.90052
1.89482
1.89481
1.89004
1.88946
1.88477
1.8792
1.87426
1.87419
1.87422
1.8688
1.86921
1.86933
1.86398
1.8642
1.86443
1.85854
1.86337
1.85942
1.85813
1.85916
1.85354
1.85355
1.84873
1.84333
1.84371
1.84322
1.83773
1.8331
1.83349
1.82763
1.82324
1.82207
1.82293
1.81751
1.81278
1.81192
1.80204
1.80175
1.79111
1.79206
1.79116
1.78095
1.78115
1.77583
1.77629
1.77617
1.78095
1.77662
1.77158
1.76595
1.7508
1.74573
1.73982
1.73522
1.72942
1.72496
1.71454
1.70893
1.70403
1.69918
1.69383
1.68888
1.6879
1.67789
1.67813
1.67332
1.6724
1.66843
1.66699
1.66347
1.66167
1.65128
1.65823
1.648
1.64632
1.6475
1.64196
1.64164
1.63732
1.63196
1.6312
1.62733
1.62567
1.62687
1.62121
1.62171
1.6159
1.61591
1.61136
1.61127
1.61062
1.60657
1.60652
1.60477
1.59975
1.60117
1.60132
1.59514
1.59585
1.59021
1.59021
1.58988
1.59017
1.58541
1.5799
1.58478
1.58493
1.58504
1.58507
1.58504
1.5851
1.58539
1.5897
1.59029
1.59522
1.59543
1.59529
1.59552
1.60162
1.5997
1.59641
1.60174
1.59964
1.60614
1.60543
1.60588
1.60573
1.60572
1.61045
1.61049
1.60631
1.6053
1.60545
1.60592
1.60591
1.60559
1.60001
1.601
1.60082
1.60035
1.60515
1.60618
1.60535
1.61046
1.6208
1.63081
1.64622
1.65689
1.66217
1.6881
1.70263
1.72827
1.73963
1.78472
1.79698
1.82747
1.83718
1.86855
1.87866
1.90476
1.92006
1.92598
1.935
1.94522
1.95721
1.9708
1.97344
1.97832
1.97675
1.97688
1.98235
1.98724
1.9931
1.99276
1.99762
1.99859
1.99232
1.99284
1.99298
1.99332
1.99323
1.99309
1.98269
1.98262
1.97763
1.97727
1.96823
1.96625
1.96215
1.96181
1.95227
1.94731
1.94576
1.9423
1.93759
1.93504
1.93043
1.9266
1.92677
1.92025
1.92096
1.91506
1.91141
1.91137
1.90471
1.9049
1.90538
1.90503
1.9001
1.89999
1.8956
1.89912
1.88961
1.88977
1.88966
1.88971
1.88965
1.88965
1.88972
1.88481
1.88428
1.88516
1.87952
1.87931
1.87423
1.86939
1.86873
1.8645
1.86332
1.85903
1.85402
1.8494
1.84762
1.84894
1.8431
1.84336
1.83783
1.83215
1.82901
1.82317
1.81727
1.81171
1.80779
1.80206
1.79738
1.79627
1.79222
1.78701
1.78124
1.78117
1.77027
1.76702
1.75994
1.75497
1.74505
1.74072
1.73475
1.73034
1.72914
1.71924
1.71442
1.70883
1.70467
1.69911
1.69342
1.69354
1.68844
1.68344
1.6728
1.67291
1.66841
1.66754
1.65694
1.65775
1.65229
1.65206
1.6476
1.64663
1.64282
1.63749
1.63614
1.63158
1.63136
1.62575
1.62251
1.61521
1.61683
1.62023
1.61714
1.611
1.61078
1.6109
1.60592
1.60566
1.60568
1.60581
1.60558
1.6055
1.60113
1.5965
1.59943
1.59422
1.59626
1.58996
1.58509
1.57506
1.57499
1.57004
1.55987
1.55886
1.5484
1.5493
1.54344
1.5392
1.52894
1.52777
1.52864
1.52321
1.52295
1.51296
1.51274
1.50835
1.50707
1.50356
1.50302
1.49727
1.4925
1.49178
1.49231
1.48685
1.48246
1.48128
1.47666
1.47662
1.47582
1.47731
1.47604
1.47717
1.47619
1.47702
1.47687
1.48096
1.4919
1.4967
1.50746
1.51705
1.52794
1.53784
1.56401
1.57926
1.60444
1.61558
1.63055
1.64118
1.65651
1.67213
1.71768
1.73884
1.75487
1.76529
1.79096
1.80133
1.83231
1.8583
1.86838
1.88358
1.8949
1.89928
1.915
1.9203
1.93055
1.93582
1.94097
1.95133
1.95155
1.95166
1.95173
1.95151
1.94628
1.94194
1.94081
1.93532
1.93677
1.93614
1.92639
1.9205
1.91024
1.90108
1.89609
1.88868
1.87527
1.87347
1.8636
1.85912
1.85429
1.84823
1.84326
1.83835
1.83349
1.83236
1.82325
1.81676
1.81781
1.8126
1.81202
1.80737
1.80682
1.80159
1.80211
1.80181
1.80196
1.80191
1.80199
1.79664
1.79681
1.79718
1.79646
1.79245
1.79196
1.79625
1.79158
1.79193
1.78689
1.78608
1.7871
