1.66357
1.66167
1.65753
1.66211
1.65798
1.65295
1.65153
1.64207
1.63699
1.63154
1.63164
1.62606
1.62653
1.61165
1.61084
1.60118
1.60003
1.59526
1.6004
1.60046
1.59574
1.58994
1.59009
1.59025
1.58974
1.58975
1.59511
1.58141
1.58321
1.57948
1.58022
1.57462
1.56994
1.56531
1.56377
1.55931
1.55465
1.55468
1.55374
1.54899
1.54877
1.54912
1.55359
1.55441
1.55948
1.5685
1.57913
1.5902
1.59948
1.6248
1.63691
1.67691
1.70831
1.72359
1.73931
1.77022
1.7856
1.81169
1.82689
1.8589
1.86786
1.88336
1.89026
1.90555
1.90975
1.92591
1.92574
1.93561
1.94119
1.94633
1.95183
1.95593
1.95625
1.95724
1.95648
1.95694
1.95652
1.95176
1.94097
1.94154
1.94138
1.9413
1.93568
1.93159
1.92648
1.92539
1.9262
1.92041
1.92125
1.91022
1.9097
1.91082
1.90022
1.89501
1.88944
1.88419
1.88474
1.8797
1.87918
1.87937
1.87946
1.87948
1.87925
1.87384
1.87448
1.86893
1.86912
1.85908
1.85841
1.85336
1.85366
1.84783
1.84884
1.84404
1.8426
1.84368
1.8382
1.83864
1.83231
1.83336
1.82831
1.82725
1.8289
1.81831
1.81226
1.81272
1.81191
1.81246
1.80236
1.80167
1.79746
1.79614
1.79636
1.79708
1.7969
1.79138
1.78689
1.78215
1.78065
1.77671
1.76642
1.75107
1.74525
1.73506
1.73015
1.72474
1.71406
1.70976
1.69983
1.69295
1.68332
1.67861
1.6682
1.66283
1.6574
1.65248
1.65236
1.64203
1.63724
1.62717
1.62577
1.62091
1.61663
1.61554
1.61152
1.61084
1.60546
1.60635
1.60065
1.60051
1.59577
1.59501
1.59542
1.59435
1.5962
1.59042
1.5853
1.58483
1.58042
1.57943
1.57474
1.57431
1.56992
1.56977
1.56462
1.55934
1.55471
1.5535
1.54883
1.54897
1.54891
1.54327
1.5441
1.54397
1.54319
1.53775
1.53921
1.5389
1.53883
1.53878
1.53904
1.53826
1.53353
1.53822
1.53837
1.53878
1.53846
1.5378
1.54407
1.53833
1.53914
1.53291
1.53834
1.53888
1.54424
1.54907
1.56451
1.56882
1.58422
1.59988
1.61506
1.631
1.67188
1.68249
1.70833
1.72328
1.74953
1.76501
1.79094
1.80098
1.81677
1.83738
1.85225
1.87849
1.88937
1.91007
1.91985
1.9306
1.9515
1.96171
1.96699
1.97248
1.97223
1.98271
1.98224
1.98258
1.98746
1.98777
1.98792
1.98754
1.98799
1.97776
1.98207
1.97271
1.97197
1.9721
1.96763
1.95729
1.95198
1.94651
1.94643
1.93619
1.93653
1.93148
1.9211
1.92032
1.90983
1.91115
1.90529
1.90524
1.90033
1.89462
1.89496
1.88933
1.88523
1.88057
1.87398
1.87438
1.86952
1.86859
1.86354
1.8641
1.86835
1.86949
1.86921
1.86894
1.86903
1.8739
1.86861
1.86936
1.86878
1.86895
1.87399
1.86354
1.86412
1.86491
1.86313
1.86439
1.85963
1.85807
1.85293
1.85401
1.84897
1.84801
1.84861
1.84269
1.83879
1.83848
1.83773
1.83876
1.83311
1.82826
1.81273
1.80702
1.80779
1.79723
1.78707
1.78599
1.7819
1.77635
1.7759
1.77101
1.76612
1.76547
1.75989
1.75668
1.75128
1.74505
1.74032
1.74008
1.7399
1.72471
1.71982
1.71371
1.70921
1.69939
1.68921
1.68323
1.67821
1.67353
1.6724
1.66264
1.65719
1.65263
1.64697
1.64264
1.64127
1.63158
1.62669
1.62175
1.62082
1.6109
1.61084
1.61093
1.60097
1.60031
1.59483
1.59618
1.59036
1.58591
1.58442
1.57942
1.5802
1.57867
1.58058
1.5698
1.56403
1.56463
1.56912
1.55823
1.56005
1.55493
1.55339
1.55466
1.54951
1.54847
1.54867
1.54918
1.54431
1.54332
1.54411
1.54397
1.54361
1.53385
1.53934
1.53327
1.53381
1.53348
1.53355
1.53316
1.52878
1.52791
1.52852
1.52811
1.52254
1.52349
1.51776
1.51372
1.51225
1.50854
1.50645
1.50675
1.50836
1.5183
1.52211
1.54315
1.55353
1.5742
1.58929
1.61484
1.62635
1.66632
1.68284
1.71333
1.72843
1.75466
1.76981
1.78593
1.81179
1.82677
1.84751
1.86325
1.884
1.8942
1.92045
1.92513
1.94014
1.9468
1.95758
1.96064
1.97148
1.9725
1.97253
1.97285
1.97193
1.97232
1.96684
1.96259
1.96141
1.95582
1.95315
1.9477
1.94278
1.93723
1.93545
1.93116
1.9259
1.92125
1.92032
1.91579
1.91028
1.91091
1.90637
1.90419
1.8998
1.90054
1.89035
1.88927
1.88512
1.88413
1.88485
1.87944
1.87446
1.86924
1.86485
1.8631
1.86341
1.86378
1.85876
1.86368
1.86431
1.86359
1.86404
1.86343
1.86439
1.86341
1.86354
1.86379
1.85815
1.85936
1.85816
1.85827
1.85908
1.85778
1.85003
1.8471
1.84254
1.83927
1.83202
1.82914
1.8233
1.82238
1.81202
1.80787
1.80258
1.79735
1.78712
1.78149
1.77582
1.77625
