1.60073
1.59596
1.59105
1.58574
1.58502
1.58514
1.58506
1.57966
1.58007
1.57428
1.57513
1.57011
1.57403
1.56882
1.5702
1.56908
1.56403
1.56472
1.5593
1.5588
1.55389
1.54923
1.54867
1.54914
1.54855
1.54281
1.53964
1.53781
1.53294
1.53383
1.5341
1.52806
1.52812
1.5284
1.52337
1.52777
1.52796
1.53332
1.5378
1.54369
1.56359
1.57431
1.59485
1.60513
1.63127
1.64055
1.65706
1.67133
1.68286
1.69718
1.72396
1.73895
1.76425
1.78108
1.79556
1.81645
1.83229
1.85292
1.86292
1.88338
1.89427
1.90996
1.91962
1.92585
1.94113
1.94638
1.95675
1.96167
1.96628
1.97263
1.97201
1.97208
1.97697
1.97726
1.97243
1.97228
1.97224
1.97218
1.97242
1.96664
1.96166
1.96219
1.95663
1.95696
1.95124
1.95235
1.94653
1.93659
1.93578
1.93023
1.92675
1.92187
1.9198
1.92128
1.9152
1.91097
1.90555
1.90486
1.90505
1.8998
1.89475
1.89493
1.88995
1.88946
1.88996
1.8891
1.88465
1.88444
1.88449
1.88455
1.88484
1.88467
1.87919
1.87949
1.87927
1.87414
1.87419
1.87429
1.86905
1.86316
1.86449
1.85863
1.85915
1.85389
1.84849
1.84361
1.83842
1.83783
1.8325
1.8284
1.82246
1.81816
1.81332
1.81186
1.80765
1.80201
1.79705
1.79195
1.78647
1.77572
1.77157
1.7611
1.76069
1.7508
1.74992
1.73504
1.73468
1.72948
1.72485
1.7193
1.71448
1.70938
1.70866
1.70442
1.69851
1.69392
1.6879
1.68236
1.67932
1.67703
1.67184
1.66907
1.66122
1.65624
1.65367
1.6511
1.64621
1.64315
1.6374
1.6317
1.6269
1.62598
1.62093
1.61653
1.61568
1.61012
1.61154
1.6003
1.59569
1.59515
1.59005
1.58995
1.58513
1.58506
1.57947
1.57445
1.57498
1.57533
1.56944
1.56959
1.56958
1.56409
1.55981
1.55461
1.55378
1.55397
1.55458
1.54889
1.54941
1.54857
1.54377
1.53888
1.53375
1.53311
1.52869
1.528
1.5227
1.52345
1.51852
1.51749
1.51288
1.5122
1.51226
1.51815
1.52309
1.52788
1.53348
1.5436
1.55323
1.57321
1.58512
1.62524
1.63644
1.66712
1.68228
1.71825
1.72893
1.75936
1.78025
1.79575
1.82172
1.83735
1.86317
1.87332
1.88905
1.89455
1.90929
1.92042
1.93645
1.94558
1.96102
1.96709
1.97679
1.98295
1.99249
1.9978
1.99795
2.00312
2.00315
2.0034
2.00784
2.00358
2.00417
2.00263
2.00349
1.99868
1.99843
1.99831
1.99324
1.9879
1.98287
1.98239
1.977
1.97303
1.96753
1.96673
1.95714
1.95206
1.94663
1.94636
1.94074
1.93691
1.93211
1.93056
1.92192
1.91928
1.91613
1.90548
1.90535
1.90528
1.90517
1.9003
1.89979
1.89487
1.89526
1.8897
1.88964
1.88515
1.88407
1.88467
1.87957
1.87405
1.87429
1.86855
1.86939
1.86408
1.8593
1.85269
1.84972
1.8434
1.84353
1.83275
1.8285
1.81757
1.81735
1.81295
1.80206
1.79742
1.79236
1.78653
1.77624
1.77606
1.77128
1.76585
1.76122
1.75569
1.74501
1.74527
1.73424
1.73069
1.7248
1.72021
1.71416
1.70394
1.69372
1.68881
1.68352
1.6728
1.67292
1.65721
1.65237
1.65245
1.64716
1.6372
1.63636
1.62627
1.6264
1.61577
1.61629
1.61055
1.61153
1.60556
1.59996
1.59616
1.59135
1.58937
1.58507
1.58067
1.57592
1.57387
1.56983
1.56938
1.56975
1.56451
1.55996
1.55871
1.55328
1.55466
1.54873
1.54902
1.54373
1.54378
1.53898
1.53825
1.53326
1.53354
1.53342
1.52869
1.52793
1.52815
1.52386
1.52261
1.52343
1.51768
1.51291
1.51266
1.51265
1.51289
1.5127
1.5084
1.50699
1.50854
1.50306
1.50195
1.49675
1.4977
1.4927
1.4917
1.49243
1.48701
1.48701
1.4875
1.48168
1.47705
1.47627
1.47652
1.47663
1.48112
1.49231
1.50131
1.52195
1.53327
1.55815
1.56896
1.59944
1.61517
1.63045
1.64612
1.66144
1.67748
1.70829
1.72369
1.7551
1.77426
1.81741
1.8315
1.85727
1.86874
1.89979
1.90943
1.925
1.93621
1.94639
1.95096
1.96186
1.96697
1.97257
1.97201
1.97258
1.97759
1.97779
1.9773
1.97756
1.97259
1.97207
1.97246
1.97239
1.96699
1.96707
1.96227
1.96216
1.95699
1.95188
1.94632
1.94218
1.94066
1.93566
1.93688
1.92659
1.92083
1.92054
1.91593
1.91063
1.90972
1.90601
1.90094
1.89922
1.89466
1.89501
1.89016
1.88926
1.89051
1.88902
1.88536
1.88386
1.87844
1.88009
1.87879
1.8791
1.87951
1.87938
1.87938
1.87941
1.87931
1.87941
1.87932
1.8794
1.87935
1.87393
1.87442
1.87441
1.86914
1.86908
1.869
1.86907
1.86421
1.86356
1.86416
1.859
1.85851
1.85319
1.84899
1.84426
1.8429
1.83858
1.83278
1.83293
1.82268
1.81765
1.81719
