1.59611
1.59033
1.5902
1.58532
1.57973
1.57562
1.57887
1.57377
1.57556
1.57473
1.56984
1.56941
1.56968
1.56416
1.56463
1.55976
1.55844
1.55433
1.55389
1.54914
1.54877
1.54361
1.54388
1.53344
1.53842
1.53381
1.52906
1.52776
1.52242
1.52355
1.51775
1.51827
1.50788
1.50738
1.50255
1.50242
1.50248
1.50244
1.5074
1.50323
1.50642
1.52283
1.53804
1.54798
1.55849
1.5836
1.59559
1.62627
1.64054
1.67161
1.68798
1.73344
1.7496
1.78046
1.79563
1.82133
1.83768
1.86286
1.87392
1.88899
1.90401
1.91494
1.93005
1.94113
1.95658
1.96187
1.96689
1.97214
1.9718
1.97763
1.97722
1.97188
1.97216
1.97204
1.97256
1.96807
1.96642
1.96674
1.96262
1.96143
1.95588
1.95308
1.94764
1.94556
1.94027
1.93727
1.93569
1.92569
1.92597
1.9156
1.91095
1.90992
1.90583
1.90019
1.89525
1.89451
1.88466
1.88451
1.87982
1.87934
1.87497
1.87515
1.86859
1.86384
1.8688
1.86907
1.86407
1.86386
1.86345
1.86404
1.86377
1.86297
1.86327
1.86345
1.86358
1.86416
1.86409
1.86367
1.85843
1.85887
1.85916
1.85353
1.84872
1.84812
1.84256
1.84369
1.83809
1.83305
1.83269
1.82237
1.82274
1.81185
1.80763
1.79711
1.79655
1.78192
1.77627
1.77133
1.76581
1.75556
1.75052
1.74034
1.73519
1.73453
1.73017
1.72439
1.72004
1.70954
1.7041
1.69827
1.69414
1.68381
1.67777
1.67825
1.66796
1.66748
1.65735
1.65289
1.64815
1.64172
1.63709
1.63115
1.62625
1.61715
1.61521
1.61043
1.60671
1.5997
1.58973
1.5907
1.58516
1.58051
1.57947
1.57434
1.57498
1.56963
1.56954
1.56477
1.56408
1.55983
1.55959
1.55941
1.55397
1.55416
1.54858
1.54922
1.54363
1.53944
1.53908
1.53825
1.53297
1.53383
1.5331
1.52804
1.52842
1.52875
1.52307
1.51786
1.51315
1.51249
1.51261
1.51289
1.50773
1.5077
1.50275
1.50217
1.49698
1.49237
1.49191
1.49233
1.48658
1.48728
1.48213
1.47597
1.47207
1.46612
1.46607
1.47142
1.47123
1.47158
1.48162
1.48645
1.49179
1.51195
1.52275
1.54362
1.56253
1.60516
1.62482
1.66066
1.67768
1.71293
1.72885
1.78029
1.79618
1.82711
1.84678
1.87293
1.88899
1.91463
1.92091
1.92982
1.95082
1.96194
1.97247
1.98146
1.99816
2.00339
2.00872
2.01305
2.01964
2.01807
2.01834
2.01914
2.01946
2.01817
2.01391
2.00894
2.00888
2.00313
1.99826
1.99834
1.99341
1.99352
1.98773
1.98193
1.9784
1.97335
1.96657
1.96189
1.9576
1.95082
1.94734
1.94199
1.94126
1.93106
1.92642
1.92605
1.9209
1.92095
1.91589
1.90995
1.9107
1.91027
1.91042
1.90537
1.90519
1.90485
1.89978
1.90014
1.90002
1.90047
1.89516
1.89499
1.89476
1.89
1.88462
1.88472
1.8795
1.87379
1.87448
1.86488
1.86308
1.85278
1.85421
1.84433
1.84236
1.83241
1.83331
1.82777
1.82249
1.81776
1.81194
1.80276
1.79182
1.78157
1.77658
1.77086
1.76566
1.75018
1.74592
1.74031
1.72995
1.72944
1.71929
1.71446
1.69875
1.6887
1.6729
1.67283
1.66268
1.66241
1.65242
1.63665
1.63681
1.63178
1.62651
1.61106
1.60603
1.60064
1.59609
1.5949
1.59044
1.58565
1.5803
1.57472
1.57462
1.5753
1.56975
1.5646
1.55943
1.5595
1.55479
1.55356
1.54924
1.54864
1.54415
1.54345
1.54443
1.53407
1.53361
1.52844
1.52884
1.5278
1.51761
1.52318
1.51824
1.51286
1.50839
1.51185
1.50874
1.50839
1.50744
1.50214
1.49782
1.49266
1.49164
1.49172
1.49247
1.49198
1.48746
1.4811
1.4824
1.47735
1.47605
1.47117
1.47175
1.47124
1.46607
1.46686
1.46111
1.46167
1.45609
1.45591
1.46095
1.46129
1.46586
1.47616
1.4863
1.50157
1.51728
1.54238
1.55412
1.56818
1.59923
1.61532
1.66602
1.68311
1.71948
1.73334
1.77005
1.78531
1.81139
1.82665
1.85251
1.86852
1.87832
1.88942
1.89924
1.9147
1.93083
1.94048
1.95106
1.96142
1.96681
1.96739
1.97137
1.97747
1.98319
1.98663
1.99281
1.99307
1.99288
1.99256
1.99257
1.9933
1.9884
1.98729
1.98818
1.98281
1.97752
1.97294
1.96737
1.96703
1.96157
1.95756
1.9526
1.94641
1.94162
1.9411
1.9357
1.93174
1.92552
1.92111
1.92039
1.91112
1.90637
1.90915
1.90599
1.90008
1.90004
1.89506
1.89951
1.88908
1.89014
1.88935
1.88418
1.88519
1.88979
1.88508
1.88472
1.88443
1.88455
1.88466
1.87954
1.87941
1.87935
1.87982
1.87903
1.87513
1.87349
1.86808
1.86393
1.85901
1.85868
1.85422
1.85426
1.84817
1.83808
1.83802
1.83295
1.82803
1.82266
1.81723
1.81271
1.80237
1.80158
1.79179
1.79187
1.78103
