1.52834
1.52867
1.52833
1.52306
1.52316
1.51871
1.52221
1.51718
1.51407
1.51217
1.51313
1.513
1.50782
1.50741
1.50707
1.50279
1.50263
1.50231
1.4967
1.49772
1.49681
1.49802
1.49226
1.49207
1.48671
1.48715
1.48259
1.48123
1.48226
1.47145
1.47158
1.47121
1.46685
1.46123
1.46109
1.46111
1.46118
1.46117
1.46603
1.47135
1.48083
1.49187
1.50703
1.51693
1.54269
1.55876
1.59004
1.60893
1.62651
1.66192
1.68152
1.7175
1.73975
1.78967
1.80678
1.82146
1.83755
1.85257
1.88363
1.89452
1.90923
1.92967
1.94127
1.96175
1.96654
1.9821
1.98752
1.99779
2.00323
2.01337
2.0138
2.01338
2.01374
2.01363
2.01403
2.00841
2.00401
2.00268
1.9976
1.99365
1.98857
1.98267
1.96717
1.96187
1.9572
1.94634
1.93678
1.93067
1.9216
1.91028
1.90029
1.88494
1.88468
1.87437
1.87408
1.86383
1.86393
1.85419
1.85344
1.84868
1.8481
1.84326
1.8378
1.83821
1.8381
1.83805
1.83808
1.83803
1.83808
1.8381
1.83797
1.83269
1.83756
1.8323
1.83337
1.82873
1.83224
1.82853
1.82861
1.82702
1.82289
1.8182
1.8123
1.81222
1.80164
1.80254
1.79208
1.79126
1.78736
1.77681
1.77557
1.76551
1.76153
1.75122
1.74517
1.74081
1.73438
1.73034
1.72455
1.71444
1.70891
1.70422
1.69345
1.68905
1.68335
1.67855
1.67315
1.6726
1.6624
1.65812
1.64789
1.64645
1.63186
1.63131
1.62108
1.61726
1.60549
1.60108
1.58956
1.57983
1.57558
1.57081
1.56865
1.56335
1.56077
1.55809
1.54821
1.54957
1.54458
1.54309
1.53804
1.53939
1.53844
1.53318
1.5336
1.52822
1.52832
1.52341
1.52286
1.51846
1.51826
1.51768
1.51775
1.51821
1.51283
1.51271
1.508
1.50785
1.50745
1.50753
1.5028
1.50243
1.50243
1.5024
1.50252
1.49712
1.49742
1.4929
1.49156
1.49257
1.49237
1.48698
1.4869
1.48706
1.4814
1.48207
1.47665
1.47091
1.47195
1.4663
1.46109
1.46123
1.45557
1.45627
1.45051
1.45092
1.45077
1.45081
1.45572
1.46062
1.46602
1.47101
1.49156
1.50147
1.54258
1.57278
1.59001
1.60414
1.64
1.66146
1.69718
1.71353
1.75016
1.76934
1.79076
1.8218
1.84174
1.87288
1.88897
1.91417
1.92578
1.95615
1.96669
1.98244
1.98747
2.00309
2.00832
2.00844
2.01901
2.02348
2.02423
2.02405
2.02386
2.0191
2.01851
2.01376
2.00821
2.00376
2.00297
1.99405
1.99263
1.98276
1.98247
1.97673
1.96835
1.95631
1.95232
1.94174
1.94104
1.93103
1.93139
1.9159
1.90574
1.90033
1.89581
1.8941
1.88452
1.88456
1.87951
1.87443
1.86961
1.86851
1.86367
1.86409
1.86365
1.8636
1.86413
1.85907
1.85846
1.8586
1.85877
1.85868
1.85871
1.85835
1.85832
1.85448
1.84796
1.84293
1.84299
1.84298
1.83863
1.83758
1.83208
1.82715
1.82367
1.82175
1.81671
1.81311
1.80266
1.80134
1.79756
1.78717
1.78137
1.77597
1.77172
1.76125
1.75567
1.74067
1.72999
1.72494
1.71463
1.70929
1.70428
1.69391
1.6932
1.67817
1.67827
1.66819
1.66779
1.65688
1.65279
1.64729
1.64144
1.6374
1.62691
1.62102
1.6108
1.61101
1.60592
1.60012
1.59644
1.58459
1.57484
1.56978
1.56966
1.56469
1.55941
1.55456
1.55439
1.549
1.5442
1.54335
1.53814
1.53891
1.53334
1.53351
1.5283
1.52828
1.5275
1.52349
1.51817
1.5177
1.51256
1.51316
1.51213
1.50881
1.50829
1.50713
1.50192
1.5029
1.4972
1.50234
1.4976
1.49768
1.49701
1.4922
1.49157
1.4917
1.49247
1.48692
1.48701
1.48254
1.48127
1.47631
1.47689
1.47133
1.47124
1.4659
1.46707
1.45687
1.45641
1.45066
1.45103
1.44553
1.44577
1.44092
1.44461
1.45061
1.45548
1.46596
1.47586
1.49113
1.5022
1.54726
1.56432
1.61519
1.65683
1.67143
1.68806
1.72406
1.74302
1.80122
1.84708
1.86351
1.89396
1.90479
1.93076
1.94044
1.9563
1.96651
1.9879
1.99743
2.00799
2.01362
2.0186
2.0189
2.01883
2.01914
2.01901
2.01856
2.01777
2.01475
2.01273
2.0029
2.00354
1.99364
1.99239
1.98263
1.98267
1.97259
1.96758
1.96727
1.95711
1.952
1.94147
1.94132
1.93114
1.92606
1.92116
1.9108
1.91
1.9001
1.89518
1.88966
1.88491
1.87917
1.87499
1.87007
1.86833
1.86325
1.86433
1.86354
1.85827
1.85903
1.85887
1.8586
1.85867
1.85873
1.85921
1.86322
1.86395
1.85893
1.85863
1.85878
1.85861
1.85872
1.85872
1.85874
1.8591
1.85333
1.85331
1.8479
1.844
1.84253
1.83705
1.83401
1.82909
1.82711
1.8176
1.81281
1.80732
1.80202
1.79202
1.78687
1.7766
1.77082
1.77146
1.76072
1.75573
1.74031
