1.61654
1.61645
1.61607
1.61081
1.61625
1.61593
1.611
1.61074
1.61074
1.6111
1.60574
1.60566
1.60134
1.60483
1.60157
1.59975
1.60014
1.60121
1.59643
1.59954
1.59639
1.59581
1.59515
1.59079
1.58972
1.59097
1.58925
1.58617
1.58422
1.5857
1.57997
1.57987
1.57991
1.57989
1.57988
1.58481
1.58483
1.58933
1.5954
1.60558
1.61064
1.62628
1.63581
1.64174
1.66274
1.67137
1.68721
1.69839
1.71341
1.72408
1.73401
1.76
1.77537
1.78104
1.79117
1.80155
1.80705
1.82197
1.82707
1.83271
1.83722
1.83872
1.84198
1.84692
1.84947
1.84895
1.85286
1.8475
1.84903
1.84792
1.84871
1.84817
1.84895
1.84391
1.84273
1.83898
1.83739
1.83329
1.83254
1.82695
1.82832
1.82325
1.822
1.82345
1.81817
1.81238
1.80785
1.80652
1.80138
1.79784
1.79633
1.79174
1.79137
1.78567
1.78714
1.787
1.78148
1.78596
1.78679
1.78134
1.78112
1.78151
1.7819
1.78072
1.77643
1.77621
1.78094
1.77636
1.77621
1.77603
1.77608
1.7761
1.77568
1.77579
1.77635
1.77626
1.77597
1.77603
1.77614
1.77568
1.77577
1.77638
1.77629
1.77595
1.77643
1.77086
1.76562
1.76595
1.76114
1.76011
1.76109
1.75575
1.75555
1.75002
1.74605
1.74606
1.73958
1.73982
1.73523
1.73443
1.72976
1.72948
1.72381
1.7254
1.71955
1.7147
1.71372
1.71447
1.70944
1.70865
1.70439
1.6986
1.69861
1.69386
1.69321
1.68884
1.68793
1.68363
1.68283
1.68301
1.68335
1.68333
1.67829
1.67768
1.67875
1.67309
1.67264
1.67315
1.66774
1.66757
1.66743
1.66793
1.66216
1.66277
1.66264
1.66243
1.65812
1.65784
1.66184
1.65671
1.65827
1.6517
1.65258
1.65187
1.65287
1.65204
1.64662
1.64737
1.6418
1.64195
1.64175
1.64197
1.63694
1.64132
1.63617
1.63705
1.63676
1.63671
1.63664
1.63678
1.63703
1.63642
1.63129
1.63694
1.63654
1.6367
1.63185
1.63131
1.63169
1.63143
1.63194
1.63111
1.63036
1.62763
1.62271
1.62495
1.62252
1.62183
1.62078
1.62104
1.6213
1.62128
1.62601
1.62623
1.63114
1.63182
1.65113
1.66712
1.67777
1.6826
1.71408
1.73482
1.74408
1.75518
1.77666
1.78975
1.81027
1.82273
1.83784
1.84704
1.87497
1.88279
1.89352
1.90518
1.91493
1.9209
1.9308
1.93601
1.9418
1.94092
1.9512
1.94688
1.95097
1.94657
1.94646
1.9463
1.9462
1.94203
1.94125
1.93648
1.93188
1.9303
1.92577
1.92586
1.92137
1.92017
1.92066
1.91559
1.91062
1.90571
1.90471
1.90003
1.90002
1.89559
1.89468
1.89493
1.88934
1.88556
1.88076
1.8783
1.88015
1.87434
1.87412
1.86875
1.86924
1.86405
1.86377
1.86379
1.8595
1.86294
1.85834
1.85902
1.85892
1.85854
1.85397
1.85277
1.85271
1.85384
1.849
1.84787
1.84316
1.84816
1.84291
1.84342
1.83785
1.83223
1.8334
1.82772
1.82339
1.82186
1.81642
1.81815
1.80784
1.80659
1.80257
1.79748
1.79615
1.78604
1.78677
1.78117
1.77655
1.77573
1.76576
1.761
1.75537
1.75074
1.74494
1.74075
1.73501
1.73505
1.72504
1.72408
1.71881
1.7149
1.7135
1.71022
1.70803
1.7048
1.70388
1.69936
1.69426
1.69296
1.69383
1.68887
1.68785
1.68879
1.6839
1.68251
1.67839
1.67765
1.67831
1.67774
1.67864
1.67295
1.67277
1.67287
1.67283
1.66838
1.67205
1.66716
1.66802
1.6678
1.66726
1.66264
1.66689
1.66828
1.66765
1.66728
1.66763
1.66814
1.66244
1.66223
1.66756
1.66293
1.66216
1.6628
1.66227
1.66263
1.65837
1.65657
1.65793
1.65285
1.65163
1.6529
1.64723
1.64684
1.6414
1.64226
1.64161
1.63639
1.63691
1.63721
1.63146
1.63131
1.63163
1.63151
1.63648
1.64167
1.64201
1.65145
1.66785
1.67693
1.69253
1.70348
1.71864
1.72917
1.73882
1.75021
1.75959
1.77066
1.7911
1.80131
1.82154
1.83259
1.84721
1.85908
1.86767
1.88279
1.8952
1.90524
1.9145
1.92523
1.9311
1.93536
1.94163
1.94103
1.94602
1.95671
1.95688
1.95676
1.96173
1.96217
1.9567
1.95689
1.95651
1.95704
1.95662
1.95695
1.9519
1.95189
1.95142
1.94706
1.94675
1.94152
1.94108
1.93627
1.93603
1.93122
1.93076
1.92628
1.92554
1.92007
1.92106
1.91507
1.91143
1.91141
1.90469
1.9055
1.90025
1.89473
1.89016
1.88527
1.88385
1.88511
1.87957
1.8748
1.87371
1.86909
1.86899
1.8642
1.86356
1.86416
1.86362
1.8592
1.8584
1.8538
1.85329
1.8534
1.84822
1.84363
1.84295
1.83833
1.83776
1.83821
1.83312
1.83272
1.83302
1.828
1.82746
1.82355
1.82176
1.82323
1.81748
1.81739
1.81201
1.8124
1.80734
1.80253
1.80139
1.79582
