1.54419
1.54346
1.53917
1.53817
1.53892
1.53391
1.53309
1.53368
1.52792
1.52327
1.52295
1.52291
1.5233
1.52293
1.52785
1.53347
1.54369
1.55313
1.56828
1.57985
1.58927
1.59982
1.61529
1.63073
1.65699
1.67676
1.72289
1.73982
1.7701
1.78542
1.81664
1.83202
1.84292
1.85712
1.88835
1.9093
1.92044
1.94093
1.94604
1.96148
1.9717
1.97757
1.98766
1.99279
2.00311
2.00336
2.01383
2.0135
2.01321
2.01328
2.01875
2.013
2.01312
2.01401
2.00888
2.00778
2.00443
2.00389
1.99802
1.99367
1.99283
1.9873
1.98364
1.98193
1.97717
1.9727
1.96751
1.96653
1.95658
1.95245
1.95111
1.94601
1.94233
1.93734
1.93571
1.92524
1.92014
1.9162
1.91591
1.91037
1.91032
1.91075
1.91041
1.90547
1.90495
1.90504
1.90492
1.90489
1.90051
1.90004
1.89998
1.90005
1.89998
1.89961
1.90035
1.90025
1.8946
1.89503
1.88969
1.88972
1.88522
1.88404
1.8795
1.87959
1.87964
1.86888
1.8692
1.85966
1.85794
1.84955
1.84298
1.83857
1.8377
1.83386
1.82325
1.81765
1.81278
1.80694
1.80277
1.7968
1.79228
1.79107
1.78083
1.78197
1.7705
1.7665
1.76034
1.75601
1.75052
1.74523
1.74028
1.73933
1.72931
1.72543
1.72375
1.71342
1.7098
1.70451
1.69848
1.69328
1.68913
1.68774
1.6778
1.67812
1.6682
1.6673
1.66184
1.66307
1.65279
1.65167
1.64816
1.64279
1.63679
1.6366
1.63225
1.62738
1.62563
1.6269
1.61623
1.61561
1.61101
1.61075
1.61069
1.60627
1.60518
1.60487
1.60158
1.59549
1.59531
1.59064
1.59048
1.59046
1.58501
1.58509
1.57931
1.58038
1.58016
1.57972
1.57516
1.57442
1.56974
1.56949
1.5695
1.56476
1.56484
1.56406
1.56506
1.56437
1.55956
1.55907
1.55391
1.5537
1.54887
1.54903
1.5488
1.54348
1.544
1.53849
1.53868
1.5334
1.53348
1.52892
1.52781
1.52859
1.52807
1.52288
1.52805
1.52801
1.53332
1.538
1.54395
1.548
1.5541
1.57482
1.58399
1.60479
1.6206
1.64669
1.66139
1.67753
1.70842
1.72349
1.77449
1.78665
1.80036
1.81726
1.83166
1.85744
1.87378
1.89445
1.90895
1.91577
1.92465
1.93637
1.94047
1.95647
1.96634
1.97693
1.98226
1.98766
1.99275
1.99755
2.00346
2.00314
2.00331
2.00895
2.00807
2.00824
2.01385
2.0134
2.01419
2.01353
2.01372
2.00827
2.00857
2.00358
2.00298
1.99795
1.99871
1.99352
1.99244
1.99384
1.98734
1.98371
1.9818
1.97221
1.97242
1.96204
1.96202
1.95645
1.95255
1.94659
1.94635
1.94218
1.9406
1.93568
1.93127
1.92635
1.92537
1.92664
1.92034
1.9209
1.91561
1.91554
1.91547
1.91043
1.91026
1.91071
1.90557
1.90545
1.90499
1.9053
1.90487
1.90582
1.90008
1.90001
1.89446
1.89513
1.89003
1.88955
1.88389
1.88508
1.87925
1.87939
1.87357
1.86992
1.85912
1.85838
1.859
1.84861
1.84337
1.83848
1.83778
1.83378
1.82776
1.82815
1.82256
1.81265
1.81194
1.80104
1.79771
1.79156
1.78194
1.77629
1.77172
1.77038
1.76038
1.75594
1.75505
1.7444
1.7412
1.73417
1.7353
1.72994
1.72529
1.71943
1.71919
1.71413
1.70936
1.70382
1.69934
1.69817
1.693
1.68902
1.68293
1.67815
1.67785
1.67221
1.66884
1.66348
1.66176
1.65657
1.65317
1.65141
1.64833
1.64639
1.64268
1.6427
1.63641
1.63672
1.63171
1.63148
1.6266
1.62132
1.62093
1.62186
1.61635
1.6158
1.61667
1.61131
1.6105
1.61105
1.61033
1.60648
1.60664
1.60016
1.59591
1.595
1.59519
1.59554
1.58995
1.59049
1.58999
1.59087
1.58445
1.58557
1.58019
1.58004
1.57987
1.5804
1.57989
1.57507
1.57446
1.57498
1.56946
1.56966
1.56951
1.56962
1.56475
1.56408
1.55832
1.56046
1.55485
1.55312
1.54895
1.54392
1.53884
1.5392
1.53809
1.53963
1.54341
1.54397
1.55375
1.5636
1.57924
1.58932
1.6151
1.62633
1.64063
1.67225
1.68737
1.73378
1.75984
1.77488
1.79125
1.82213
1.83668
1.86253
1.8738
1.88864
1.90938
1.92041
1.92972
1.94133
1.94569
1.96139
1.96696
1.98281
1.98727
1.99306
1.99768
1.99842
2.00236
2.00764
2.01347
2.01375
2.01352
2.01362
2.01349
2.01374
2.01416
2.01311
2.01324
2.0139
2.00814
2.00828
2.00898
2.00337
2.00319
1.99754
1.99895
1.99299
1.99295
1.9881
1.98756
1.97736
1.97758
1.97235
1.96777
1.96668
1.96304
1.96161
1.96226
1.95145
1.95173
1.94612
1.94204
1.94065
1.93669
1.93567
1.93658
1.93105
1.92603
1.92593
1.92621
1.92088
1.92048
1.92053
1.92042
1.91508
1.91584
1.91571
1.91499
1.91629
1.91054
1.9102
1.91027
1.91003
1.90471
1.90556
