1.55889
1.55367
1.54951
1.55343
1.54842
1.54924
1.54333
1.54451
1.54421
1.54307
1.54389
1.53887
1.53832
1.53886
1.53399
1.53254
1.53295
1.53376
1.53323
1.52915
1.52915
1.52275
1.52336
1.51848
1.51755
1.51342
1.51321
1.51243
1.50681
1.5087
1.50291
1.50175
1.4966
1.49784
1.49688
1.49706
1.50234
1.50728
1.51274
1.52819
1.53767
1.54368
1.56464
1.57795
1.63514
1.67184
1.68764
1.71854
1.73852
1.78554
1.80575
1.8364
1.84853
1.87319
1.88925
1.90953
1.92062
1.94163
1.95035
1.95751
1.96784
1.97595
1.982
1.98796
1.9927
1.99809
1.99801
1.99828
1.99834
1.9976
1.99331
1.99267
1.99317
1.98828
1.98733
1.97717
1.97813
1.96673
1.96128
1.95765
1.95171
1.94152
1.94118
1.93099
1.92659
1.92185
1.91527
1.91126
1.90519
1.90033
1.89539
1.88957
1.88019
1.87422
1.86968
1.86898
1.86322
1.85962
1.84809
1.84873
1.84427
1.84238
1.84264
1.84412
1.84426
1.84243
1.84332
1.84316
1.83773
1.84277
1.84238
1.83903
1.83767
1.83833
1.83787
1.83818
1.83796
1.8327
1.83757
1.83356
1.82869
1.82662
1.82135
1.82396
1.81796
1.81219
1.80782
1.80165
1.80215
1.79182
1.79097
1.78097
1.77704
1.77216
1.76556
1.76144
1.75604
1.75022
1.74049
1.73507
1.73463
1.72443
1.72007
1.7096
1.70896
1.69369
1.68886
1.67802
1.6736
1.66766
1.66321
1.65278
1.65174
1.64175
1.64239
1.63659
1.62669
1.62619
1.61603
1.61606
1.60609
1.6055
1.60136
1.59573
1.59559
1.59054
1.59039
1.58035
1.57982
1.57517
1.57508
1.56954
1.56426
1.56498
1.56437
1.55962
1.55892
1.55474
1.55351
1.55457
1.54917
1.54872
1.54433
1.54335
1.54404
1.53911
1.53821
1.53889
1.53351
1.53341
1.5334
1.53347
1.53383
1.52829
1.52824
1.5234
1.52296
1.52275
1.51751
1.51801
1.51793
1.513
1.50767
1.50747
1.50824
1.50705
1.50188
1.50287
1.49784
1.49689
1.49725
1.49176
1.49289
1.49192
1.49181
1.4923
1.49642
1.50691
1.5126
1.52229
1.54312
1.5531
1.57876
1.59488
1.62559
1.64109
1.66106
1.6922
1.71312
1.74385
1.76509
1.80134
1.82135
1.83764
1.863
1.87828
1.90413
1.92011
1.95125
1.96159
1.97741
1.98713
1.99713
2.00337
2.0076
2.01353
2.01851
2.02353
2.02417
2.024
2.02913
2.02885
2.02883
2.02448
2.02391
2.01862
2.01816
2.01444
2.00845
2.00883
2.00367
2.00395
1.9979
1.98824
1.98756
1.9834
1.98213
1.97845
1.97256
1.96765
1.96295
1.95681
1.95203
1.94646
1.94184
1.9361
1.93619
1.92596
1.92578
1.92062
1.92103
1.91043
1.91042
1.90492
1.9052
1.9052
1.89993
1.90005
1.89436
1.89552
1.89504
1.89489
1.88969
1.88925
1.88481
1.88507
1.88411
1.87899
1.87964
1.87467
1.87391
1.86931
1.86878
1.86927
1.86377
1.85913
1.85286
1.84842
1.84382
1.84281
1.8331
1.83272
1.81773
1.81724
1.80746
1.80236
1.79198
1.79128
1.78111
1.77699
1.77053
1.75502
1.75059
1.74566
1.73986
1.72962
1.72522
1.70958
1.70854
1.69845
1.69359
1.68904
1.68825
1.67846
1.67321
1.67292
1.66237
1.65183
1.65254
1.64697
1.64718
1.64199
1.64182
1.63109
1.62548
1.62262
1.6172
1.61512
1.61092
1.61092
1.60071
1.60038
1.59582
1.59516
1.59057
1.58991
1.59051
1.58493
1.58031
1.57501
1.57465
1.57522
1.57006
1.5696
1.56395
1.56473
1.55975
1.55954
1.55422
1.55418
1.55401
1.54874
1.54901
1.54932
1.54869
1.54373
1.54352
1.54368
1.53843
1.53866
1.53899
1.53347
1.53376
1.53298
1.52815
1.52841
1.52297
1.5232
1.51824
1.51212
1.51244
1.50822
1.50803
1.50694
1.50776
1.50771
1.51199
1.51765
1.52788
1.54345
1.55368
1.56372
1.58964
1.59952
1.63055
1.64611
1.66176
1.6926
1.70793
1.73859
1.75965
1.79063
1.80607
1.84764
1.86302
1.88845
1.9
1.91559
1.9296
1.94519
1.95684
1.96115
1.97201
1.97206
1.98179
1.98326
1.99292
1.99868
1.99767
2.00328
2.00814
2.00908
2.00331
2.0082
2.00862
2.00343
2.00315
1.99786
1.99837
1.99266
1.99354
1.9829
1.98254
1.97723
1.97282
1.96739
1.96239
1.96163
1.95667
1.95211
1.94684
1.94624
1.94178
1.93606
1.93148
1.92079
1.92093
1.92089
1.91516
1.91083
1.91088
1.90516
1.90086
1.89928
1.89469
1.89499
1.88985
1.88972
1.88967
1.88489
1.88418
1.88476
1.88433
1.88409
1.87999
1.87951
1.87921
1.87922
1.87949
1.87925
1.87405
1.87433
1.86861
1.86941
1.86356
1.86411
1.85869
1.85425
1.84249
1.84386
1.83311
1.83275
1.82295
1.82229
1.8123
1.81218
1.79728
1.79643
1.78594
1.78189
