1.63624
1.63608
1.63272
1.63065
1.62591
1.62666
1.61606
1.61619
1.61095
1.61086
1.6064
1.60518
1.60023
1.6012
1.59492
1.59575
1.59014
1.59031
1.58485
1.58523
1.58558
1.58019
1.57968
1.57978
1.57964
1.57436
1.57458
1.57497
1.57463
1.56961
1.56959
1.56958
1.56408
1.55983
1.55883
1.55367
1.55439
1.55366
1.54387
1.53895
1.53898
1.53344
1.53346
1.53383
1.52877
1.5328
1.53315
1.53807
1.54347
1.55866
1.56414
1.57928
1.59458
1.60519
1.63071
1.64635
1.67736
1.69745
1.72307
1.73897
1.7907
1.80605
1.83659
1.84846
1.87421
1.88836
1.91427
1.9257
1.93559
1.95125
1.96133
1.98153
1.99165
1.99848
2.00269
2.00789
2.01368
2.01371
2.01796
2.01302
2.01396
2.01413
2.0132
2.00778
2.00339
1.99873
1.9975
1.98705
1.98843
1.98373
1.97729
1.9725
1.96765
1.96717
1.95694
1.9522
1.94619
1.94191
1.93179
1.92552
1.92611
1.92114
1.91563
1.90587
1.89487
1.89488
1.88475
1.88433
1.88432
1.87992
1.87867
1.87438
1.87404
1.86928
1.87372
1.86912
1.869
1.86924
1.8689
1.86898
1.86871
1.86347
1.86421
1.85965
1.85801
1.85389
1.85329
1.84404
1.83892
1.83739
1.83375
1.82822
1.82288
1.81786
1.81269
1.80811
1.80186
1.79746
1.79226
1.78625
1.77657
1.7757
1.76127
1.7556
1.75019
1.74552
1.72973
1.72505
1.71458
1.70897
1.69899
1.68943
1.67818
1.67338
1.66827
1.66763
1.65652
1.65316
1.64804
1.64669
1.64277
1.63752
1.63125
1.62653
1.62622
1.61595
1.61159
1.6067
1.60506
1.60067
1.60079
1.59034
1.58511
1.58505
1.57978
1.57992
1.57481
1.56941
1.56965
1.56997
1.56402
1.56418
1.56457
1.55985
1.56
1.55874
1.55472
1.55439
1.54875
1.54425
1.54405
1.53908
1.53884
1.53888
1.5338
1.53317
1.52802
1.52852
1.52848
1.52328
1.52326
1.51807
1.518
1.51834
1.51726
1.51214
1.51336
1.50782
1.50709
1.50319
1.49797
1.49722
1.49775
1.49732
1.49701
1.49712
1.49742
1.5031
1.5064
1.52701
1.53853
1.55846
1.56948
1.61465
1.63573
1.66138
1.682
1.71791
1.73414
1.76517
1.7848
1.80182
1.83253
1.84728
1.8893
1.91479
1.92535
1.93508
1.95172
1.9609
1.98145
1.98832
1.99339
2.00194
2.01339
2.01827
2.01852
2.0238
2.02398
2.02352
2.02421
2.02399
2.02392
2.01424
2.01426
2.00832
2.00403
2.00267
1.99347
1.99264
1.98752
1.98344
1.97813
1.97257
1.96711
1.96715
1.96231
1.95149
1.95182
1.94192
1.94084
1.9353
1.93156
1.92511
1.92678
1.92091
1.92062
1.91014
1.90445
1.90572
1.90065
1.90478
1.89953
1.90039
1.90056
1.8947
1.89498
1.88999
1.88943
1.88505
1.88415
1.8847
1.87955
1.87918
1.87435
1.87407
1.86416
1.86371
1.85933
1.85337
1.85407
1.84343
1.8327
1.8286
1.8229
1.81747
1.81217
1.80786
1.79732
1.79184
1.7816
1.78143
1.77628
1.76628
1.76101
1.75529
1.75068
1.74032
1.73521
1.73452
1.72451
1.71994
1.71428
1.70922
1.7035
1.69338
1.6936
1.68338
1.68301
1.67292
1.67275
1.66258
1.65757
1.65189
1.64796
1.64306
1.63612
1.63123
1.62171
1.62079
1.61542
1.61212
1.61203
1.60515
1.60094
1.60023
1.60125
1.59554
1.5953
1.58986
1.58532
1.58007
1.57978
1.57538
1.57427
1.57458
1.56996
1.5699
1.56399
1.56481
1.56443
1.55922
1.55923
1.55928
1.55469
1.55437
1.55385
1.54925
1.54379
1.54384
1.54375
1.54381
1.5392
1.53855
1.53866
1.53327
1.52833
1.52822
1.52365
1.52272
1.51849
1.51748
1.51286
1.51271
1.50729
1.50752
1.50256
1.50233
1.49702
1.49789
1.49682
1.50194
1.50681
1.51314
1.53266
1.54368
1.56486
1.57825
1.6089
1.62168
1.65171
1.67121
1.68781
1.71852
1.73372
1.76487
1.78504
1.81624
1.83207
1.87299
1.8844
1.90537
1.91429
1.93611
1.94553
1.95195
1.96734
1.97188
1.98195
1.98311
1.99342
1.99222
1.99349
1.99362
1.9973
1.99807
1.99851
1.99774
1.99325
1.99274
1.9874
1.98813
1.98236
1.98321
1.98261
1.97245
1.97217
1.96197
1.96197
1.95147
1.94731
1.94195
1.9409
1.93096
1.93106
1.92044
1.91052
1.90532
1.90053
1.89995
1.89503
1.88913
1.88979
1.88468
1.88445
1.88007
1.87881
1.87967
1.87911
1.87893
1.87436
1.87418
1.87426
1.86903
1.86903
1.86902
1.86461
1.86434
1.86351
1.85815
1.85917
1.85303
1.84913
1.84403
1.84298
1.83313
1.83278
1.83336
1.82286
1.82233
1.80743
1.80184
1.79717
1.79191
1.7811
1.78148
1.77155
1.77045
1.7515
1.73934
1.7359
1.73049
1.72453
1.71484
1.704
1.69879
1.68839
1.68835
1.6782
1.66723
