1.60037
1.59544
1.59534
1.59546
1.59532
1.58971
1.59069
1.591
1.58964
1.58991
1.59053
1.59
1.58557
1.58465
1.58541
1.58082
1.57922
1.58005
1.57967
1.58017
1.57499
1.57446
1.57441
1.57505
1.57042
1.56888
1.57015
1.5693
1.56942
1.57449
1.57944
1.58477
1.58972
1.60487
1.61081
1.62627
1.6358
1.66155
1.66765
1.7078
1.72399
1.74901
1.76012
1.80097
1.82702
1.83753
1.84738
1.86788
1.87928
1.88863
1.90932
1.91561
1.9309
1.94036
1.94609
1.95607
1.95738
1.96281
1.97257
1.97213
1.97238
1.97766
1.97735
1.97789
1.97701
1.97344
1.97176
1.97274
1.97236
1.96733
1.96716
1.96756
1.96204
1.96189
1.9576
1.95768
1.95574
1.94632
1.94663
1.94667
1.94165
1.93651
1.93106
1.92536
1.92661
1.92082
1.91579
1.91519
1.90954
1.91096
1.90526
1.90513
1.90037
1.90001
1.9006
1.89913
1.89441
1.90004
1.89549
1.89438
1.88919
1.89496
1.88946
1.88989
1.88983
1.88957
1.88961
1.88939
1.88988
1.88975
1.88966
1.8897
1.88931
1.88358
1.88532
1.88387
1.87894
1.87966
1.87506
1.87353
1.86962
1.86398
1.85889
1.8543
1.85301
1.84903
1.84379
1.84768
1.83695
1.83441
1.82227
1.81767
1.8171
1.81291
1.80801
1.80145
1.79105
1.79239
1.78717
1.78138
1.78121
1.77107
1.77612
1.76133
1.7565
1.74982
1.74554
1.74484
1.73992
1.73515
1.73454
1.72899
1.72562
1.71935
1.7193
1.71367
1.70965
1.70485
1.70308
1.70432
1.69852
1.69884
1.69312
1.69375
1.68794
1.68861
1.68297
1.68345
1.67801
1.67787
1.6737
1.67335
1.6721
1.67379
1.66839
1.66719
1.66268
1.66228
1.66226
1.66317
1.66211
1.66279
1.65733
1.65688
1.65687
1.65779
1.65733
1.6525
1.65682
1.65164
1.65224
1.64692
1.64192
1.64177
1.64113
1.63766
1.63106
1.63189
1.63215
1.62623
1.6268
1.6211
1.62101
1.62149
1.61616
1.616
1.61112
1.61073
1.61127
1.60571
1.60076
1.60494
1.6018
1.60122
1.60494
1.61028
1.61621
1.62175
1.63019
1.65172
1.67727
1.69783
1.70851
1.72353
1.74441
1.75451
1.78064
1.79099
1.83222
1.84275
1.86381
1.87313
1.89485
1.90409
1.93074
1.94051
1.9514
1.96152
1.96652
1.97245
1.97666
1.98267
1.98748
1.99246
1.99336
1.99896
1.99744
1.99771
2.0033
2.00314
2.0083
2.003
2.00345
2.00333
2.00323
1.99883
1.99758
1.99271
1.99286
1.9882
1.98743
1.98186
1.98319
1.97316
1.96699
1.95766
1.95617
1.9508
1.9478
1.94269
1.9399
1.94242
1.94053
1.94189
1.94094
1.93579
1.93639
1.93078
1.93118
1.93082
1.93109
1.93106
1.93094
1.93095
1.92619
1.92603
1.92569
1.92576
1.92143
1.92113
1.92031
1.91601
1.91512
1.91581
1.91074
1.91012
1.91025
1.91003
1.90452
1.90082
1.89944
1.89485
1.8949
1.88445
1.88464
1.87898
1.87478
1.8693
1.86394
1.85899
1.85364
1.84302
1.84339
1.83761
1.83805
1.82781
1.82763
1.81806
1.80679
1.80728
1.80209
1.797
1.79157
1.78712
1.78144
1.78134
1.77678
1.77199
1.76563
1.76048
1.75554
1.75531
1.75082
1.74598
1.74434
1.73934
1.7405
1.73428
1.73519
1.73021
1.73403
1.72445
1.72452
1.72411
1.71941
1.71969
1.71909
1.71984
1.71466
1.71337
1.71406
1.70894
1.7085
1.70939
1.70409
1.70357
1.69881
1.69854
1.69873
1.69387
1.69318
1.6884
1.68352
1.68288
1.68341
1.67888
1.68258
1.67783
1.67335
1.67226
1.67324
1.6675
1.66788
1.66221
1.66311
1.65711
1.65756
1.6523
1.65227
1.64766
1.64251
1.64144
1.63598
1.63197
1.63163
1.62596
1.62175
1.62177
1.61601
1.61171
1.61022
1.60651
1.60606
1.60071
1.59635
1.59462
1.59492
1.5954
1.595
1.60006
1.60055
1.61076
1.61582
1.63133
1.63612
1.65645
1.66735
1.6768
1.70265
1.71356
1.73954
1.75407
1.79118
1.806
1.83199
1.84285
1.86884
1.87849
1.89975
1.90942
1.92081
1.93633
1.94539
1.95611
1.96696
1.96731
1.98298
1.98228
1.98764
1.99279
1.99781
1.99801
1.99813
1.99807
2.00305
1.99786
1.99825
1.99812
1.99859
1.99308
1.98801
1.99251
1.98287
1.98245
1.97775
1.98205
1.96662
1.96759
1.96227
1.95688
1.95188
1.94688
1.9417
1.93701
1.93556
1.93211
1.92586
1.92139
1.91665
1.91461
1.91173
1.90629
1.90431
1.89987
1.90005
1.8994
1.89565
1.88961
1.88976
1.88963
1.88485
1.88435
1.8846
1.88449
1.88423
1.88471
1.87897
1.87961
1.87938
1.8794
1.87945
1.87927
1.87928
1.87951
1.87372
1.87458
1.87436
1.86964
1.86944
1.86869
1.86448
1.86346
1.85824
1.85915
1.85409
1.84826
1.844
1.83915
1.83728
1.82715
