1.58467
1.5852
1.58537
1.58001
1.58003
1.57976
1.57526
1.57393
1.57519
1.57446
1.57475
1.56976
1.56957
1.56963
1.56487
1.56406
1.55942
1.55906
1.5546
1.55863
1.55349
1.55453
1.54856
1.54914
1.54415
1.54305
1.54324
1.5394
1.53853
1.53863
1.53344
1.53795
1.53895
1.53827
1.54854
1.54884
1.55908
1.56907
1.59485
1.60027
1.6208
1.63611
1.65193
1.66655
1.69836
1.73444
1.74925
1.77083
1.78025
1.8122
1.82157
1.82777
1.83214
1.84274
1.86391
1.87404
1.87432
1.8789
1.88394
1.88982
1.89412
1.89485
1.89519
1.88962
1.88979
1.88955
1.88987
1.88991
1.88917
1.88402
1.88488
1.87945
1.87933
1.87978
1.86925
1.86933
1.86474
1.86324
1.85928
1.85824
1.85304
1.84946
1.84414
1.8425
1.838
1.83803
1.83369
1.83346
1.82764
1.82245
1.82255
1.82236
1.82288
1.81753
1.81723
1.8176
1.81759
1.812
1.81201
1.81245
1.80758
1.81155
1.80832
1.80653
1.80728
1.80694
1.80745
1.80638
1.80152
1.80229
1.80222
1.8013
1.79687
1.7967
1.79198
1.79121
1.7861
1.78667
1.78089
1.78152
1.78152
1.77155
1.77051
1.76595
1.76555
1.76157
1.75647
1.75463
1.74944
1.74618
1.7402
1.73935
1.72962
1.72972
1.72505
1.71413
1.71424
1.70943
1.70856
1.69826
1.69421
1.6977
1.68801
1.68866
1.68327
1.6782
1.6781
1.67332
1.66752
1.66786
1.6574
1.65308
1.65148
1.64734
1.65163
1.64127
1.63783
1.63726
1.63152
0
1.62585
1.62641
1.62649
1.62134
1.62121
1.62166
1.61588
1.61622
1.61621
1.61101
1.61575
1.61146
1.61038
1.61096
1.60634
1.60615
1.60535
1.5998
1.60111
1.60015
1.60084
1.59555
1.60004
1.5947
1.59597
1.59541
1.59576
1.59081
1.58978
1.59057
1.59042
1.59009
1.58558
1.58958
1.58426
1.58563
1.58469
1.58012
1.58487
1.58051
1.58045
1.57941
1.57386
1.57546
1.5752
1.57402
1.56895
1.57003
1.56464
1.56895
1.56352
1.56521
1.55982
1.55875
1.5587
1.55516
1.55465
1.55377
1.54915
1.54888
1.54895
1.55386
1.5543
1.55954
1.56352
1.57899
1.5854
1.59414
1.61457
1.62164
1.6419
1.65106
1.67677
1.68829
1.70246
1.71418
1.72341
1.73938
1.76023
1.77023
1.79643
1.80584
1.81776
1.83861
1.84723
1.86288
1.87437
1.88957
1.89457
1.89958
1.91005
1.91007
1.92041
1.92085
1.92626
1.92547
1.93088
1.93066
1.93067
1.93128
1.93121
1.93081
1.93073
1.92633
1.92656
1.9253
1.9201
1.9211
1.92086
1.91561
1.91549
1.91546
1.91012
1.90538
1.90507
1.90522
1.90518
1.90071
1.89903
1.8945
1.8951
1.89017
1.88927
1.88469
1.88442
1.88459
1.8793
1.87943
1.87943
1.87937
1.87442
1.87452
1.8691
1.86892
1.86882
1.86926
1.86882
1.86886
1.86918
1.86432
1.86841
1.86447
1.86346
1.86415
1.86369
1.86443
1.85888
1.85854
1.85883
1.85297
1.85396
1.84844
1.84794
1.8427
1.84325
1.83308
1.83278
1.83295
1.82782
1.82322
1.81802
1.81703
1.80744
1.80238
1.79652
1.79244
1.7872
1.78137
1.77569
1.77113
1.77086
1.76081
1.76041
1.75477
1.75116
1.74562
1.73985
1.74005
1.73509
1.73005
1.72939
1.72392
1.72002
1.71489
1.70919
1.70353
1.69874
1.69307
1.68881
1.68309
1.68327
1.67839
1.6777
1.67261
1.67306
1.66752
1.66337
1.6635
1.66169
1.65648
1.65807
1.65212
1.64671
1.64733
1.64228
1.64147
1.63699
1.63647
1.63179
1.63138
1.62584
1.62672
1.62615
1.62045
1.62177
1.61575
1.6163
1.61142
1.61045
1.61105
1.60626
1.60609
1.60505
1.60177
1.60169
1.59441
1.59451
1.59606
1.59086
1.59472
1.59135
1.59069
1.58996
1.58475
1.58526
1.58067
1.57931
1.58035
1.58057
1.57412
1.57511
1.57061
1.56884
1.56444
1.56429
1.55942
1.55911
1.55434
1.55432
1.54897
1.54855
1.54925
1.54398
1.54356
1.53878
1.53847
1.53869
1.53864
1.54346
1.54352
1.54874
1.55388
1.55913
1.58432
1.60543
1.61561
1.65175
1.66187
1.69806
1.72367
1.73396
1.76038
1.76968
1.80645
1.81691
1.83269
1.84721
1.86315
1.86882
1.88404
1.88942
1.89954
1.90416
1.91043
1.91979
1.92134
1.92636
1.92543
1.92562
1.92596
1.9258
1.92589
1.92575
1.92592
1.92093
1.92047
1.921
1.91554
1.91548
1.91597
1.91043
1.91024
1.90555
1.90537
1.90503
1.90431
1.90094
1.89506
1.88984
1.88962
1.88491
1.88414
1.87941
1.87972
1.87426
1.86949
1.86865
1.86389
1.86394
1.86401
1.85891
1.85886
1.85857
1.85884
1.85888
1.85814
1.8532
1.85384
1.85416
1.85345
1.84861
1.84822
1.84832
1.84837
1.84848
1.84829
1.84306
1.84339
1.84338
1.84351
