1.5643
1.56464
1.55923
1.55923
1.55439
1.55386
1.55461
1.55432
1.55437
1.54886
1.54855
1.54433
1.54337
1.5428
1.53962
1.53437
1.53268
1.5338
1.5287
1.52797
1.52848
1.52813
1.52272
1.52387
1.51815
1.51781
1.51345
1.51224
1.51322
1.51305
1.513
1.51329
1.51232
1.51725
1.5185
1.5272
1.54884
1.56387
1.5742
1.58441
1.60496
1.62056
1.64087
1.65669
1.67716
1.69289
1.71929
1.73345
1.75471
1.76978
1.78562
1.80645
1.8164
1.83726
1.84795
1.86851
1.86943
1.87799
1.89414
1.8998
1.91552
1.9154
1.92101
1.92536
1.92577
1.92579
1.9257
1.92569
1.92536
1.92624
1.92065
1.92069
1.91583
1.90546
1.90535
1.9052
1.90037
1.89535
1.88981
1.88954
1.88051
1.87525
1.86845
1.86958
1.86457
1.86332
1.85413
1.85377
1.84863
1.8429
1.83865
1.83819
1.8379
1.83798
1.83324
1.83303
1.83325
1.83257
1.82697
1.82832
1.82807
1.83237
1.8281
1.82746
1.8276
1.82824
1.82237
1.82281
1.82324
1.82239
1.81728
1.81748
1.81253
1.81211
1.80748
1.80666
1.79778
1.79594
1.79103
1.78719
1.78206
1.78061
1.77106
1.76589
1.75509
1.75585
1.75065
1.74546
1.74495
1.73482
1.73477
1.72927
1.72552
1.71522
1.71332
1.71032
1.7041
1.69879
1.69401
1.68856
1.6836
1.67798
1.67328
1.66767
1.6625
1.65761
1.65257
1.64748
1.64195
1.63688
1.63232
1.63092
1.62568
1.62703
1.61658
1.61076
1.60603
1.60578
1.60046
1.60062
1.60052
1.60104
1.59543
1.59537
1.58972
1.59058
1.59021
1.58568
1.58525
1.585
1.5852
1.58529
1.5797
1.5801
1.57972
1.57493
1.57954
1.57534
1.57429
1.57444
1.57014
1.56995
1.56928
1.56456
1.56438
1.56372
1.56
1.55513
1.55337
1.55378
1.5547
1.55405
1.54962
1.5484
1.5493
1.54954
1.54354
1.54356
1.54393
1.54429
1.53885
1.5386
1.53899
1.53335
1.53354
1.52817
1.52832
1.52374
1.52262
1.52279
1.51851
1.51254
1.51294
1.5132
1.51248
1.51267
1.51772
1.52234
1.52856
1.53249
1.53865
1.5482
1.55883
1.57898
1.58984
1.61032
1.62546
1.63676
1.66708
1.67738
1.70788
1.71912
1.76008
1.80111
1.81188
1.83305
1.84688
1.87453
1.88327
1.89479
1.89977
1.90458
1.91525
1.92022
1.93085
1.93547
1.94091
1.94174
1.94089
1.94582
1.94701
1.94191
1.94574
1.94126
1.94128
1.9414
1.93627
1.93601
1.93121
1.9259
1.92621
1.92568
1.92112
1.91532
1.91113
1.90589
1.90462
1.89583
1.89419
1.88403
1.88489
1.87991
1.87889
1.8733
1.8701
1.8682
1.86976
1.86355
1.86416
1.85864
1.85876
1.85355
1.85352
1.84817
1.84851
1.84878
1.84808
1.84821
1.84893
1.84792
1.84874
1.84777
1.84273
1.84842
1.84851
1.84335
1.84318
1.8433
1.84341
1.83812
1.838
1.83814
1.83839
1.83296
1.83283
1.83299
1.82748
1.828
1.82247
1.82272
1.81729
1.81268
1.81227
1.80231
1.80169
1.79751
1.79123
1.77586
1.77102
1.77129
1.7609
1.75591
1.74533
1.74006
1.73508
1.73457
1.7247
1.72437
1.70916
1.70896
1.70394
1.69882
1.69298
1.68943
1.68266
1.67864
1.67314
1.66777
1.66212
1.6568
1.65335
1.64838
1.64603
1.64137
1.63736
1.63707
1.63162
1.62693
1.62656
1.62147
1.61656
1.61568
1.61581
1.61134
1.61505
1.60979
1.61169
1.60649
1.60515
1.60552
1.60091
1.60035
1.59573
1.59991
1.59459
1.59607
1.58994
1.59054
1.58997
1.59044
1.58591
1.58967
1.58442
1.58559
1.57972
1.58001
1.57979
1.57553
1.57571
1.574
1.57476
1.57432
1.56939
1.56966
1.56956
1.56963
1.56958
1.56427
1.55936
1.55927
1.55915
1.55465
1.55365
1.54946
1.54856
1.54872
1.54951
1.54382
1.54375
1.5386
1.53425
1.53769
1.53299
1.53376
1.53359
1.52844
1.53884
1.54291
1.5486
1.55352
1.57409
1.59487
1.60017
1.61507
1.63593
1.65145
1.67226
1.68735
1.6984
1.72397
1.73897
1.76517
1.77542
1.80136
1.81162
1.83767
1.84768
1.8582
1.87393
1.8841
1.89937
1.90531
1.91501
1.92084
1.92534
1.93639
1.93637
1.93597
1.93627
1.93606
1.9361
1.93663
1.93113
1.92596
1.92574
1.92116
1.92017
1.91579
1.91535
1.9102
1.90558
1.90062
1.89503
1.89512
1.88964
1.88529
1.88014
1.87872
1.86908
1.8591
1.85392
1.84889
1.84797
1.84347
1.83864
1.83361
1.83239
1.82778
1.83262
1.8274
1.82796
1.82782
1.82768
1.82776
1.82773
1.82774
1.82775
1.82772
1.82772
1.82774
1.82772
1.82774
1.82773
1.82773
1.82773
1.82284
1.82804
1.82729
1.82321
1.81771
1.81723
1.81257
1.8119
1.81257
1.80212
1.80185
1.7972
1.7963
1.7864
1.78656
