1.5743
1.57508
1.56942
1.56529
1.56621
1.56306
1.55888
1.55949
1.55954
1.55954
1.55452
1.54907
1.54882
1.5493
1.54877
1.54362
1.53949
1.53977
1.53773
1.53369
1.53324
1.53855
1.53385
1.53304
1.52739
1.52899
1.52956
1.52736
1.52893
1.53273
1.53353
1.53341
1.54458
1.54799
1.55859
1.56459
1.58529
1.58945
1.60041
1.61571
1.6208
1.6476
1.65585
1.6715
1.68311
1.70798
1.71913
1.72379
1.73979
1.74944
1.78046
1.79098
1.80174
1.80693
1.82297
1.82665
1.84367
1.84767
1.85373
1.85824
1.85843
1.86371
1.86941
1.87366
1.86837
1.87433
1.87419
1.87954
1.87428
1.87434
1.87456
1.87394
1.87438
1.86911
1.86916
1.86444
1.8635
1.86897
1.86429
1.86536
1.86282
1.85853
1.85923
1.85938
1.85823
1.85905
1.8535
1.85357
1.85396
1.85332
1.85317
1.8493
1.84772
1.85424
1.85335
1.84858
1.84823
1.84849
1.84849
1.84832
1.84837
1.84846
1.84885
1.84806
1.8486
1.84889
1.84806
1.84838
1.84838
1.84291
1.83903
1.84391
1.84277
1.83903
1.8374
1.83848
1.8378
1.83823
1.83345
1.82921
1.82666
1.82403
1.8242
1.81691
1.81146
1.8063
1.80289
1.79666
1.79173
1.79189
1.78142
1.78614
1.77104
1.76599
1.76581
1.76097
1.7603
1.75007
1.75093
1.74578
1.73938
1.73514
1.72963
1.72972
1.7249
1.71929
1.71479
1.71365
1.71005
1.70306
1.69803
1.69394
1.69503
1.69273
1.68319
1.67868
1.6784
1.67813
1.67308
1.66782
1.66308
1.66212
1.65668
1.6578
1.65739
1.65261
1.64775
1.64641
1.64308
1.64356
1.63607
1.63223
1.63582
1.63254
1.63073
1.6277
1.6223
1.62077
1.62094
1.61663
1.61162
1.60541
1.60601
1.60684
1.60479
1.59981
1.6015
1.60084
1.59575
1.59067
1.58988
1.59027
1.59066
1.58018
1.57966
1.57522
1.57024
1.56866
1.57051
1.564
1.55975
1.55441
1.56035
1.5536
1.55433
1.54907
1.55964
1.5589
1.56423
1.56911
1.58445
1.59048
1.61005
1.62087
1.64148
1.65144
1.67742
1.7029
1.71423
1.72338
1.74426
1.75021
1.77696
1.78477
1.80105
1.81223
1.82161
1.84286
1.84785
1.86292
1.86952
1.88481
1.88916
1.89493
1.89938
1.9054
1.91561
1.91537
1.92065
1.92076
1.92532
1.9311
1.93584
1.93027
1.93157
1.93576
1.93682
1.94008
1.93526
1.93678
1.94172
1.9363
1.93645
1.93583
1.93202
1.93713
1.93537
1.92992
1.93226
1.93178
1.93043
1.92692
1.92635
1.92103
1.92141
1.92009
1.9211
1.91555
1.91064
1.91604
1.91502
1.91473
1.91655
1.91429
1.91969
1.91665
1.91471
1.92084
1.92058
1.91616
1.9165
1.90992
1.90573
1.9043
1.90519
1.90046
1.89932
1.89969
1.89541
1.89033
1.88471
1.88438
1.88
1.87396
1.8639
1.86388
1.85907
1.84833
1.84319
1.84388
1.83833
1.82296
1.81292
1.81173
1.80183
1.7975
1.79121
1.78697
1.77668
1.77127
1.76629
1.76056
1.75525
1.75109
1.74974
1.74575
1.74031
1.74004
1.72968
1.72958
1.71939
1.71928
1.70922
1.7092
1.69945
1.69993
1.69325
1.68856
1.68368
1.67894
1.67735
1.67399
1.66242
1.66282
1.65746
1.65278
1.64807
1.64664
1.64267
1.63675
1.63172
1.62694
1.62666
1.62173
1.61587
1.61622
1.61107
1.61147
1.60557
1.60036
1.59581
1.59538
1.59499
1.58491
1.58515
1.58019
1.57467
1.57443
1.57064
1.57085
1.569
1.55916
1.5593
1.55407
1.55413
1.54865
1.5447
1.54429
1.53849
1.53874
1.53393
1.53303
1.53317
1.52918
1.52429
1.52226
1.52184
1.51925
1.51697
1.51336
1.51286
1.50806
1.50711
1.50146
1.50326
1.50869
1.51167
1.51249
1.5223
1.52377
1.53376
1.54286
1.55342
1.55906
1.59401
1.62063
1.63145
1.65256
1.66561
1.69843
1.72938
1.73913
1.75948
1.77086
1.79167
1.796
1.81195
1.82174
1.82773
1.83696
1.84339
1.84749
1.8579
1.8643
1.87356
1.87959
1.8791
1.88391
1.88953
1.89539
1.89443
1.8946
1.89993
1.89477
1.9047
1.90546
1.90468
1.90522
1.91009
1.91042
1.91038
1.91024
1.91026
1.91078
1.91084
1.90999
1.90532
1.90507
1.90569
1.90578
1.90515
1.89959
1.90027
1.89987
1.89547
1.89102
1.8886
1.88574
1.88607
1.8834
1.87916
1.8794
1.87325
1.8741
1.86935
1.86946
1.86869
1.86811
1.86487
1.87006
1.86345
1.85879
1.85904
1.86362
1.86417
1.85913
1.85891
1.85866
1.85382
1.84849
1.84845
1.84352
1.84294
1.8435
1.83856
1.83269
1.83285
1.82808
1.82791
1.81796
1.81701
1.81278
1.81183
1.80226
1.79672
1.79688
1.79239
1.78601
1.77587
1.77629
1.77079
1.7666
1.76065
1.7562
1.75033
1.74571
1.74029
1.72978
1.72961
1.72476
