1.57999
1.58032
1.57469
1.56991
1.56926
1.56933
1.56979
1.56459
1.56458
1.55943
1.55974
1.55888
1.55389
1.55404
1.54931
1.54855
1.5433
1.54414
1.544
1.54358
1.53904
1.53879
1.53841
1.53353
1.53354
1.53333
1.52776
1.52867
1.53285
1.52809
1.5286
1.52762
1.5288
1.5292
1.5275
1.53852
1.53823
1.55383
1.55881
1.58411
1.59502
1.61623
1.63017
1.65127
1.66213
1.70331
1.71337
1.73434
1.74945
1.77065
1.78532
1.81232
1.82149
1.83791
1.84744
1.85802
1.86365
1.87901
1.87932
1.88421
1.88882
1.89034
1.8957
1.89916
1.90022
1.90006
1.90001
1.90055
1.89959
1.89487
1.89978
1.89485
1.89488
1.89034
1.88482
1.88431
1.88468
1.87943
1.8744
1.86936
1.86395
1.86444
1.86341
1.85339
1.85371
1.84819
1.84899
1.84306
1.83785
1.83814
1.83336
1.83264
1.82721
1.8236
1.82278
1.8223
1.81656
1.81809
1.81734
1.81702
1.81279
1.81343
1.8118
1.80709
1.80714
1.8072
1.80695
1.8019
1.80191
1.80273
1.80139
1.80258
1.80151
1.80178
1.80206
1.80204
1.8018
1.7964
1.79703
1.79654
1.79663
1.79238
1.79242
1.79103
1.78191
1.7808
1.77587
1.77133
1.77096
1.7666
1.76192
1.75997
1.75474
1.7565
1.74974
1.73977
1.74012
1.74006
1.73542
1.73031
1.72951
1.72526
1.72013
1.71862
1.7083
1.70956
1.70491
1.703
1.69961
1.69306
1.69323
1.68855
1.68814
1.68366
1.67867
1.67745
1.67315
1.67298
1.66255
1.66296
1.66248
1.66297
1.65767
1.65272
1.65172
1.65186
1.64756
1.64723
1.64212
1.64199
1.64179
1.64233
1.63662
1.63186
1.63122
1.63128
1.62696
1.62584
1.62031
1.61743
1.61799
1.615
1.61522
1.61181
1.606
1.61032
1.60498
1.60155
1.60127
1.60001
1.5965
1.59459
1.59596
1.595
1.59573
1.5951
1.59528
1.59534
1.59521
1.5956
1.58995
1.58602
1.58411
1.5857
1.57986
1.58
1.58003
1.57985
1.57446
1.57007
1.56961
1.57505
1.57936
1.57955
1.58504
1.59044
1.59454
1.61555
1.6209
1.64204
1.6506
1.67205
1.68265
1.69293
1.71361
1.72865
1.74448
1.75984
1.78632
1.79088
1.80635
1.81692
1.8271
1.83306
1.85885
1.86302
1.8788
1.88432
1.90533
1.90501
1.91014
1.92048
1.92571
1.93687
1.9405
1.9419
1.94603
1.94653
1.952
1.95135
1.95223
1.95157
1.95205
1.95128
1.94587
1.94701
1.9424
1.94051
1.93651
1.9315
1.93545
1.9319
1.93067
1.92532
1.92145
1.92125
1.91538
1.91067
1.90557
1.90489
1.90056
1.89961
1.89502
1.89464
1.89063
1.89071
1.88438
1.88432
1.88478
1.88478
1.87947
1.8793
1.87982
1.87418
1.87417
1.87413
1.87427
1.87426
1.86968
1.87391
1.87448
1.87394
1.8737
1.87464
1.86952
1.87366
1.86857
1.86935
1.86883
1.86896
1.86907
1.86336
1.86425
1.85881
1.85984
1.85772
1.8525
1.84961
1.8443
1.84245
1.83325
1.83271
1.82843
1.82718
1.82174
1.81828
1.81774
1.81277
1.8118
1.80177
1.80202
1.79697
1.79708
1.78686
1.7812
1.77686
1.77745
1.77056
1.76544
1.76162
1.7661
1.75587
1.75541
1.74978
1.74633
1.74101
1.73923
1.73599
1.73398
1.73577
1.72928
1.72513
1.72387
1.71365
1.71461
1.71452
1.70901
1.70896
1.70323
1.6998
1.69737
1.69427
1.68771
1.68813
1.6835
1.68363
1.68289
1.68301
1.67883
1.67739
1.67779
1.6732
1.67294
1.67281
1.6678
1.66758
1.66809
1.66736
1.66201
1.66336
1.66297
1.6574
1.6527
1.65142
1.65296
1.65162
1.65233
1.64756
1.64664
1.64692
1.64222
1.6372
1.63671
1.63698
1.63168
1.62719
1.62576
1.62681
1.62659
1.62098
1.62069
1.62167
1.61595
1.6164
1.61571
1.61585
1.61657
1.62544
1.62706
1.63157
1.63598
1.65184
1.65693
1.66813
1.67667
1.68829
1.70923
1.71817
1.73931
1.74965
1.77092
1.7852
1.80083
1.81244
1.82132
1.84221
1.85369
1.86889
1.87851
1.89449
1.90442
1.90575
1.92444
1.93524
1.93686
1.93562
1.94143
1.94123
1.94139
1.95199
1.95094
1.94647
1.94663
1.9467
1.94639
1.94649
1.94208
1.94065
1.94128
1.94183
1.93609
1.92668
1.92521
1.92066
1.91615
1.91005
1.90454
1.90096
1.90076
1.89458
1.88993
1.88461
1.88451
1.87934
1.87939
1.87366
1.87427
1.86879
1.86925
1.86403
1.86371
1.86424
1.86361
1.86417
1.86358
1.86314
1.86446
1.86342
1.8645
1.86453
1.86339
1.85836
1.85906
1.85837
1.86456
1.85806
1.85823
1.85954
1.85319
1.85304
1.85394
1.84898
1.84786
1.84758
1.84916
1.83254
1.83366
1.82863
1.82703
1.82158
1.81885
1.81226
1.80158
1.79772
1.7911
1.78132
1.77565
1.77142
1.76612
1.76114
