1.62124
1.62117
1.61638
1.61573
1.61604
1.61122
1.60613
1.60549
1.61099
1.60599
1.60544
1.59982
1.60111
1.60145
1.59503
1.5957
1.59525
1.59064
1.59084
1.58977
1.58481
1.58527
1.58491
1.58519
1.58053
1.57939
1.57429
1.57503
1.57481
1.57478
1.5692
1.57022
1.56519
1.56379
1.56362
1.5602
1.55941
1.55926
1.55417
1.55405
1.55984
1.55873
1.56491
1.57334
1.58416
1.59059
1.60567
1.61537
1.6359
1.6467
1.65652
1.66734
1.68322
1.72277
1.74888
1.76059
1.76995
1.79648
1.80629
1.82664
1.83294
1.85356
1.86306
1.88399
1.8899
1.90448
1.91484
1.91563
1.9154
1.92662
1.92517
1.92597
1.93096
1.93635
1.93601
1.93144
1.93131
1.93073
1.93083
1.93112
1.92623
1.92592
1.92559
1.92601
1.92535
1.92011
1.91621
1.91667
1.91463
1.9093
1.91112
1.90531
1.91099
1.90504
1.90519
1.90033
1.89501
1.89473
1.88954
1.88527
1.88575
1.88408
1.87894
1.8801
1.87391
1.8749
1.87361
1.86934
1.86882
1.87432
1.87454
1.87388
1.87367
1.86971
1.86876
1.86911
1.86949
1.86948
1.86863
1.86384
1.86888
1.86862
1.86453
1.85844
1.8584
1.859
1.85406
1.85321
1.84863
1.8481
1.84747
1.84435
1.83745
1.8329
1.82794
1.82276
1.82257
1.81274
1.80742
1.80281
1.79639
1.79169
1.78658
1.78153
1.78127
1.77636
1.76604
1.76561
1.76083
1.76053
1.74528
1.74512
1.73997
1.73983
1.72977
1.72966
1.72516
1.71914
1.71423
1.70923
1.70313
1.70438
1.69855
1.69427
1.69325
1.69373
1.69413
1.68853
1.6837
1.68348
1.68301
1.6784
1.6734
1.67241
1.67311
1.67253
1.66704
1.66834
1.66217
1.66218
1.65793
1.6576
1.65724
1.65719
1.65796
1.65199
1.6525
1.64709
1.64739
1.64715
1.64209
1.64211
1.64161
1.63725
1.63662
1.63207
1.63223
1.631
1.62665
1.62683
1.62123
1.62133
1.62107
1.6154
1.61652
1.61619
1.6159
1.61048
1.61128
1.60542
1.60587
1.60004
1.60062
1.60133
1.6
1.59051
1.58996
1.59008
1.59074
1.58489
1.58551
1.59009
1.59036
1.59478
1.60032
1.60564
1.61635
1.62513
1.63554
1.64683
1.6669
1.68248
1.68848
1.7226
1.76002
1.79099
1.80136
1.82215
1.84346
1.85894
1.8886
1.89532
1.9053
1.90955
1.92512
1.93087
1.94163
1.94105
1.94637
1.95666
1.95691
1.95685
1.95678
1.95687
1.95672
1.95152
1.95178
1.95171
1.95162
1.94616
1.94194
1.94081
1.94124
1.93662
1.92643
1.92533
1.92549
1.9213
1.92011
1.91634
1.90997
1.90574
1.90538
1.9055
1.89435
1.89521
1.89046
1.88909
1.88509
1.88451
1.88456
1.87968
1.88004
1.87885
1.87928
1.87948
1.87965
1.87421
1.87423
1.87432
1.87365
1.87372
1.87462
1.8798
1.87907
1.87906
1.87958
1.88032
1.87864
1.87892
1.8797
1.8792
1.87349
1.8703
1.86812
1.86481
1.85934
1.85837
1.85864
1.85425
1.84867
1.84339
1.84301
1.84265
1.83397
1.8286
1.8276
1.82298
1.82229
1.81198
1.80765
1.79807
1.79574
1.78731
1.78134
1.78116
1.77646
1.7661
1.766
1.76054
1.75585
1.75514
1.75088
1.74497
1.74564
1.74002
1.73988
1.73502
1.73013
1.72985
1.72471
1.71973
1.7146
1.71378
1.70867
1.70926
1.699
1.69842
1.69401
1.69443
1.69271
1.68756
1.68443
1.68267
1.68346
1.67309
1.67267
1.66827
1.6672
1.65789
1.65687
1.64704
1.64709
1.64229
1.64146
1.63642
1.63738
1.6313
1.6266
1.62618
1.62093
1.62142
1.61594
1.61614
1.61607
1.61116
1.60539
1.60596
1.6004
1.59623
1.59584
1.59507
1.5957
1.59025
1.59019
1.58555
1.58471
1.57973
1.57999
1.5803
1.57544
1.57417
1.56994
1.57417
1.569
1.5749
1.57454
1.58019
1.59032
1.59464
1.60565
1.62031
1.62601
1.65605
1.67214
1.68711
1.70748
1.71947
1.7284
1.75463
1.76542
1.78609
1.80079
1.82159
1.83265
1.84237
1.85773
1.86875
1.88428
1.89409
1.90996
1.92034
1.92053
1.92565
1.93036
1.93582
1.93644
1.94073
1.94574
1.94706
1.94682
1.95112
1.94596
1.94642
1.94608
1.94684
1.94617
1.94598
1.94154
1.94178
1.94139
1.93104
1.93139
1.93071
1.92542
1.92611
1.91615
1.911
1.90992
1.9058
1.9003
1.89984
1.89475
1.89487
1.88955
1.89025
1.88481
1.87947
1.87941
1.87898
1.87866
1.87506
1.87352
1.87387
1.87479
1.8695
1.86875
1.86896
1.86905
1.86898
1.86899
1.86865
1.86892
1.87439
1.86888
1.86428
1.86453
1.85886
1.85914
1.8588
1.85339
1.8492
1.84775
1.84322
1.84314
1.83742
1.83331
1.8275
1.82301
1.81828
1.81676
1.80791
1.80188
1.79701
1.79173
1.78154
1.77661
1.77168
1.76592
1.7608
