1.61084
1.60636
1.60563
1.60088
1.60024
1.6003
1.59598
1.59486
1.5897
1.5906
1.58509
1.58501
1.58053
1.57947
1.58019
1.57461
1.57029
1.56902
1.57008
1.56455
1.56428
1.55967
1.55405
1.54925
1.544
1.5439
1.54364
1.53897
1.53877
1.53847
1.53853
1.53872
1.53843
1.5433
1.53883
1.54901
1.55368
1.56953
1.59447
1.60549
1.62608
1.63587
1.67258
1.68191
1.70821
1.72372
1.75008
1.76424
1.80133
1.83232
1.8475
1.87249
1.88031
1.90415
1.91966
1.92586
1.93031
1.94653
1.95671
1.9614
1.96234
1.96738
1.97149
1.97253
1.97242
1.97224
1.97226
1.97721
1.97186
1.9723
1.96758
1.96669
1.96229
1.96176
1.96248
1.96256
1.95674
1.95245
1.95096
1.94659
1.94639
1.94098
1.93712
1.93063
1.93121
1.92537
1.92619
1.92053
1.92125
1.91561
1.91059
1.91051
1.91027
1.91034
1.91039
1.91042
1.91026
1.91027
1.9104
1.91038
1.9103
1.91037
1.91032
1.91036
1.91033
1.9107
1.90468
1.90595
1.9008
1.89934
1.8992
1.90067
1.90013
1.89502
1.8903
1.88918
1.88522
1.88405
1.87952
1.8792
1.87354
1.87023
1.86817
1.86344
1.85925
1.85436
1.85298
1.84299
1.84382
1.82807
1.8177
1.81766
1.80164
1.80222
1.79172
1.7805
1.77705
1.77099
1.76608
1.75539
1.75556
1.75085
1.74571
1.7402
1.73525
1.73441
1.72886
1.7254
1.71926
1.71347
1.70978
1.70309
1.69983
1.69424
1.69297
1.68331
1.68303
1.67763
1.67349
1.66885
1.66677
1.66389
1.65792
1.65696
1.65201
1.65226
1.64638
1.64305
1.63726
1.63621
1.62604
1.62705
1.62203
1.6206
1.61623
1.61595
1.61031
1.60642
1.60527
1.60076
1.59588
1.59556
1.59532
1.58998
1.59082
1.5851
1.58062
1.57935
1.58032
1.58002
1.57494
1.57498
1.57454
1.57461
1.57449
1.56985
1.56928
1.56987
1.56501
1.5688
1.5652
1.55918
1.55929
1.55925
1.55434
1.55345
1.5546
1.55401
1.54848
1.54933
1.54929
1.54903
1.54351
1.54921
1.55367
1.55891
1.56389
1.56966
1.595
1.62069
1.6355
1.66669
1.693
1.70772
1.74944
1.76022
1.79074
1.80148
1.82707
1.83749
1.86842
1.87878
1.88907
1.91422
1.92581
1.94145
1.95045
1.97816
1.98132
1.99771
2.00285
2.0136
2.01876
2.02922
2.0338
2.03965
2.03925
2.04508
2.04864
2.05057
2.05507
2.05473
2.05475
2.05469
2.05451
2.04992
2.0496
2.04985
2.04971
2.05022
2.04931
2.0441
2.04494
2.03997
2.03894
2.03456
2.03406
2.0293
2.02968
2.02377
2.02444
2.02355
2.02385
2.02396
2.01842
2.01909
2.01333
2.01417
2.01388
2.01385
2.01334
2.00843
2.01291
2.00777
2.00895
2.00824
2.00857
2.00892
2.00803
2.00284
2.00361
2.00313
1.9982
1.99337
1.98819
1.98361
1.98189
1.97694
1.97331
1.96208
1.95678
1.95202
1.94688
1.94172
1.93132
1.92624
1.92116
1.91586
1.91077
1.9056
1.90039
1.90018
1.88992
1.8899
1.87384
1.87453
1.86414
1.85923
1.85419
1.84856
1.83828
1.83793
1.83331
1.82305
1.82219
1.81209
1.81235
1.80125
1.79794
1.7914
1.78667
1.78136
1.77559
1.77169
1.76615
1.7606
1.7558
1.74547
1.74057
1.73496
1.7292
1.72501
1.71489
1.71927
1.70875
1.70909
1.70841
1.69969
1.69345
1.6935
1.6886
1.68398
1.68259
1.6774
1.67401
1.66927
1.66649
1.66854
1.65797
1.65254
1.65229
1.64764
1.64169
1.64203
1.6417
1.63624
1.63181
1.62683
1.62599
1.62187
1.61595
1.61609
1.61059
1.60666
1.60623
1.60055
1.5949
1.59586
1.58536
1.58493
1.58029
1.57467
1.57479
1.57024
1.5704
1.56411
1.55897
1.55509
1.54945
1.54855
1.54308
1.539
1.53813
1.5389
1.53869
1.54345
1.54374
1.55339
1.56331
1.56934
1.59487
1.62088
1.63567
1.6569
1.66693
1.69289
1.70816
1.71889
1.74488
1.7542
1.79578
1.82297
1.83144
1.85272
1.86353
1.87861
1.88913
1.90079
1.90833
1.91982
1.92612
1.93564
1.94201
1.94599
1.94687
1.94685
1.95101
1.94579
1.94663
1.94653
1.94642
1.94691
1.94581
1.94187
1.93193
1.93029
1.92496
1.92644
1.92089
1.91549
1.90472
1.90567
1.90084
1.89926
1.89377
1.89569
1.88989
1.88919
1.88522
1.88495
1.88384
1.87869
1.87989
1.87485
1.87858
1.87508
1.87409
1.86905
1.86905
1.86901
1.86899
1.86908
1.86463
1.86849
1.86423
1.85856
1.85884
1.85398
1.85318
1.84845
1.8483
1.84327
1.84362
1.83322
1.83264
1.82212
1.82296
1.81302
1.80753
1.80181
1.7915
1.78642
1.7764
1.77101
1.76037
1.76086
1.75088
1.74536
1.74042
1.73434
1.73515
1.72504
1.71922
1.71407
1.70971
1.70415
1.69877
1.69369
1.68882
1.68309
