1.54428
1.54337
1.53787
1.53911
1.53427
1.53279
1.53308
1.52888
1.52782
1.52359
1.5227
1.51804
1.51783
1.51252
1.51295
1.51269
1.50734
1.50782
1.50276
1.49717
1.49294
1.49256
1.48701
1.48704
1.48208
1.4816
1.47749
1.47603
1.47227
1.47242
1.46585
1.46079
1.46144
1.45077
1.45536
1.45165
1.45129
1.45049
1.45066
1.45094
1.45637
1.46046
1.48138
1.48649
1.50154
1.51249
1.5433
1.55826
1.57861
1.59506
1.62074
1.63125
1.65677
1.67193
1.68769
1.7132
1.72416
1.74975
1.76004
1.7808
1.79083
1.82232
1.83237
1.84839
1.85774
1.87385
1.88941
1.89471
1.89435
1.90012
1.90582
1.90954
1.91094
1.91065
1.91456
1.90994
1.91515
1.91499
1.91113
1.91456
1.90939
1.91112
1.91084
1.90997
1.90545
1.90056
1.90084
1.89974
1.89501
1.88997
1.88993
1.88948
1.88409
1.88493
1.88427
1.88496
1.87929
1.87967
1.87906
1.87947
1.88382
1.8842
1.88962
1.8897
1.88964
1.88974
1.88973
1.89417
1.89439
1.89515
1.89495
1.89446
1.89472
1.89491
1.89484
1.89489
1.89445
1.88948
1.88979
1.8848
1.88477
1.88474
1.88476
1.87952
1.8747
1.87378
1.86912
1.8694
1.86427
1.8541
1.85315
1.84816
1.84249
1.8389
1.83747
1.83293
1.83286
1.82735
1.82327
1.81642
1.81336
1.8081
1.80171
1.80171
1.79721
1.79152
1.7869
1.7763
1.77602
1.77084
1.77139
1.7602
1.75058
1.74528
1.74014
1.73563
1.73417
1.73525
1.72934
1.72984
1.72466
1.71953
1.71425
1.71396
1.70954
1.70461
1.69866
1.69362
1.69388
1.68753
1.67874
1.68233
1.67162
1.67378
1.66356
1.65192
1.6471
1.64287
1.6415
1.63185
1.63121
1.62576
1.6221
1.61561
1.6109
1.60638
1.60122
1.60003
1.59456
1.59118
1.58996
1.58024
1.57961
1.56903
1.56556
1.55982
1.55403
1.53879
1.53365
1.52883
1.52238
1.51335
1.51246
1.51315
1.50793
1.51347
1.51706
1.52216
1.5287
1.53835
1.54324
1.55867
1.5743
1.60489
1.61525
1.6409
1.65143
1.70812
1.73363
1.74989
1.77047
1.78504
1.8106
1.82277
1.83175
1.85264
1.86353
1.87869
1.88913
1.90514
1.91008
1.93069
1.93569
1.94134
1.9512
1.95192
1.9619
1.96208
1.97204
1.97245
1.9771
1.97741
1.98231
1.98229
1.9829
1.9824
1.98303
1.98712
1.98776
1.98778
1.98818
1.9879
1.98727
1.98193
1.98327
1.97681
1.97803
1.97701
1.97189
1.97297
1.96693
1.96732
1.96217
1.95736
1.95628
1.95058
1.94808
1.94297
1.94009
1.94264
1.93552
1.93168
1.93061
1.92616
1.92544
1.92177
1.91649
1.91479
1.9151
1.91623
1.91047
1.91037
1.90511
1.90037
1.89527
1.89458
1.89023
1.88928
1.88491
1.87449
1.87399
1.86355
1.86451
1.85851
1.84367
1.84288
1.83299
1.81756
1.81244
1.79756
1.79175
1.78738
1.78077
1.76574
1.76098
1.74593
1.74491
1.72944
1.72528
1.71471
1.70896
1.699
1.69351
1.68906
1.67862
1.67308
1.66275
1.65192
1.64755
1.6418
1.63159
1.627
1.61085
1.60553
1.60102
1.59536
1.59029
1.58539
1.57515
1.56954
1.565
1.55915
1.5597
1.55503
1.55336
1.54843
1.54441
1.53882
1.53839
1.53398
1.53306
1.52921
1.52758
1.52225
1.51925
1.51377
1.51204
1.51334
1.50222
1.49666
1.49328
1.49289
1.48707
1.48693
1.4822
1.48142
1.47575
1.47248
1.47247
1.47074
1.46728
1.46067
1.46007
1.45715
1.4519
1.44994
1.44582
1.4456
1.44612
1.44566
1.44015
1.43558
1.43035
1.43026
1.42532
1.42084
1.41908
1.42043
1.41536
1.41415
1.40886
1.40561
1.40507
1.39937
1.39936
1.39903
1.39934
1.4042
1.40404
1.40892
1.4145
1.43944
1.44571
1.46573
1.47605
1.50675
1.5327
1.54327
1.55346
1.57917
1.59005
1.61583
1.62547
1.65161
1.66151
1.67297
1.69337
1.70285
1.72359
1.7296
1.74562
1.75444
1.76591
1.77606
1.78057
1.78533
1.79171
1.80117
1.80245
1.80738
1.80676
1.81162
1.81279
1.81138
1.80812
1.80773
1.80701
1.80254
1.80145
1.80226
1.79693
1.7966
1.79135
1.79172
1.7812
1.78634
1.77619
1.77606
1.77168
1.77032
1.76697
1.76165
1.75978
1.74992
1.75056
1.74031
1.74002
1.7346
1.72988
1.72937
1.72543
1.72031
1.71851
1.71905
1.7089
1.7036
1.704
1.69871
1.69865
1.69904
1.69319
1.69863
1.69327
1.69365
1.68927
1.68772
1.68317
1.68327
1.68378
1.68269
1.67749
1.67803
1.67759
1.67353
1.66771
1.66814
1.66259
1.65799
1.65809
1.65197
1.6523
1.64179
1.64207
1.63159
1.63154
1.62586
1.62196
1.61597
1.61085
1.60585
1.60083
1.59509
1.59078
1.58612
1.58428
1.57915
1.5757
1.5642
1.55996
1.55413
