1.6108
1.60534
1.60604
1.60544
1.60166
1.6013
1.59506
1.59567
1.59559
1.59531
1.58985
1.58988
1.59097
1.5901
1.58991
1.59008
1.59476
1.5953
1.60035
1.61069
1.61551
1.62579
1.62643
1.6356
1.64206
1.65259
1.6616
1.67249
1.67754
1.68807
1.69781
1.70378
1.71354
1.72392
1.73883
1.7457
1.76018
1.76534
1.77542
1.78627
1.79138
1.80221
1.80617
1.81696
1.81761
1.82182
1.82799
1.83192
1.83247
1.83326
1.83785
1.83297
1.8381
1.83843
1.83856
1.83769
1.83787
1.83783
1.83289
1.83285
1.83297
1.82837
1.82724
1.8281
1.82747
1.82309
1.82214
1.81845
1.8166
1.81733
1.81785
1.81231
1.80711
1.80704
1.80711
1.80704
1.80224
1.80168
1.80188
1.80187
1.8018
1.80202
1.80183
1.80148
1.80193
1.79713
1.80137
1.79696
1.79695
1.79666
1.80206
1.80195
1.80193
1.79695
1.7966
1.79666
1.79647
1.7967
1.7923
1.7919
1.7914
1.79119
1.78659
1.79119
1.79169
1.79145
1.78593
1.78688
1.78677
1.78571
1.78703
1.7816
1.78583
1.78132
1.7812
1.78646
1.77622
1.77653
1.77583
1.77101
1.76643
1.76529
1.76071
1.76049
1.76121
1.75525
1.75561
1.75074
1.75037
1.74474
1.74055
1.73949
1.74032
1.73489
1.73466
1.7292
1.72511
1.72029
1.71863
1.71976
1.71397
1.70956
1.69849
1.69894
1.69836
1.6945
1.68776
1.68788
1.68389
1.6789
1.67722
1.67178
1.66919
1.66656
1.66848
1.66229
1.66263
1.66296
1.6573
1.65826
1.65625
1.65819
1.65149
1.65266
1.65191
1.65214
1.65217
1.65211
1.65226
1.65211
1.65226
1.65177
1.65212
1.65242
1.6516
1.6478
1.64267
1.64129
1.6363
1.63697
1.63689
1.63163
1.62666
1.62624
1.6264
1.62121
1.62124
1.61645
1.62061
1.61648
1.61064
1.61554
1.61617
1.61108
1.61574
1.61501
1.61696
1.61521
1.61592
1.62099
1.62631
1.62567
1.62215
1.62213
1.62493
1.62568
1.62656
1.62208
1.62499
1.62298
1.62706
1.62102
1.62093
1.62135
1.62121
1.62124
1.6256
1.62701
1.62586
1.63122
1.64158
1.64691
1.65726
1.6618
1.67242
1.68282
1.69268
1.70876
1.71884
1.72937
1.74493
1.75462
1.77014
1.77589
1.79088
1.80172
1.81144
1.81722
1.82208
1.83255
1.83798
1.84244
1.84824
1.85379
1.85293
1.85329
1.85844
1.85892
1.86364
1.85921
1.86392
1.86384
1.85903
1.85846
1.8589
1.85821
1.85305
1.8539
1.84428
1.84242
1.84425
1.83761
1.83878
1.82773
1.82783
1.82269
1.81797
1.81708
1.81206
1.81225
1.80213
1.80188
1.79727
1.79666
1.79208
1.79112
1.78721
1.78577
1.78153
1.7811
1.78123
1.78169
1.77605
1.77627
1.77136
1.76614
1.76564
1.7607
1.76042
1.76089
1.76029
1.76136
1.76036
1.75492
1.75591
1.75578
1.75482
1.75031
1.75057
1.75018
1.75044
1.75006
1.75046
1.75014
1.74445
1.75045
1.74485
1.74535
1.74521
1.74508
1.74477
1.74541
1.74003
1.74043
1.73955
1.74038
1.73492
1.73464
1.72895
1.7302
1.72521
1.72383
1.71823
1.72018
1.71504
1.71345
1.71021
1.70947
1.70857
1.70363
1.70396
1.69877
1.69857
1.69426
1.69396
1.68867
1.68849
1.68376
1.68349
1.68301
1.67796
1.67809
1.67788
1.67813
1.67294
1.66831
1.66719
1.66808
1.66734
1.66203
1.66289
1.65747
1.65779
1.65754
1.65226
1.65222
1.65209
1.65232
1.6519
1.64785
1.64733
1.64206
1.64119
1.64203
1.63709
1.63637
1.63651
1.63724
1.63151
1.63154
1.62628
1.62649
1.62699
1.62579
1.6269
1.62622
1.62088
1.62146
1.61583
1.6212
1.61592
1.61657
1.61559
1.6158
1.6166
1.61625
1.61596
1.61068
1.61101
1.61081
1.61015
1.60697
1.60648
1.60519
1.60092
1.60031
1.59583
1.59473
1.59586
1.59114
1.58957
1.59072
1.59056
1.59064
1.58981
1.58934
1.58577
1.59591
1.59494
1.60055
1.61072
1.61587
1.62622
1.63088
1.64655
1.65676
1.66216
1.67714
1.68846
1.71344
1.72951
1.73931
1.74498
1.76015
1.76537
1.78132
1.78573
1.79625
1.80156
1.80712
1.81256
1.81644
1.82248
1.82711
1.83181
1.83374
1.83224
1.83252
1.83839
1.8379
1.83815
1.83233
1.83335
1.82837
1.82722
1.82818
1.82848
1.8223
1.82287
1.82229
1.81733
1.81747
1.81287
1.81179
1.80756
1.80672
1.80194
1.80185
1.80199
1.7972
1.79634
1.79162
1.79646
1.79113
1.78716
1.78579
1.78696
1.78598
1.78721
1.78602
1.78193
1.78172
1.78089
1.78146
1.78107
1.78086
1.78155
1.78106
1.78141
1.78117
1.78132
1.78128
1.78124
1.78117
1.78625
1.78131
1.78619
1.78167
1.78099
1.78143
1.78117
1.78125
1.78125
1.7758
1.77634
1.77591
1.77104
1.7757
1.77036
1.76662
