1.61101
1.61081
1.61015
1.60697
1.60648
1.60519
1.60092
1.60031
1.59583
1.59473
1.59586
1.59114
1.58957
1.59072
1.59056
1.59064
1.58981
1.58934
1.58577
1.59591
1.59494
1.60055
1.61072
1.61587
1.62622
1.63088
1.64655
1.65676
1.66216
1.67714
1.68846
1.71344
1.72951
1.73931
1.74498
1.76015
1.76537
1.78132
1.78573
1.79625
1.80156
1.80712
1.81256
1.81644
1.82248
1.82711
1.83181
1.83374
1.83224
1.83252
1.83839
1.8379
1.83815
1.83233
1.83335
1.82837
1.82722
1.82818
1.82848
1.8223
1.82287
1.82229
1.81733
1.81747
1.81287
1.81179
1.80756
1.80672
1.80194
1.80185
1.80199
1.7972
1.79634
1.79162
1.79646
1.79113
1.78716
1.78579
1.78696
1.78598
1.78721
1.78602
1.78193
1.78172
1.78089
1.78146
1.78107
1.78086
1.78155
1.78106
1.78141
1.78117
1.78132
1.78128
1.78124
1.78117
1.78625
1.78131
1.78619
1.78167
1.78099
1.78143
1.78117
1.78125
1.78125
1.7758
1.77634
1.77591
1.77104
1.7757
1.77036
1.76662
1.7616
1.75975
1.76134
1.75543
1.75052
1.75025
1.74559
1.74465
1.74078
1.73921
1.74063
1.73451
1.73507
1.73942
1.72877
1.7303
1.72452
1.72493
1.71917
1.71945
1.71436
1.71392
1.70909
1.70888
1.69978
1.69783
1.69819
1.6945
1.69445
1.69354
1.68366
1.68281
1.68344
1.67795
1.67807
1.67325
1.67252
1.67273
1.66805
1.66789
1.66229
1.66266
1.66257
1.65802
1.65752
1.65722
1.65728
1.65742
1.65724
1.65704
1.65231
1.65209
1.65228
1.6522
1.65254
1.65169
1.65193
1.65236
1.64719
1.64688
1.64715
1.64167
1.642
1.63731
1.6371
1.63638
1.63214
1.62709
1.63031
1.62542
1.62707
1.62587
1.62657
1.62129
1.6212
1.62088
1.61597
1.61612
1.61598
1.61112
1.61106
1.61082
1.6113
1.61056
1.60587
1.60566
1.60086
1.60524
1.6061
1.60058
1.60055
1.60055
1.60054
1.60057
1.60022
1.60087
1.60023
1.59559
1.59482
1.59591
1.59507
1.59481
1.59588
1.595
1.60051
1.60057
1.6111
1.61077
1.61629
1.62554
1.63565
1.64201
1.65098
1.66649
1.67786
1.69291
1.70324
1.71853
1.72922
1.73924
1.75457
1.76541
1.78058
1.78621
1.79597
1.80661
1.81707
1.82253
1.83231
1.83742
1.84338
1.84803
1.8533
1.85369
1.85851
1.85891
1.85887
1.86349
1.86437
1.86347
1.86395
1.86335
1.85799
1.85932
1.85913
1.85844
1.85884
1.85295
1.85405
1.85355
1.84872
1.84808
1.84864
1.84336
1.84306
1.84336
1.83881
1.84236
1.83739
1.83409
1.83358
1.83246
1.82832
1.82804
1.82271
1.82276
1.82236
1.82281
1.8179
1.81707
1.81727
1.81747
1.81283
1.81183
1.80666
1.8078
1.80792
1.80684
1.8022
1.80162
1.80166
1.80214
1.8018
1.79627
1.79711
1.79736
1.79626
1.79157
1.79609
1.79729
1.79151
1.79162
1.7916
1.78596
1.78672
1.78645
1.7869
1.78609
1.78179
1.77649
1.77579
1.77634
1.77079
1.76622
1.76641
1.76047
1.75617
1.75484
1.74979
1.75072
1.74485
1.74051
1.73953
1.73526
1.73446
1.72984
1.7294
1.72366
1.71991
1.7188
1.71415
1.71414
1.70847
1.70934
1.7034
1.7046
1.69835
1.69814
1.69418
1.68902
1.68783
1.68868
1.68364
1.68275
1.68352
1.67816
1.67788
1.67709
1.67385
1.67337
1.67247
1.67351
1.66758
1.66772
1.66273
1.66236
1.66261
1.66245
1.65773
1.65704
1.65762
1.65716
1.65747
1.65222
1.65703
1.65274
1.65252
1.65159
1.64693
1.647
1.64122
1.64237
1.64259
1.63682
1.63661
1.63665
1.63673
1.63208
1.63113
1.62644
1.62636
1.6263
1.62656
1.62612
1.62664
1.62628
1.62152
1.62133
1.62078
1.62147
1.62148
1.6161
1.61606
1.61598
1.61558
1.61076
1.611
1.61077
1.61044
1.60638
1.60606
1.60103
1.60133
1.59998
1.59498
1.59535
1.59092
1.5946
1.58957
1.59069
1.59052
1.58993
1.58998
1.59002
1.59044
1.59449
1.59968
1.60121
1.60487
1.62184
1.63148
1.63601
1.64167
1.65701
1.66208
1.68827
1.70373
1.71361
1.72983
1.73343
1.74521
1.76075
1.76494
1.78056
1.78625
1.80221
1.81099
1.82257
1.8282
1.83187
1.83857
1.83774
1.84392
1.84249
1.84867
1.84322
1.84308
1.84374
1.84884
1.83832
1.83788
1.83756
1.83367
1.83221
1.83241
1.82805
1.82795
1.82754
1.82802
1.82303
1.82222
1.82237
1.82235
1.81698
1.81775
1.81317
1.81156
1.81309
1.8072
1.80726
1.80772
1.80165
1.80215
1.80209
1.80177
1.79704
1.79735
1.79668
1.79587
1.79259
1.79119
1.79187
1.79214
1.79114
1.78642
1.79138
1.78634
1.78655
1.78658
1.78593
1.78635
1.78068
1.78209
1.78181
1.78082
1.77565
1.77605
1.77064
