1.65276
1.64684
1.65236
1.64718
1.64712
1.64695
1.64186
1.64188
1.6419
1.63702
1.63689
1.63239
1.63083
1.63102
1.63196
1.63181
1.63096
1.63158
1.63198
1.62632
1.62656
1.62632
1.62638
1.62627
1.62648
1.62648
1.62627
1.62608
1.62131
1.62158
1.62095
1.62119
1.61587
1.61658
1.61096
1.61084
1.60568
1.61063
1.60505
1.60535
1.60109
1.60046
1.60071
1.60076
1.60034
1.60072
1.60041
1.60096
1.60514
1.61044
1.62579
1.64133
1.64683
1.67171
1.69251
1.69869
1.7079
1.72869
1.73965
1.76976
1.79709
1.80579
1.82137
1.82795
1.8434
0
1.84764
1.86304
1.87424
1.88406
1.89987
1.90004
1.90444
1.90472
1.90998
1.91009
1.91055
1.91518
1.91542
1.91548
1.91038
1.91056
1.91009
1.90528
1.90513
1.90519
1.90069
1.89524
1.89458
1.88486
1.87914
1.86932
1.86435
1.85885
1.85408
1.84894
1.84837
1.8338
1.82245
1.82262
1.81809
1.81735
1.81201
1.81241
1.80707
1.80713
1.80221
1.80653
1.80247
1.80714
1.80214
1.80201
1.80679
1.80166
1.80244
1.80642
1.80752
1.80767
1.80662
1.80618
1.80747
1.80198
1.80183
1.80201
1.802
1.80184
1.80229
1.80159
1.79652
1.79689
1.79674
1.79702
1.79171
1.79146
1.79147
1.7869
1.78681
1.78574
1.78111
1.77576
1.77111
1.77079
1.76125
1.75553
1.74962
1.75079
1.7449
1.74527
1.74012
1.73982
1.73457
1.72909
1.72567
1.7257
1.71866
1.71329
1.71029
1.70806
1.70289
1.70487
1.69314
1.68821
1.68834
1.68392
1.68362
1.67835
1.67817
1.67265
1.67286
1.66754
1.66776
1.66245
1.66264
1.65718
1.65748
1.65262
1.6518
1.6519
1.65242
1.64667
1.64726
1.6413
1.64224
1.64201
1.63696
1.6369
1.63653
1.63679
1.63174
1.63748
1.6312
1.63219
1.63107
1.63157
1.63156
1.63144
1.63161
1.63183
1.6265
1.62621
1.62621
1.62618
1.62092
1.62183
1.61625
1.61121
1.61596
1.6106
1.6111
1.60619
1.6098
1.60639
1.61019
1.61018
1.61097
1.61053
1.61116
1.61071
1.61144
1.61128
1.61055
1.61102
1.61562
1.62131
1.62558
1.63608
1.64199
1.65783
1.66143
1.69328
1.70299
1.71843
1.7341
1.74983
1.76488
1.80202
1.82247
1.83227
1.84222
1.85334
1.86855
1.86932
1.87858
1.88921
1.89445
1.9104
1.92016
1.92654
1.93053
1.93562
1.93691
1.93655
1.93588
1.93623
1.93612
1.93615
1.93622
1.93107
1.9256
1.92612
1.92067
1.91606
1.91512
1.90993
1.90619
1.89965
1.89081
1.87447
1.874
1.8639
1.86387
1.85394
1.84837
1.83855
1.83809
1.82741
1.82798
1.8175
1.8173
1.81163
1.8078
1.80735
1.80658
1.80143
1.8027
1.79673
1.7968
1.79164
1.79149
1.79139
1.79179
1.79143
1.79172
1.79151
1.79154
1.79162
1.78676
1.79105
1.78667
1.78655
1.78186
1.78078
1.78096
1.78149
1.77695
1.77543
1.7757
1.7764
1.77113
1.76551
1.76077
1.76066
1.75579
1.74973
1.75074
1.74507
1.7404
1.73448
1.73032
1.72543
1.72361
1.71833
1.71534
1.70928
1.70384
1.69923
1.69821
1.69359
1.69384
1.68826
1.68841
1.68868
1.68284
1.67861
1.67887
1.6728
1.66781
1.66769
1.66175
1.66315
1.65746
1.65211
1.64725
1.64236
1.64213
1.64212
1.63668
1.63223
1.63151
1.62632
1.62645
1.62646
1.62628
1.62661
1.62622
1.62092
1.6214
1.62107
1.62108
1.62132
1.62129
1.62113
1.62108
1.62108
1.62132
1.6213
1.62118
1.61618
1.61596
1.61122
1.61055
1.61112
1.61045
1.60533
1.60606
1.60597
1.60551
1.60601
1.60021
1.60526
1.60113
1.60055
1.60049
1.60106
1.60013
1.60033
1.60071
1.60506
1.61017
1.61544
1.62133
1.63136
1.63607
1.65139
1.65719
1.66683
1.68279
1.69231
1.71314
1.7198
1.7487
1.75595
1.7755
1.79656
1.81684
1.8325
1.83811
1.84834
1.84802
1.85392
1.85768
1.86496
1.86792
1.87436
1.87417
1.8743
1.87372
1.87904
1.8747
1.87907
1.87466
1.87452
1.87437
1.86885
1.8692
1.86349
1.86413
1.8588
1.85396
1.85344
1.84879
1.84317
1.83883
1.8337
1.83266
1.82331
1.81746
1.81249
1.81253
1.80231
1.79123
1.78587
1.7821
1.77742
1.77507
1.77625
1.77633
1.77521
1.77647
1.77615
1.77572
1.78085
1.78107
1.78583
1.78676
1.78616
1.79078
1.79219
1.79187
1.79149
1.79082
1.78695
1.78665
1.7862
1.78109
1.78143
1.77571
1.77117
1.766
1.76598
1.76079
1.75597
1.75502
1.75037
1.75059
1.74587
1.74005
1.73994
1.73486
1.72995
1.72942
1.72405
1.72482
1.71988
1.71886
1.71482
1.71366
1.70883
1.70909
1.70364
1.70378
1.70395
1.69862
1.69861
1.69312
1.6938
1.68882
1.68336
1.67776
1.67868
