1.64213
1.64212
1.63668
1.63223
1.63151
1.62632
1.62645
1.62646
1.62628
1.62661
1.62622
1.62092
1.6214
1.62107
1.62108
1.62132
1.62129
1.62113
1.62108
1.62108
1.62132
1.6213
1.62118
1.61618
1.61596
1.61122
1.61055
1.61112
1.61045
1.60533
1.60606
1.60597
1.60551
1.60601
1.60021
1.60526
1.60113
1.60055
1.60049
1.60106
1.60013
1.60033
1.60071
1.60506
1.61017
1.61544
1.62133
1.63136
1.63607
1.65139
1.65719
1.66683
1.68279
1.69231
1.71314
1.7198
1.7487
1.75595
1.7755
1.79656
1.81684
1.8325
1.83811
1.84834
1.84802
1.85392
1.85768
1.86496
1.86792
1.87436
1.87417
1.8743
1.87372
1.87904
1.8747
1.87907
1.87466
1.87452
1.87437
1.86885
1.8692
1.86349
1.86413
1.8588
1.85396
1.85344
1.84879
1.84317
1.83883
1.8337
1.83266
1.82331
1.81746
1.81249
1.81253
1.80231
1.79123
1.78587
1.7821
1.77742
1.77507
1.77625
1.77633
1.77521
1.77647
1.77615
1.77572
1.78085
1.78107
1.78583
1.78676
1.78616
1.79078
1.79219
1.79187
1.79149
1.79082
1.78695
1.78665
1.7862
1.78109
1.78143
1.77571
1.77117
1.766
1.76598
1.76079
1.75597
1.75502
1.75037
1.75059
1.74587
1.74005
1.73994
1.73486
1.72995
1.72942
1.72405
1.72482
1.71988
1.71886
1.71482
1.71366
1.70883
1.70909
1.70364
1.70378
1.70395
1.69862
1.69861
1.69312
1.6938
1.68882
1.68336
1.67776
1.67868
1.67311
1.66781
1.66219
1.66315
1.6528
1.6525
1.65197
1.6468
1.6473
1.64702
1.64208
1.64196
1.63673
1.63667
1.63183
1.6317
1.62675
1.62614
1.62631
1.62639
1.62188
1.62605
1.62074
1.62159
1.62103
1.62085
1.6166
1.62168
1.61635
1.61613
1.62091
1.62183
1.61545
1.61651
1.61592
1.61147
1.6107
1.61099
1.61133
1.6105
1.60639
1.6053
1.6002
1.60087
1.60112
1.60003
1.60058
1.60017
1.59594
1.59498
1.58973
1.59549
1.59045
1.58519
1.58493
1.58466
1.58573
1.57988
1.57994
1.57995
1.57995
1.5754
1.58063
1.57941
1.57981
1.57954
1.58575
1.59424
1.59947
1.60579
1.62116
1.63063
1.66695
1.68774
1.69841
1.73377
1.76519
1.77555
1.7966
1.80571
1.81751
1.83825
1.86331
1.8736
1.88896
1.89462
1.91516
1.93046
1.9314
1.94547
1.96145
1.96134
1.96684
1.9669
1.96734
1.96696
1.96702
1.96723
1.96706
1.96142
1.96258
1.95152
1.95165
1.94586
1.9474
1.93713
1.93547
1.93663
1.92562
1.92605
1.92072
1.91577
1.91017
1.90571
1.89441
1.89039
1.8785
1.8644
1.85389
1.85334
1.84806
1.84381
1.83917
1.83716
1.83329
1.8327
1.82751
1.83272
1.82745
1.82755
1.82787
1.82781
1.82767
1.8277
1.83264
1.82736
1.82752
1.82781
1.82226
1.82285
1.81758
1.81722
1.81724
1.81309
1.81271
1.80709
1.80747
1.80189
1.79206
1.79181
1.78203
1.78071
1.77533
1.77663
1.77081
1.77154
1.76556
1.75995
1.75665
1.75133
1.74949
1.74133
1.73378
1.72588
1.72349
1.71546
1.70848
1.70446
1.69933
1.69327
1.69371
1.68849
1.68297
1.67746
1.67238
1.66787
1.6674
1.66294
1.66181
1.65671
1.65781
1.65762
1.65273
1.65175
1.65204
1.64667
1.642
1.64173
1.63695
1.63649
1.6365
1.63652
1.63196
1.63172
1.63142
1.63158
1.63106
1.62665
1.62615
1.62646
1.6263
1.62634
1.62639
1.62638
1.62637
1.62637
1.62077
1.62142
1.62133
1.62154
1.62113
1.6164
1.61625
1.61589
1.61187
1.61035
1.61131
1.61115
1.61032
1.60543
1.6108
1.60524
1.60611
1.6054
1.6053
1.6
1.59566
1.59521
1.59532
1.59586
1.59019
1.58988
1.58998
1.58559
1.58542
1.58443
1.57981
1.57995
1.57992
1.57988
1.5803
1.57998
1.57998
1.57984
1.57994
1.5848
1.58464
1.58513
1.59
1.58996
1.5949
1.59571
1.60557
1.62049
1.63118
1.64687
1.65641
1.6772
1.68787
1.71864
1.73396
1.75468
1.76535
1.80691
1.82732
1.83776
1.85833
1.86337
1.8792
1.88883
1.8994
1.90493
1.91019
1.92557
1.93147
1.9354
1.94155
1.94625
1.94663
1.94654
1.94645
1.94648
1.94647
1.94679
1.93643
1.93599
1.9365
1.93099
1.9253
1.92142
1.92005
1.91496
1.91109
1.89948
1.88542
1.879
1.87381
1.86963
1.85912
1.85847
1.84426
1.83771
1.82793
1.82749
1.81261
1.80731
1.80242
1.79741
1.79619
1.7922
1.78114
1.78134
1.78171
1.78098
1.77577
1.78121
1.77634
1.77591
1.77598
1.77619
1.77615
1.77606
1.77692
1.78
1.78217
1.78104
1.78176
1.78081
1.78574
1.78211
1.78144
1.7811
1.78098
1.78147
1.78137
1.78119
1.78168
1.78091
1.77606
1.77617
1.77651
1.77012
1.77156
1.76561
