1.78559
1.79149
1.81189
1.81695
1.83725
1.84348
1.84745
1.85836
1.86349
1.87339
1.88388
1.88948
1.89973
1.90514
1.91059
1.9146
1.92108
1.92704
1.92976
1.93138
1.9356
1.93588
1.9408
1.94066
1.94184
1.94213
1.94557
1.94563
1.94714
1.94599
1.94622
1.94665
1.94733
1.94592
1.94684
1.94659
1.94608
1.94093
1.94157
1.93694
1.93561
1.93105
1.92653
1.92179
1.91496
1.91496
1.91104
1.90586
1.90106
1.89608
1.89394
1.88556
1.88504
1.87973
1.87901
1.87402
1.87433
1.86945
1.86872
1.86886
1.86924
1.86435
1.86378
1.86431
1.86356
1.864
1.86428
1.86836
1.86853
1.86907
1.86911
1.87384
1.8745
1.87378
1.87446
1.87404
1.87428
1.87415
1.87412
1.87914
1.87958
1.87438
1.87893
1.87975
1.87421
1.87418
1.87417
1.87423
1.86941
1.86874
1.86927
1.86886
1.86924
1.86436
1.86454
1.85849
1.85349
1.85354
1.8488
1.84797
1.84431
1.83942
1.83705
1.83224
1.82841
1.82737
1.8283
1.82254
1.82295
1.81748
1.81282
1.81188
1.80663
1.80262
1.79766
1.79116
1.79193
1.78148
1.78144
1.77622
1.77124
1.76593
1.76082
1.75553
1.75042
1.74481
1.74049
1.73955
1.73423
1.73002
1.72983
1.72468
1.71981
1.71891
1.71401
1.7098
1.70985
1.70383
1.69887
1.69892
1.6941
1.69304
1.68881
1.68797
1.68857
1.68329
1.68304
1.67791
1.67353
1.67232
1.67299
1.67309
1.67308
1.66805
1.66741
1.66798
1.66746
1.6626
1.66693
1.6675
1.66782
1.66802
1.66692
1.67259
1.66815
1.67299
1.6678
1.67247
1.67271
1.67291
1.67248
1.67303
1.67273
1.67296
1.67272
1.66848
1.67229
1.66705
1.66823
1.66807
1.66735
1.66794
1.66747
1.66784
1.66755
1.66777
1.6676
1.66773
1.66244
1.66266
1.66237
1.6624
1.66261
1.66214
1.65698
1.6576
1.65273
1.65249
1.65239
1.64759
1.64692
1.64119
1.64283
1.63684
1.63654
1.63686
1.63648
1.63689
1.64173
1.64193
1.64672
1.64716
1.65143
1.65761
1.66155
1.67264
1.6879
1.69793
1.70855
1.71411
1.72343
1.73455
1.74433
1.755
1.76513
1.78622
1.79584
1.80679
1.82197
1.83231
1.85283
1.86345
1.87347
1.88413
1.89453
1.90443
1.91059
1.92071
1.92549
1.93578
1.94575
1.94702
1.95089
1.95645
1.95716
1.96235
1.96119
1.96291
1.96652
1.96155
1.96726
1.96192
1.96198
1.95704
1.96116
1.95774
1.95608
1.9578
1.95119
1.95179
1.94668
1.94167
1.94115
1.94137
1.93086
1.93125
1.92689
1.92527
1.91515
1.91622
1.91118
1.90517
1.90526
1.89499
1.8901
1.88451
1.88456
1.87461
1.86906
1.86457
1.86333
1.85788
1.85932
1.85398
1.85356
1.84822
1.84813
1.84869
1.84816
1.84856
1.84816
1.84289
1.84806
1.84799
1.8535
1.85351
1.85358
1.85357
1.85318
1.85379
1.85339
1.85351
1.84795
1.84869
1.84853
1.84829
1.84844
1.84835
1.8484
1.84838
1.8432
1.84281
1.84335
1.84316
1.84325
1.84315
1.83818
1.838
1.83235
1.8333
1.82829
1.82732
1.82307
1.82214
1.81748
1.81729
1.81211
1.80788
1.8065
1.80748
1.80688
1.80232
1.79765
1.7961
1.79681
1.79178
1.79152
1.79172
1.78655
1.78157
1.78102
1.77623
1.77641
1.7759
1.7714
1.76676
1.76054
1.76028
1.76129
1.7552
1.75084
1.7498
1.75113
1.74058
1.73943
1.7346
1.73011
1.72993
1.7245
1.7241
1.72436
1.71999
1.71918
1.71465
1.71365
1.71465
1.71331
1.71
1.70818
1.7096
1.70851
1.70413
1.70398
1.69881
1.70304
1.69767
1.69939
1.69354
1.69349
1.69346
1.69354
1.69344
1.69355
1.69386
1.69324
1.688
1.68854
1.68883
1.68347
1.6878
1.68263
1.68357
1.67809
1.68276
1.67784
1.6781
1.67795
1.67764
1.67823
1.67227
1.67332
1.67221
1.66883
1.66825
1.66728
1.6627
1.66234
1.66281
1.66234
1.65772
1.65715
1.65743
1.65734
1.65741
1.65727
1.65758
1.65713
1.65754
1.66205
1.6625
1.66736
1.67775
1.67813
1.68719
1.7026
1.70918
1.72451
1.73424
1.74971
1.75997
1.78072
1.79096
1.80624
1.81707
1.8265
1.84195
1.85351
1.86333
1.87362
1.88975
1.8993
1.90927
1.91078
1.92522
1.93003
1.93122
1.93538
1.94111
1.94151
1.94676
1.95123
1.9519
1.95157
1.95118
1.95124
1.95201
1.95233
1.95106
1.95214
1.94714
1.95092
1.94591
1.94208
1.94222
1.93576
1.93119
1.9308
1.92536
1.92628
1.91046
1.91037
1.90541
1.90507
1.90041
1.88964
1.88981
1.88462
1.87954
1.87443
1.87399
1.86958
1.8641
1.85866
1.85383
1.84846
1.84352
1.83817
1.83801
1.8336
1.82876
1.827
1.82251
1.82749
1.82219
1.82251
1.82301
1.82251
1.81797
1.8166
1.82197
