1.66736
1.67775
1.67813
1.68719
1.7026
1.70918
1.72451
1.73424
1.74971
1.75997
1.78072
1.79096
1.80624
1.81707
1.8265
1.84195
1.85351
1.86333
1.87362
1.88975
1.8993
1.90927
1.91078
1.92522
1.93003
1.93122
1.93538
1.94111
1.94151
1.94676
1.95123
1.9519
1.95157
1.95118
1.95124
1.95201
1.95233
1.95106
1.95214
1.94714
1.95092
1.94591
1.94208
1.94222
1.93576
1.93119
1.9308
1.92536
1.92628
1.91046
1.91037
1.90541
1.90507
1.90041
1.88964
1.88981
1.88462
1.87954
1.87443
1.87399
1.86958
1.8641
1.85866
1.85383
1.84846
1.84352
1.83817
1.83801
1.8336
1.82876
1.827
1.82251
1.82749
1.82219
1.82251
1.82301
1.82251
1.81797
1.8166
1.82197
1.82291
1.82239
1.8225
1.82704
1.82717
1.82854
1.82736
1.82841
1.82845
1.83192
1.827
1.83353
1.82783
1.82765
1.82761
1.82785
1.82337
1.82196
1.82301
1.81746
1.81734
1.81241
1.80723
1.80701
1.80222
1.80167
1.7961
1.7924
1.78756
1.78562
1.77655
1.77582
1.77077
1.76571
1.76107
1.76072
1.75596
1.75497
1.74984
1.75107
1.74517
1.74527
1.7402
1.73495
1.73051
1.72891
1.72576
1.72038
1.71851
1.71343
1.71026
1.70969
1.70889
1.70418
1.70354
1.69922
1.69822
1.69841
1.69883
1.69381
1.69326
1.69366
1.68833
1.68835
1.68837
1.68873
1.68328
1.68354
1.67855
1.67754
1.67251
1.67312
1.67304
1.67232
1.66798
1.67272
1.66807
1.66799
1.66255
1.6626
1.6624
1.66263
1.66293
1.66178
1.65705
1.65767
1.65765
1.65708
1.65758
1.65751
1.65722
1.65741
1.65739
1.65739
1.65732
1.65194
1.65726
1.6524
1.64742
1.6516
1.64817
1.64619
1.65251
1.64746
1.64282
1.6456
1.64011
1.64325
1.64124
1.6423
1.642
1.64188
1.64213
1.63705
1.63663
1.63177
1.63633
1.6312
1.63174
1.63142
1.62585
1.63161
1.62619
1.6265
1.62642
1.63123
1.63172
1.63625
1.64187
1.65209
1.66156
1.66645
1.68274
1.68841
1.69786
1.70865
1.71883
1.72906
1.73931
1.74981
1.7805
1.79121
1.79625
1.80646
1.81648
1.83215
1.84274
1.85839
1.8683
1.87884
1.88943
1.89478
1.90022
1.90955
1.91515
1.92063
1.9264
1.93025
1.93155
1.93502
1.94192
1.93597
1.94149
1.94596
1.94606
1.95164
1.95169
1.9566
1.95652
1.95156
1.95671
1.95191
1.95151
1.95169
1.9472
1.94607
1.94103
1.94151
1.93609
1.93619
1.93092
1.92613
1.92569
1.92585
1.92024
1.91663
1.91146
1.90951
1.90615
0
1.89952
1.90083
1.89448
1.89493
1.88999
1.87948
1.87935
1.8749
1.87365
1.87016
1.86433
1.8635
1.85846
1.85894
1.85367
1.84921
1.84772
1.84265
1.84366
1.84348
1.84303
1.83745
1.83848
1.83777
1.84375
1.8428
1.84266
1.84354
1.84295
1.84343
1.84305
1.84335
1.84868
1.84779
1.84883
1.84806
1.84297
1.84831
1.84271
1.84361
1.83898
1.84219
1.83775
1.83835
1.83777
1.83818
1.83796
1.83227
1.83827
1.82791
1.83247
1.82842
1.82714
1.82822
1.82698
1.82159
1.82338
1.81707
1.81716
1.8128
1.80742
1.80679
1.8018
1.80201
1.79168
1.7915
1.78687
1.78601
1.78233
1.77598
1.77649
1.77091
1.771
1.76603
1.7656
1.76109
1.75616
1.75482
1.74999
1.74567
1.74585
1.73485
1.73966
1.73535
1.73444
1.73013
1.7241
1.72478
1.71391
1.71429
1.70868
1.70927
1.70398
1.69879
1.69861
1.69874
1.69855
1.69397
1.69304
1.6939
1.69335
1.68877
1.68863
1.68319
1.68321
1.68312
1.68809
1.68363
1.68281
1.68343
1.68297
1.67763
1.67828
1.6778
1.67755
1.67838
1.67278
1.67291
1.66789
1.66759
1.66276
1.6672
1.66844
1.6671
1.66327
1.66191
1.66214
1.66277
1.66271
1.6624
1.66256
1.6625
1.6625
1.66254
1.66248
1.65789
1.66177
1.66205
1.66289
1.66217
1.66244
1.66194
1.65807
1.65681
1.65671
1.65786
1.65226
1.65212
1.65213
1.64777
1.64718
1.6469
1.64712
1.64697
1.64219
1.64163
1.64169
1.642
1.64238
1.64151
1.6421
1.64175
1.63706
1.63643
1.63656
1.63679
1.63214
1.63601
1.63623
1.63223
1.63773
1.63589
1.64197
1.64664
1.64726
1.65812
1.66617
1.67625
1.68861
1.70304
1.7089
1.73909
1.74993
1.76559
1.7801
1.79614
1.80646
1.81729
1.83334
1.84181
1.86409
1.87406
1.87882
1.88422
1.88965
1.89421
1.90999
1.90975
1.91528
1.91562
1.91995
1.92127
1.92643
1.93026
1.93007
1.93209
1.9323
1.92999
1.93217
1.93181
1.93031
1.92506
1.92646
1.92056
1.92075
1.9158
1.91521
1.91097
1.90568
1.89983
1.90029
1.89011
1.88475
1.87954
1.86934
1.86882
1.85873
1.85872
1.85423
1.84894
