1.72939
1.73914
1.77069
1.79134
1.80593
1.82778
1.84762
1.85343
1.86371
1.87368
1.87835
1.88459
1.88937
1.89487
1.89976
1.90003
1.90481
1.90447
1.91063
1.91021
1.91498
1.91564
1.91987
1.92021
1.92063
1.92059
1.92074
1.92059
1.92034
1.91562
1.91542
1.91034
1.91038
1.91026
1.91048
1.91017
1.9057
1.90075
1.89937
1.89406
1.89071
1.88592
1.87896
1.87972
1.87445
1.87396
1.8632
1.85992
1.85455
1.84786
1.84886
1.83812
1.83806
1.83246
1.82837
1.82229
1.82274
1.81784
1.82203
1.81217
1.81217
1.81244
1.81196
1.81201
1.80798
1.81228
1.81178
1.80619
1.81272
1.81175
1.81272
1.8167
1.81312
1.81767
1.81682
1.81709
1.82207
1.82299
1.82286
1.8272
1.8282
1.82731
1.8281
1.82741
1.828
1.82791
1.83246
1.83273
1.82818
1.82796
1.82758
1.82783
1.82285
1.82233
1.82319
1.81821
1.81713
1.81179
1.80813
1.8063
1.80318
1.80101
1.80254
1.79668
1.79243
1.78768
1.78549
1.78712
1.78593
1.78198
1.78068
1.77539
1.77712
1.77043
1.76576
1.76578
1.76003
1.75616
1.75084
1.74999
1.75039
1.75036
1.74527
1.74038
1.7347
1.72985
1.7295
1.72393
1.72484
1.71955
1.71432
1.71394
1.70951
1.71345
1.70382
1.70387
1.7039
1.69893
1.6984
1.69845
1.69891
1.6884
1.69316
1.68887
1.68792
1.68863
1.6881
1.68355
1.683
1.68323
1.68305
1.6833
1.683
1.68322
1.67804
1.67797
1.67799
1.678
1.67807
1.67796
1.67796
1.67817
1.67293
1.67286
1.67255
1.67261
1.67302
1.67294
1.66752
1.6681
1.66733
1.6724
1.6684
1.66705
1.6682
1.66259
1.66242
1.66236
1.66309
1.65786
1.66146
1.6585
1.65771
1.65704
1.65755
1.65716
1.65752
1.65734
1.65784
1.65207
1.65233
1.65203
1.65204
1.65231
1.65161
1.65263
1.6474
1.64668
1.64736
1.64251
1.64614
1.64101
1.64253
1.64134
1.64157
1.6425
1.63654
1.63681
1.63676
1.63665
1.64158
1.64205
1.64194
1.64625
1.66173
1.6776
1.68807
1.70379
1.71348
1.74547
1.75413
1.76578
1.77019
1.78565
1.80067
1.81208
1.83215
1.84281
1.84793
1.85806
1.86851
1.87429
1.88451
1.8942
1.90467
1.91043
1.91577
1.91977
1.92579
1.93019
1.93165
1.93716
1.94025
1.94249
1.94147
1.94122
1.94577
1.94564
1.94222
1.94615
1.9467
1.94211
1.9456
1.9406
1.94228
1.93624
1.93649
1.93588
1.93158
1.93047
1.92665
1.92645
1.92042
1.92043
1.91605
1.91507
1.91043
1.91027
1.89997
1.90047
1.88987
1.88999
1.88455
1.87999
1.87482
1.87416
1.86453
1.86377
1.85911
1.85879
1.85418
1.84911
1.84783
1.84807
1.84861
1.84368
1.84732
1.84922
1.84887
1.84767
1.84805
1.84903
1.84877
1.84809
1.8486
1.84788
1.84801
1.84874
1.84806
1.84814
1.84413
1.84457
1.84715
1.84303
1.84322
1.84333
1.84342
1.84302
1.83787
1.83819
1.83812
1.83809
1.83271
1.83303
1.8328
1.83279
1.82849
1.82329
1.82199
1.81753
1.81725
1.81719
1.81312
1.80738
1.80726
1.80208
1.8024
1.79705
1.79239
1.79139
1.78705
1.78596
1.78137
1.78117
1.78134
1.77624
1.77118
1.77151
1.76601
1.7606
1.76063
1.75531
1.75047
1.75012
1.74464
1.74061
1.74024
1.73493
1.73042
1.72905
1.72977
1.72466
1.72432
1.7197
1.71908
1.71942
1.71429
1.71411
1.70942
1.70854
1.70861
1.70448
1.70327
1.70347
1.70416
1.69969
1.69779
1.69851
1.6988
1.69315
1.69339
1.6935
1.689
1.69352
1.68863
1.68804
1.68863
1.68813
1.68803
1.68264
1.68364
1.68352
1.68286
1.68296
1.68332
1.68347
1.68278
1.68389
1.67943
1.67696
1.67836
1.68266
1.67754
1.67833
1.67791
1.67338
1.67245
1.67265
1.67296
1.67282
1.67284
1.67326
1.67248
1.67223
1.67334
1.66753
1.66775
1.66768
1.66769
1.66765
1.66764
1.66771
1.66735
1.66753
1.66256
1.66245
1.66263
1.66237
1.66264
1.66304
1.65726
1.65775
1.65749
1.65728
1.65779
1.65737
1.65699
1.65277
1.65244
1.65203
1.65227
1.65276
1.65172
1.65636
1.65808
1.66346
1.6618
1.66783
1.67776
1.68313
1.69345
1.69789
1.72471
1.73357
1.74947
1.75534
1.77583
1.7856
1.79151
1.8068
1.81658
1.83235
1.84261
1.85301
1.85844
1.87319
1.87984
1.89406
1.89543
1.90045
1.90453
1.91046
1.91515
1.92025
1.92095
1.92045
1.92082
1.92495
1.92497
1.92644
1.92611
1.92078
1.92501
1.92049
1.92082
1.91631
1.9198
1.91613
1.91009
1.90557
1.90497
1.9008
1.8993
1.89078
1.88893
1.88456
1.88481
1.87467
1.87389
1.86995
1.8643
1.85905
1.85409
1.84829
1.83817
1.83799
1.82797
1.82766
1.82232
1.82275
