1.63678
1.63714
1.63151
1.63133
1.63162
1.63157
1.63149
1.63601
1.63627
1.64148
1.64148
1.64668
1.65212
1.66231
1.66754
1.68271
1.68791
1.70348
1.7085
1.72412
1.73452
1.73937
1.75473
1.76571
1.78044
1.7863
1.80132
1.80723
1.81137
1.82234
1.82716
1.83269
1.83755
1.84287
1.84775
1.84893
1.85933
1.85815
1.86368
1.864
1.86836
1.86435
1.86796
1.86833
1.86952
1.86922
1.87343
1.86992
1.87328
1.87487
1.87372
1.86971
1.86851
1.86911
1.86954
1.86368
1.85912
1.85849
1.85336
1.85366
1.84808
1.84867
1.83865
1.83801
1.83325
1.82819
1.82354
1.82186
1.81678
1.81305
1.80796
1.80188
1.80202
1.79193
1.79129
1.78564
1.78714
1.77533
1.77668
1.76645
1.76533
1.76555
1.76104
1.76103
1.76033
1.76567
1.76583
1.76479
1.76657
1.76479
1.76525
1.77103
1.7713
1.77067
1.77115
1.77567
1.7758
1.7763
1.77597
1.77605
1.78056
1.78104
1.78148
1.78144
1.78111
1.78139
1.78116
1.78135
1.78084
1.78174
1.78093
1.77702
1.77535
1.7699
1.77173
1.7662
1.76544
1.76604
1.76049
1.76078
1.75534
1.75553
1.74982
1.75104
1.74997
1.74562
1.73988
1.74007
1.73537
1.73397
1.73467
1.73006
1.72451
1.72485
1.71968
1.71463
1.7138
1.71437
1.70873
1.70367
1.704
1.69877
1.69417
1.69791
1.69327
1.69369
1.68824
1.68846
1.68328
1.67819
1.678
1.67805
1.67326
1.67256
1.67259
1.66818
1.66844
1.66711
1.66703
1.66811
1.66786
1.66743
1.66203
1.66303
1.66298
1.66209
1.66287
1.66221
1.66277
1.66231
1.66727
1.66311
1.65701
1.65719
1.66239
1.65748
1.66163
1.65645
1.66296
1.65741
1.6573
1.65739
1.65804
1.65681
1.65746
1.65686
1.65737
1.65741
1.65728
1.65729
1.66229
1.65701
1.65796
1.65763
1.65717
1.65745
1.65729
1.65737
1.65742
1.65797
1.65685
1.65199
1.65236
1.65203
1.65208
1.65227
1.64679
1.64726
1.64196
1.64186
1.64188
1.64183
1.64148
1.64212
1.64204
1.64174
1.64181
1.64189
1.6476
1.65103
1.65643
1.66286
1.66672
1.68255
1.68805
1.70358
1.70842
1.72909
1.73934
1.74487
1.75504
1.76505
1.77078
1.79161
1.79597
1.81146
1.82217
1.83219
1.84273
1.84799
1.86324
1.87411
1.87912
1.89506
1.89461
1.89991
1.90506
1.90525
1.90995
1.90996
1.91068
1.91059
1.91013
1.91044
1.90968
1.90446
1.90576
1.90512
1.90034
1.89977
1.89464
1.89504
1.89506
1.88982
1.88489
1.88426
1.87981
1.87897
1.87358
1.87438
1.86875
1.86472
1.85895
1.85892
1.85396
1.8532
1.84323
1.83884
1.83252
1.83251
1.83332
1.82825
1.82245
1.81753
1.81726
1.81281
1.8163
1.81136
1.81289
1.81257
1.81202
1.81239
1.81238
1.81201
1.81196
1.81215
1.81231
1.81214
1.81235
1.81203
1.81254
1.81197
1.81218
1.80736
1.80712
1.80703
1.807
1.8022
1.80622
1.80114
1.80252
1.80226
1.80209
1.7966
1.79688
1.79711
1.79198
1.79172
1.78707
1.78576
1.78246
1.78188
1.77602
1.77133
1.77052
1.77017
1.7667
1.76502
1.76679
1.76014
1.76094
1.75056
1.75014
1.74581
1.74535
1.74453
1.74113
1.74102
1.73467
1.73468
1.73455
1.72929
1.73029
1.72954
1.72413
1.72475
1.7243
1.71975
1.71935
1.71931
1.71931
1.71866
1.71408
1.71417
1.71436
1.71366
1.71444
1.71394
1.71424
1.71404
1.70898
1.70932
1.70864
1.7093
1.70923
1.70877
1.70367
1.70878
1.70434
1.70421
1.70349
1.7036
1.70399
1.70392
1.70374
1.70428
1.7035
1.70371
1.70386
1.69934
1.70262
1.7028
1.69973
1.69781
1.6981
1.6991
1.69936
1.69844
1.6936
1.69339
1.69358
1.69258
1.69344
1.69352
1.68899
1.68786
1.68864
1.68812
1.68346
1.68285
1.67807
1.68285
1.6788
1.67254
1.67271
1.67291
1.66756
1.66772
1.66806
1.66256
1.66243
1.6624
1.66262
1.65709
1.65758
1.65763
1.65711
1.65757
1.65676
1.65763
1.66814
1.66724
1.67296
1.68335
1.68734
1.70324
1.71365
1.729
1.73493
1.74402
1.75919
1.771
1.78073
1.79101
1.8068
1.81173
1.822
1.83211
1.83792
1.84851
1.84828
1.86287
1.86459
1.86958
1.87347
1.879
1.87966
1.8796
1.87915
1.87952
1.8847
1.88442
1.88449
1.88453
1.88453
1.88454
1.88451
1.87964
1.88404
1.8788
1.8798
1.87476
1.87376
1.87497
1.86951
1.85898
1.85859
1.85424
1.84809
1.84829
1.84321
1.83838
1.83303
1.8279
1.81769
1.80735
1.80685
1.79697
1.79674
1.78151
1.7764
1.77584
1.76596
1.76571
1.76025
1.76092
1.75558
1.75538
1.75545
1.75543
1.75542
1.75102
1.75452
1.75613
1.75579
1.75521
1.7603
1.76086
1.76076
1.76574
