1.67293
1.67272
1.6727
1.67297
1.66805
1.6719
1.66774
1.66724
1.67251
1.66783
1.67248
1.67298
1.67227
1.67209
1.67347
1.6723
1.67299
1.66784
1.66763
1.66758
1.66821
1.66709
1.6633
1.66296
1.66218
1.66235
1.66305
1.66207
1.65802
1.66165
1.66203
1.65796
1.65764
1.65716
1.65747
1.65703
1.65758
1.65745
1.66217
1.66267
1.66683
1.67159
1.67828
1.68841
1.69267
1.70348
1.71305
1.72461
1.73956
1.74468
1.765
1.77085
1.79634
1.82162
1.83266
1.84263
1.85334
1.87351
1.88327
1.88537
1.88842
1.90044
1.9099
1.91059
1.91524
1.91573
1.91566
1.91535
1.92081
1.92066
1.92114
1.91539
1.92053
1.91519
1.92063
1.91525
1.9157
1.91536
1.91585
1.91073
1.91046
1.91029
1.90579
1.90471
1.89986
1.89573
1.89015
1.88443
1.88435
1.87991
1.87416
1.86879
1.85894
1.8586
1.84841
1.84876
1.84413
1.84256
1.83923
1.8387
1.83274
1.82808
1.82737
1.82741
1.82355
1.82258
1.82249
1.82263
1.82268
1.8224
1.82283
1.82303
1.82212
1.82219
1.82289
1.8228
1.82725
1.82773
1.82776
1.82769
1.82727
1.83258
1.82815
1.83231
1.83256
1.83279
1.83294
1.8329
1.83285
1.82793
1.83289
1.82757
1.82284
1.8223
1.81758
1.81728
1.81177
1.80756
1.80666
1.80111
1.80251
1.79669
1.79716
1.79154
1.78719
1.78087
1.77571
1.77639
1.77074
1.76625
1.76087
1.75611
1.75489
1.75029
1.75023
1.75026
1.74545
1.74465
1.74063
1.73558
1.73413
1.73069
1.72927
1.72994
1.72455
1.72434
1.71914
1.71977
1.71497
1.7136
1.71448
1.71412
1.70868
1.70923
1.70892
1.70452
1.7046
1.70319
1.70345
1.70452
1.69917
1.69831
1.69894
1.69927
1.69326
1.69866
1.69333
1.6936
1.69343
1.69348
1.69313
1.68833
1.68801
1.68821
1.68837
1.68872
1.68765
1.68247
1.68318
1.68323
1.67838
1.6777
1.67828
1.67776
1.67821
1.67813
1.67831
1.6819
1.6886
1.68809
1.69341
1.69311
1.70341
1.70859
1.71893
1.72891
1.73462
1.75062
1.75933
1.77534
1.78595
1.80138
1.81205
1.82203
1.8373
1.84337
1.85838
1.86876
1.88423
1.88907
1.89474
1.90559
1.90955
1.92029
1.92092
1.9311
1.93127
1.93072
1.94074
1.94667
1.94632
1.94636
1.95147
1.95179
1.95146
1.95145
1.95149
1.95185
1.94703
1.95092
1.95219
1.94643
1.94649
1.94649
1.94694
1.94608
1.94068
1.94187
1.93104
1.93104
1.92633
1.92535
1.91538
1.91602
1.91513
1.91052
1.91027
1.90588
1.8998
1.89531
1.89056
1.88909
1.88562
1.88377
1.88022
1.87427
1.8695
1.86378
1.85893
1.85851
1.84824
1.84858
1.84816
1.84251
1.84376
1.84396
1.83775
1.83779
1.83829
1.83786
1.83792
1.83817
1.83855
1.83763
1.83841
1.83776
1.83829
1.83785
1.84357
1.84307
1.84356
1.84291
1.84299
1.84305
1.8433
1.84319
1.84321
1.84325
1.84327
1.84806
1.8428
1.84354
1.84341
1.84303
1.8435
1.83803
1.83812
1.83805
1.83803
1.83365
1.83755
1.83365
1.83342
1.83247
1.82694
1.82836
1.82723
1.82323
1.82205
1.82304
1.81847
1.81609
1.81205
1.81243
1.81206
1.8076
1.8066
1.80793
1.80154
1.79776
1.79596
1.79133
1.79181
1.78623
1.7818
1.78082
1.78163
1.77617
1.77597
1.77094
1.77142
1.76004
1.76102
1.75586
1.75025
1.74996
1.74529
1.74498
1.74022
1.7397
1.73576
1.73544
1.73436
1.72435
1.72449
1.71873
1.71975
1.71412
1.71417
1.7093
1.70916
1.70927
1.70372
1.70391
1.69943
1.69808
1.69907
1.69885
1.69406
1.6938
1.69327
1.69365
1.69383
1.69354
1.68867
1.68811
1.68337
1.683
1.68307
1.68323
1.68312
1.68279
1.68384
1.68357
1.68293
1.6781
1.68264
1.6837
1.6782
1.67795
1.67796
1.67788
1.67813
1.67855
1.67759
1.67827
1.67338
1.67236
1.67324
1.67251
1.67354
1.66736
1.66801
1.66739
1.66791
1.66268
1.66276
1.65779
1.65747
1.65732
1.6574
1.65246
1.65233
1.65265
1.65179
1.6576
1.65718
1.66258
1.66251
1.66692
1.67319
1.67691
1.68376
1.69379
1.69764
1.71359
1.72388
1.72935
1.73954
1.74516
1.75436
1.77621
1.79122
1.79628
1.80158
1.81188
1.82222
1.8272
1.83262
1.84292
1.84303
1.8481
1.85793
1.85892
1.86378
1.86885
1.86924
1.86889
1.87378
1.87942
1.87452
1.87882
1.87908
1.87956
1.88419
1.8795
1.87947
1.87925
1.87927
1.87952
1.87427
1.87429
1.87401
1.87443
1.8695
1.86876
1.86918
1.86395
1.86393
1.85385
1.85326
1.84892
1.84374
1.84293
1.83752
1.83837
1.82816
1.82753
1.82332
1.81753
1.81286
1.80626
1.80076
1.798
1.79094
1.78674
1.78616
1.78149
1.77664
1.77566
