1.68758
1.6835
1.68289
1.67856
1.67391
1.67342
1.66762
1.66272
1.65767
1.65709
1.65719
1.65747
1.65262
1.65179
1.65208
1.65265
1.64696
1.64691
1.64247
1.64158
1.63754
1.63598
1.63071
1.63221
1.63103
1.62603
1.62683
1.62607
1.62627
1.62641
1.62635
1.62683
1.62018
1.622
1.62142
1.62103
1.62109
1.6213
1.62113
1.62116
1.62124
1.6205
1.62139
1.62136
1.62108
1.62112
1.62115
1.62117
1.62123
1.6212
1.6212
1.62121
1.62121
1.62121
1.62121
1.62119
1.62572
1.63199
1.63119
1.64197
1.65226
1.6629
1.68665
1.69407
1.71398
1.72356
1.73948
1.76013
1.78071
1.78607
1.80158
1.81155
1.82743
1.83727
1.84764
1.85832
1.86382
1.87355
1.87467
1.89548
1.9001
1.89988
1.90475
1.90023
1.90561
1.90969
1.90566
1.90481
1.90541
1.90533
1.89982
1.90017
1.89427
1.89532
1.8894
1.88999
1.87973
1.87415
1.86944
1.8649
1.86308
1.85367
1.84806
1.84376
1.83836
1.83334
1.82828
1.82728
1.81793
1.81213
1.80729
1.807
1.80163
1.79732
1.79083
1.79214
1.79194
1.7864
1.78636
1.78647
1.7864
1.79092
1.79172
1.79596
1.79714
1.802
1.80189
1.80632
1.80747
1.80677
1.80721
1.80748
1.80251
1.8015
1.80173
1.80246
1.79652
1.79693
1.79083
1.79217
1.78636
1.78157
1.77578
1.77683
1.77215
1.76957
1.77001
1.77168
1.76579
1.76062
1.75573
1.75558
1.75535
1.75058
1.75005
1.75082
1.74537
1.74517
1.74512
1.74584
1.74565
1.73983
1.74039
1.73963
1.73977
1.73974
1.73496
1.73468
1.73002
1.72994
1.72457
1.71941
1.71924
1.71411
1.71418
1.70901
1.70892
1.70915
1.70433
1.69873
1.6991
1.69355
1.69342
1.69312
1.69373
1.69322
1.68852
1.68836
1.68834
1.68837
1.68303
1.68351
1.68293
1.67755
1.6786
1.67272
1.67246
1.66747
1.66779
1.66763
1.66231
1.66268
1.65754
1.6575
1.65722
1.65745
1.65723
1.65183
1.6529
1.64716
1.64691
1.64128
1.64227
1.64248
1.64179
1.63697
1.63174
1.63137
1.63596
1.63091
1.63236
1.63083
1.63148
1.63155
1.63645
1.63692
1.64096
1.64615
1.65253
1.6674
1.6723
1.69294
1.70324
1.73458
1.74422
1.76497
1.77571
1.7963
1.80641
1.81201
1.85326
1.86874
1.88988
1.905
1.91009
1.92042
1.93098
1.93057
1.93071
1.93609
1.93639
1.93599
1.93608
1.9362
1.93091
1.93141
1.92637
1.92578
1.9257
1.92604
1.91518
1.91623
1.90021
1.89556
1.89439
1.88007
1.87893
1.8693
1.86396
1.85399
1.83895
1.83739
1.82774
1.82289
1.81257
1.80756
1.80255
1.79658
1.79205
1.78624
1.78172
1.77143
1.76572
1.76077
1.76051
1.76059
1.7655
1.76551
1.76552
1.77059
1.77609
1.77644
1.7807
1.78585
1.78678
1.79177
1.79096
1.79659
1.80132
1.80153
1.80222
1.8074
1.80733
1.80686
1.80693
1.8072
1.80663
1.80711
1.80706
1.80188
1.80723
1.80167
1.80257
1.79703
1.79654
1.79175
1.79154
1.79194
1.78617
1.78661
1.78088
1.78157
1.77665
1.76632
1.76162
1.75987
1.75545
1.75542
1.7458
1.74085
1.73426
1.72885
1.71987
1.71879
1.71374
1.71445
1.70931
1.70396
1.69921
1.69401
1.69361
1.68827
1.6833
1.68353
1.67801
1.67353
1.66873
1.66826
1.66268
1.65765
1.65705
1.6571
1.658
1.65232
1.6521
1.64676
1.64723
1.6415
1.63632
1.63687
1.63699
1.6315
1.63153
1.631
1.6316
1.63186
1.63133
1.63088
1.63167
1.6315
1.63169
1.63128
1.6318
1.63177
1.63133
1.63138
1.63166
1.63143
1.63158
1.63156
1.63151
1.63152
1.63154
1.62653
1.62628
1.62629
1.62644
1.62675
1.62679
1.62605
1.6265
1.62666
1.62649
1.6259
1.62638
1.62635
1.63079
1.63702
1.6465
1.66232
1.66706
1.68322
1.69243
1.70792
1.7191
1.7446
1.7548
1.7705
1.77568
1.79669
1.80164
1.81236
1.8215
1.83789
1.84266
1.8527
1.85912
1.8641
1.87397
1.87445
1.87938
1.87934
1.88475
1.88437
1.88411
1.8848
1.87974
1.87461
1.87394
1.86889
1.86913
1.85948
1.85273
1.84933
1.84328
1.83871
1.83364
1.8278
1.8171
1.80708
1.79178
1.78176
1.77095
1.76609
1.75561
1.74551
1.73562
1.73424
1.73011
1.72925
1.7246
1.72432
1.72461
1.72454
1.72452
1.72961
1.72962
1.72959
1.73455
1.72898
1.73454
1.73505
1.73458
1.73558
1.73851
1.74069
1.73934
1.74076
1.73966
1.7346
1.72961
1.7301
1.7293
1.72906
1.7248
1.71965
1.71449
1.70959
1.70971
1.7036
1.69851
1.69384
1.69396
1.68834
1.68356
1.68284
1.67776
1.67369
1.66835
1.66727
1.66296
1.66213
1.65652
1.658
1.65235
1.65211
1.64743
1.64227
1.64207
1.63725
