1.62584
1.6267
1.6213
1.62116
1.62123
1.62121
1.61634
1.62069
1.61596
1.62055
1.61561
1.61634
1.62077
1.62108
1.62613
1.63143
1.63592
1.63731
1.64066
1.65166
1.66232
1.67302
1.67712
1.69268
1.70383
1.7135
1.71908
1.7288
1.73956
1.75498
1.76025
1.7756
1.78578
1.79141
1.80096
1.80754
1.81641
1.82711
1.83257
1.8425
1.84824
1.85294
1.86372
1.86395
1.87426
1.8737
1.87949
1.87921
1.8844
1.88452
1.88928
1.88997
1.88981
1.89407
1.89447
1.8951
1.89469
1.89481
1.89485
1.89524
1.89458
1.8945
1.89505
1.89509
1.89471
1.89457
1.89506
1.89435
1.89042
1.88428
1.88442
1.88456
1.87883
1.88018
1.87457
1.87395
1.86384
1.85896
1.85864
1.85867
1.85402
1.84818
1.84319
1.84331
1.83361
1.83235
1.83236
1.82846
1.82758
1.82263
1.82214
1.81729
1.81745
1.81231
1.81218
1.81229
1.80733
1.81208
1.80752
1.80672
1.80733
1.80691
1.80719
1.80754
1.80187
1.80614
1.80775
1.8074
1.80686
1.80721
1.80712
1.80707
1.80709
1.80706
1.80706
1.80665
1.8075
1.80744
1.80677
1.80693
1.80755
1.80716
1.80693
1.80225
1.80203
1.80151
1.79648
1.79685
1.79676
1.79143
1.79167
1.78676
1.78608
1.78718
1.7815
1.78108
1.77565
1.77613
1.77079
1.77108
1.76591
1.76574
1.7601
1.76102
1.75641
1.75469
1.75647
1.75087
1.74984
1.74522
1.74503
1.74521
1.74025
1.73968
1.74021
1.73496
1.73468
1.72995
1.72932
1.72457
1.72435
1.72458
1.71956
1.71906
1.71953
1.71397
1.71474
1.70909
1.70891
1.70457
1.70362
1.70402
1.7036
1.70319
1.70438
1.69879
1.70341
1.69927
1.69903
1.69355
1.69353
1.69351
1.69357
1.69348
1.68897
1.68871
1.68803
1.68265
1.6836
1.679
1.67724
1.67861
1.67838
1.67771
1.67827
1.67775
1.67787
1.67804
1.67802
1.67349
1.67685
1.67886
1.67844
1.67734
1.67759
1.67833
1.67817
1.67817
1.67825
1.67859
1.67751
1.6779
1.67812
1.68256
1.68406
1.68243
1.69265
1.69857
1.70873
1.71359
1.72902
1.73979
1.74495
1.76096
1.76964
1.78608
1.79603
1.81716
1.82738
1.8324
1.83814
1.84769
1.85779
1.86875
1.87424
1.88521
1.89011
1.8943
1.90035
1.90414
1.90978
1.91085
1.91976
1.92134
1.92101
1.92041
1.92525
1.92135
1.92505
1.92492
1.92649
1.92597
1.92086
1.9205
1.92123
1.92027
1.91509
1.91579
1.91065
1.91014
1.90547
1.90487
1.90555
1.89997
1.90051
1.89476
1.89036
1.8892
1.88465
1.88435
1.88028
1.87412
1.87434
1.86914
1.86446
1.86347
1.85804
1.85435
1.84849
1.84349
1.83824
1.83787
1.83239
1.82854
1.827
1.82273
1.82251
1.82273
1.82241
1.81694
1.8227
1.81739
1.81735
1.8175
1.8175
1.81736
1.81742
1.81737
1.81817
1.82168
1.82291
1.82324
1.82199
1.82245
1.82273
1.8224
1.81828
1.82154
1.81694
1.81817
1.82301
1.81732
1.81774
1.81711
1.81319
1.8164
1.81326
1.81151
1.81182
1.80809
1.80759
1.80227
1.80164
1.80213
1.79731
1.7963
1.79167
1.79147
1.78628
1.78618
1.78623
1.78125
1.77647
1.77193
1.77017
1.76662
1.76168
1.75984
1.75543
1.75536
1.74596
1.74083
1.73934
1.73558
1.73073
1.72883
1.72351
1.72559
1.71981
1.71411
1.71454
1.70904
1.70399
1.70381
1.69863
1.69807
1.69428
1.68803
1.68858
1.68812
1.68892
1.68374
1.68275
1.67803
1.67796
1.67796
1.67358
1.67229
1.67299
1.67308
1.66753
1.6678
1.66276
1.66227
1.66232
1.66233
1.65759
1.6572
1.65737
1.65221
1.65246
1.65192
1.65243
1.65281
1.64728
1.64714
1.64659
1.64141
1.64217
1.64199
1.6418
1.64183
1.64218
1.64203
1.637
1.64143
1.63684
1.63651
1.63645
1.64098
1.64744
1.65159
1.65259
1.6616
1.66769
1.66725
1.68333
1.68745
1.70325
1.71361
1.72902
1.73445
1.74445
1.74998
1.76031
1.77007
1.78504
1.79232
1.79552
1.80697
1.81163
1.81714
1.82205
1.82743
1.83241
1.84277
1.84803
1.85352
1.85839
1.86389
1.8634
1.86915
1.86889
1.87383
1.87453
1.87841
1.8798
1.87974
1.87903
1.87913
1.87955
1.87971
1.87369
1.87462
1.87448
1.87362
1.86943
1.86408
1.86376
1.86429
1.85869
1.85304
1.85389
1.84819
1.84381
1.84266
1.83308
1.82747
1.8234
1.81753
1.81228
1.80765
1.80244
1.79708
1.79221
1.78615
1.78124
1.78137
1.78115
1.7767
1.77603
1.77606
1.77612
1.77616
1.77613
1.77595
1.77596
1.77128
1.77522
1.77647
1.77583
1.77629
1.78085
1.77669
1.77642
1.78075
1.78076
1.78157
1.78105
1.7814
1.78118
1.78131
1.78127
1.78125
1.78185
1.78565
1.78638
1.78642
1.78647
1.78637
