1.66221
1.65789
1.65695
1.65715
1.65791
1.65698
1.65182
1.65243
1.65237
1.65157
1.64608
1.64774
1.64203
1.64194
1.64181
1.6419
1.64188
1.63647
1.63687
1.63656
1.63161
1.63153
1.63153
1.63154
1.63196
1.6267
1.62647
1.62634
1.6263
1.62154
1.62112
1.62132
1.62594
1.6261
1.63145
1.6364
1.64172
1.64728
1.65574
1.6665
1.6779
1.68811
1.69786
1.70399
1.71896
1.72938
1.74974
1.77032
1.78108
1.79134
1.80147
1.81137
1.81733
1.82216
1.83263
1.84785
1.84872
1.85416
1.85759
1.86824
1.86929
1.86882
1.87411
1.87461
1.87911
1.87935
1.87936
1.87894
1.87874
1.8798
1.87922
1.87397
1.87432
1.86853
1.86942
1.86875
1.86321
1.86434
1.85834
1.85424
1.84742
1.84466
1.84258
1.83918
1.83236
1.82809
1.82749
1.81802
1.812
1.81194
1.80773
1.80245
1.79697
1.79666
1.79106
1.79238
1.78632
1.78697
1.78142
1.78113
1.78074
1.77677
1.77598
1.77597
1.7762
1.7761
1.78135
1.78618
1.78166
1.78189
1.78527
1.78616
1.7914
1.79167
1.79155
1.79165
1.79167
1.79151
1.79153
1.79164
1.78673
1.78617
1.78668
1.78619
1.78667
1.78621
1.78669
1.78661
1.78601
1.7819
1.7772
1.77528
1.77568
1.77639
1.77122
1.77073
1.76533
1.76615
1.76059
1.76062
1.75537
1.75554
1.75073
1.75057
1.74524
1.74031
1.7401
1.74006
1.73504
1.73462
1.72945
1.72983
1.72452
1.72435
1.71983
1.71897
1.7195
1.71446
1.71431
1.70827
1.70953
1.7086
1.70923
1.70438
1.70422
1.70348
1.70367
1.70389
1.70379
1.69935
1.69817
1.70385
1.7039
1.6988
1.6986
1.6987
1.70303
1.69779
1.69936
1.70257
1.69863
1.70313
1.7034
1.70902
1.70361
1.70844
1.70901
1.70895
1.70896
1.709
1.70895
1.70888
1.71398
1.70918
1.70883
1.71446
1.71338
1.71355
1.71953
1.71421
1.71415
1.71412
1.71902
1.71861
1.71538
1.72055
1.71834
1.71877
1.71929
1.71934
1.71936
1.71924
1.72429
1.72496
1.72899
1.72968
1.73404
1.74031
1.75051
1.75448
1.76983
1.77621
1.79209
1.80052
1.80739
1.82802
1.83686
1.85283
1.86339
1.87861
1.88925
1.89441
1.90981
1.92007
1.93051
1.93583
1.94675
1.9511
1.95655
1.96711
1.97157
1.98289
1.98759
1.98783
1.99261
1.99762
1.99841
1.99858
2.00421
2.00742
2.00924
2.00841
2.00358
2.00877
2.00371
2.00307
2.00344
1.99894
1.99746
1.99814
1.99323
1.99306
1.99296
1.98838
1.98314
1.98229
1.97685
1.97306
1.97171
1.9663
1.96293
1.95634
1.94619
1.94674
1.93636
1.93606
1.93136
1.92669
1.92558
1.92054
1.92115
1.91057
1.91063
1.90532
1.9047
1.9049
1.90536
1.90525
1.90514
1.90519
1.90525
1.90512
1.90524
1.90513
1.90526
1.9
1.90446
1.89937
1.90056
1.90032
1.89979
1.8999
1.90018
1.89995
1.89515
1.89465
1.89477
1.8949
1.89004
1.88942
1.88999
1.88944
1.88536
1.88498
1.8793
1.87978
1.87414
1.87426
1.86894
1.86908
1.8645
1.86346
1.85806
1.85913
1.85363
1.85376
1.84846
1.84359
1.84289
1.83259
1.83326
1.82847
1.82223
1.82324
1.81809
1.81734
1.81175
1.80778
1.80273
1.79676
1.79682
1.79121
1.79181
1.78174
1.78095
1.77621
1.77648
1.77101
1.76595
1.76102
1.76026
1.75568
1.75033
1.75017
1.74469
1.74592
1.74063
1.73456
1.73022
1.72915
1.73009
1.72439
1.71972
1.71897
1.71902
1.71956
1.71469
1.71366
1.71457
1.70899
1.70894
1.7094
1.70883
1.70953
1.70363
1.70359
1.69872
1.69897
1.69842
1.69322
1.69368
1.69352
1.68864
1.68857
1.6882
1.68286
1.68305
1.67771
1.67818
1.67799
1.67806
1.67792
1.67309
1.67266
1.67277
1.67288
1.67284
1.67284
1.67283
1.66825
1.66727
1.66753
1.66777
1.66808
1.66739
1.66207
1.66293
1.65739
1.65732
1.65737
1.65314
1.65187
1.65211
1.65219
1.65211
1.65716
1.65738
1.66218
1.66271
1.66686
1.67277
1.67773
1.68803
1.69298
1.70838
1.71913
1.72387
1.74492
1.74972
1.77054
1.78051
1.79633
1.81149
1.83229
1.83782
1.84819
1.85775
1.86435
1.87986
1.88336
1.89349
1.90089
1.90605
1.90894
1.91968
1.92626
1.92547
1.93061
1.93615
1.93616
1.93606
1.94138
1.94619
1.94668
1.94627
1.94668
1.9463
1.94599
1.94647
1.94203
1.94115
1.94146
1.94141
1.94167
1.94124
1.93146
1.93133
1.92587
1.9202
1.91617
1.91103
1.90987
1.90535
1.90494
1.90099
1.89918
1.89589
1.89401
1.88437
1.88472
1.87929
1.87981
1.8692
1.86408
1.85926
1.85332
1.85363
1.8536
1.84854
1.84299
1.84349
1.84318
1.83836
1.83822
1.83794
1.838
1.83852
1.83285
1.83334
1.83257
