1.61631
1.61579
1.61627
1.61627
1.61584
1.61595
1.61611
1.61607
1.62091
1.61603
1.61559
1.62127
1.62123
1.62606
1.62623
1.63133
1.64191
1.65149
1.66198
1.66736
1.68292
1.68776
1.7135
1.719
1.73424
1.74459
1.75993
1.76594
1.78146
1.78558
1.79146
1.8011
1.80731
1.81136
1.82191
1.82788
1.83802
1.84261
1.84841
1.85338
1.85839
1.85902
1.86874
1.86918
1.87386
1.87439
1.87411
1.87867
1.88032
1.87959
1.87921
1.87931
1.88428
1.87966
1.87869
1.8797
1.87912
1.87925
1.87943
1.87932
1.87492
1.87368
1.87945
1.86951
1.86872
1.86892
1.86429
1.86352
1.85353
1.84894
1.84804
1.84414
1.83765
1.83285
1.82816
1.82331
1.81743
1.81196
1.81246
1.80663
1.80298
1.80112
1.79649
1.79697
1.79734
1.7914
1.7917
1.7915
1.79154
1.79163
1.79157
1.79158
1.79159
1.79647
1.79659
1.79646
1.7962
1.79716
1.8019
1.80152
1.80265
1.80196
1.80194
1.802
1.80182
1.80645
1.80636
1.80718
1.80706
1.80712
1.80721
1.80696
1.80624
1.80281
1.80126
1.80213
1.79711
1.79658
1.79681
1.79102
1.79159
1.78626
1.78676
1.78132
1.78141
1.77625
1.77635
1.77593
1.77176
1.77028
1.76551
1.76602
1.76116
1.76016
1.76132
1.76069
1.75603
1.75578
1.75075
1.74976
1.74582
1.74546
1.74454
1.73938
1.73594
1.73516
1.72971
1.72956
1.72434
1.72455
1.71971
1.71894
1.71415
1.71422
1.71432
1.71399
1.70838
1.70941
1.70341
1.69918
1.6983
1.6987
1.69295
1.69879
1.69369
1.69407
1.68813
1.6881
1.68818
1.68261
1.68356
1.6779
1.67814
1.67824
1.67808
1.68286
1.68259
1.68355
1.68356
1.68293
1.68809
1.68802
1.6886
1.69421
1.69783
1.69838
1.70382
1.7039
1.69885
1.69818
1.6986
1.69876
1.69857
1.69872
1.6987
1.69339
1.69346
1.6935
1.69348
1.69315
1.68892
1.68871
1.68321
1.68327
1.67858
1.67824
1.67787
1.67806
1.67841
1.67766
1.68306
1.68281
1.68738
1.69357
1.69854
1.70311
1.71897
1.72443
1.72889
1.74409
1.75531
1.76569
1.77505
1.79057
1.80172
1.81733
1.82195
1.83226
1.84804
1.85838
1.86843
1.87871
1.88899
1.89476
1.91047
1.92103
1.92036
1.93067
1.93611
1.93602
1.94122
1.94182
1.94085
1.94096
1.94127
1.94136
1.94131
1.94131
1.94129
1.94178
1.94209
1.93586
1.93658
1.93578
1.93169
1.93118
1.92596
1.92094
1.92088
1.91515
1.91574
1.91052
1.90537
1.90053
1.89959
1.89556
1.88935
1.89005
1.88456
1.87971
1.87458
1.87441
1.86915
1.86429
1.8587
1.85869
1.85317
1.84943
1.84284
1.84305
1.84374
1.84324
1.83773
1.83782
1.8379
1.83813
1.83803
1.83769
1.83832
1.83842
1.83782
1.83796
1.84262
1.84258
1.84866
1.84376
1.84765
1.84854
1.84845
1.84832
1.84827
1.84848
1.84845
1.84831
1.84846
1.85383
1.84845
1.84842
1.84835
1.8484
1.84837
1.84839
1.84838
1.84838
1.84838
1.84355
1.84303
1.84331
1.84321
1.83844
1.83832
1.83827
1.82828
1.82737
1.82313
1.82213
1.8229
1.81262
1.81196
1.80635
1.80808
1.797
1.7917
1.79191
1.78151
1.77621
1.77078
1.77103
1.76609
1.76101
1.75554
1.75082
1.74564
1.73984
1.73449
1.73011
1.72487
1.72473
1.71931
1.71397
1.70978
1.7049
1.70344
1.69375
1.6933
1.69367
1.6882
1.6836
1.67895
1.67243
1.67238
1.66869
1.66692
1.66249
1.66244
1.65685
1.65302
1.64653
1.64298
1.63806
1.63564
1.63079
1.62759
1.62738
1.62526
1.62234
1.61654
1.61574
1.6159
1.61614
1.61608
1.61647
1.61116
1.61072
1.61096
1.61086
1.61092
1.61084
1.61083
1.61093
1.61084
1.61092
1.61085
1.61091
1.6109
1.61087
1.61093
1.61083
1.61093
1.61092
1.61085
1.61086
1.6109
1.61096
1.61566
1.61638
1.61567
1.61672
1.61651
1.61524
1.61549
1.61605
1.61612
1.61651
1.62051
1.62068
1.62654
1.62112
1.6257
1.62616
1.62657
1.62618
1.63117
1.63185
1.63677
1.64106
1.64741
1.65759
1.66198
1.67726
1.68335
1.6991
1.70766
1.7238
1.73433
1.74443
1.75971
1.77061
1.79081
1.80151
1.81716
1.82731
1.83248
1.84814
1.85791
1.8689
1.87392
1.88415
1.88967
1.89459
1.89968
1.90509
1.91085
1.90999
1.91503
1.91587
1.91523
1.91578
1.91971
1.91559
1.91582
1.9211
1.92042
1.92115
1.91584
1.91534
1.90985
1.91064
1.90552
1.90503
1.90519
1.89939
1.90051
1.89457
1.89508
1.89
1.88468
1.88436
1.87895
1.87934
1.86962
1.86445
1.8634
1.85981
1.85338
1.85372
1.85338
1.84833
1.84364
1.83827
1.83744
1.8322
1.82898
1.8268
1.82767
1.8277
1.82254
1.82263
1.82264
1.82214
