1.65238
1.64715
1.64698
1.64134
1.64222
1.64192
1.6369
1.6367
1.63674
1.6372
1.63624
1.63136
1.63662
1.63183
1.63652
1.63649
1.63664
1.64116
1.64582
1.65278
1.65656
1.66697
1.6776
1.68838
1.69765
1.71369
1.72376
1.73474
1.76024
1.77587
1.78067
1.79104
1.80723
1.81625
1.83774
1.84809
1.85306
1.86342
1.86868
1.87412
1.8791
1.88447
1.88935
1.89386
1.90012
1.90463
1.90553
1.90983
1.91502
1.91545
1.91544
1.92044
1.92034
1.92097
1.9204
1.92578
1.92098
1.92083
1.92055
1.91502
1.9163
1.91119
1.90969
1.91039
1.90544
1.90054
1.89959
1.88981
1.88972
1.88542
1.88374
1.87333
1.87496
1.86868
1.8649
1.85365
1.84893
1.84305
1.83854
1.8388
1.83296
1.82835
1.82733
1.82314
1.82211
1.82293
1.82229
1.82278
1.82241
1.81769
1.81712
1.82249
1.8225
1.82272
1.82301
1.82711
1.82692
1.82837
1.82228
1.82774
1.82762
1.82782
1.83329
1.83298
1.83285
1.83302
1.83314
1.82749
1.82798
1.82306
1.82258
1.82257
1.82255
1.81753
1.81733
1.81744
1.81189
1.81299
1.80241
1.80161
1.79705
1.79642
1.79709
1.79164
1.78707
1.78597
1.78174
1.7768
1.77066
1.76596
1.76558
1.75563
1.76028
1.75597
1.75055
1.7505
1.74473
1.74541
1.7396
1.73497
1.73447
1.72464
1.72476
1.71432
1.71409
1.71385
1.70951
1.69914
1.69824
1.69344
1.68909
1.68402
1.68286
1.67894
1.67249
1.67316
1.66806
1.66784
1.66765
1.66232
1.66264
1.66243
1.66292
1.66222
1.65709
1.66239
1.65727
1.66227
1.66274
1.65744
1.65729
1.65739
1.6574
1.65732
1.65741
1.65725
1.65724
1.65746
1.65743
1.65728
1.65741
1.6573
1.65739
1.65732
1.65733
1.65735
1.65726
1.65745
1.65745
1.65726
1.65776
1.65796
1.65694
1.65719
1.65743
1.65735
1.65737
1.65732
1.65781
1.65733
1.65216
1.65216
1.65228
1.65233
1.65204
1.65206
1.65237
1.65208
1.65218
1.6517
1.65263
1.65702
1.66201
1.67277
1.67727
1.68765
1.69823
1.71924
1.72866
1.74411
1.76498
1.78039
1.7912
1.8066
1.81679
1.82687
1.83777
1.84855
1.85792
1.86844
1.87878
1.88426
1.8897
1.89417
1.90509
1.91006
1.91509
1.92072
1.92058
1.92553
1.93051
1.93074
1.93605
1.93642
1.93594
1.93632
1.93625
1.93609
1.93118
1.93605
1.9367
1.93108
1.93093
1.9306
1.92648
1.92628
1.92022
1.9204
1.92085
1.92054
1.91595
1.91511
1.91626
1.91073
1.90518
1.90076
1.89941
1.8957
1.89099
1.88423
1.8795
1.87422
1.86942
1.86366
1.85954
1.85886
1.8538
1.85337
1.84884
1.84355
1.84389
1.84797
1.84302
1.84332
1.84807
1.84372
1.84287
1.84346
1.84263
1.84814
1.84823
1.84902
1.84828
1.84835
1.84839
1.84887
1.84801
1.85354
1.85272
1.8489
1.84836
1.84833
1.84892
1.84891
1.8483
1.84285
1.84354
1.84295
1.84218
1.83918
1.83875
1.83753
1.83746
1.83364
1.83272
1.82854
1.8286
1.82224
1.81757
1.81732
1.81255
1.80737
1.80698
1.80265
1.80177
1.79623
1.79709
1.79186
1.78702
1.78588
1.7805
1.77746
1.77203
1.77016
1.77095
1.76606
1.76554
1.75996
1.76107
1.75532
1.75569
1.74548
1.74481
1.74093
1.73449
1.72978
1.72512
1.71936
1.7192
1.70886
1.70908
1.70386
1.69934
1.69414
1.69788
1.69477
1.69434
1.69324
1.68816
1.68845
1.68357
1.68286
1.68375
1.68343
1.68299
1.67768
1.67823
1.67794
1.67811
1.67886
1.67244
1.67258
1.67304
1.66814
1.67254
1.66828
1.66714
1.66849
1.66705
1.66733
1.66835
1.66835
1.66683
1.66302
1.66242
1.66744
1.66329
1.66191
1.66263
1.66731
1.66782
1.6631
1.66204
1.66856
1.66317
1.66195
1.66302
1.66289
1.66218
1.66264
1.66206
1.66256
1.65759
1.65747
1.65234
1.65258
1.65189
1.65185
1.6465
1.64789
1.64638
1.64172
1.63709
1.63659
1.63212
1.63597
1.63629
1.63699
1.64214
1.64618
1.65203
1.65682
1.66753
1.6779
1.68773
1.70338
1.70858
1.71853
1.72962
1.73893
1.74518
1.7653
1.77543
1.79067
1.80166
1.81242
1.82135
1.83327
1.84865
1.85299
1.86967
1.87825
1.8889
1.8899
1.90077
1.90433
1.90969
1.91075
1.91456
1.92049
1.92067
1.92547
1.92616
1.92641
1.92536
1.92553
1.92606
1.93053
1.92502
1.92644
1.92616
1.92602
1.92037
1.92083
1.92068
1.9151
1.91062
1.91021
1.91042
1.90518
1.90515
1.89947
1.89595
1.89051
1.88918
1.88426
1.87978
1.87463
1.86947
1.86868
1.86349
1.8646
1.85886
1.85905
1.8535
1.85323
1.84893
1.84915
1.84328
1.84323
1.84321
1.83804
1.83804
1.83824
1.83796
1.83806
1.83768
1.83786
1.8333
1.83747
