1.67791
1.68775
1.7032
1.71354
1.72395
1.7297
1.73888
1.74521
1.76102
1.76469
1.781
1.79078
1.79664
1.80657
1.81231
1.8166
1.82253
1.83857
1.84249
1.84752
1.85351
1.85795
1.85888
1.86416
1.86851
1.87318
1.87495
1.87401
1.87946
1.87926
1.87935
1.87967
1.88529
1.87947
1.87945
1.87936
1.87938
1.87934
1.879
1.87475
1.87379
1.86868
1.86923
1.86359
1.86418
1.8591
1.85361
1.85873
1.85391
1.84869
1.84815
1.838
1.83318
1.82808
1.82796
1.82264
1.81812
1.81683
1.81341
1.80729
1.80688
1.79654
1.79705
1.79195
1.79127
1.78662
1.78694
1.78112
1.78147
1.78103
1.7815
1.78104
1.78072
1.78173
1.78158
1.78101
1.78111
1.78138
1.7814
1.78634
1.78654
1.79193
1.7913
1.79167
1.79119
1.79194
1.79617
1.79715
1.79697
1.80108
1.80145
1.80225
1.80168
1.80208
1.80669
1.80248
1.80222
1.8017
1.79693
1.79667
1.79681
1.7967
1.79682
1.79683
1.79675
1.79186
1.7865
1.79162
1.78671
1.7862
1.7817
1.78093
1.78104
1.78182
1.77616
1.77613
1.7712
1.77074
1.77108
1.76604
1.76554
1.76517
1.76137
1.76003
1.76
1.76105
1.75585
1.75479
1.74995
1.75049
1.75016
1.74588
1.74458
1.74552
1.74571
1.74504
1.74008
1.73991
1.73509
1.73906
1.73538
1.7412
1.73418
1.73445
1.73504
1.73491
1.73472
1.73484
1.73481
1.73479
1.73024
1.72913
1.72962
1.7248
1.72384
1.72047
1.71846
1.71546
1.71487
1.70882
1.70868
1.70431
1.70345
1.69882
1.69851
1.69408
1.69307
1.68834
1.68832
1.68869
1.68809
1.68855
1.68775
1.68372
1.67782
1.67856
1.6776
1.67829
1.67813
1.67311
1.67269
1.67296
1.67274
1.67256
1.67311
1.66815
1.66729
1.66744
1.66785
1.66797
1.66294
1.66714
1.66316
1.66207
1.66281
1.66232
1.66288
1.65692
1.65739
1.6569
1.66257
1.66254
1.6625
1.66787
1.67243
1.67726
1.68335
1.68749
1.69765
1.70393
1.7199
1.72323
1.73927
1.7502
1.75957
1.7708
1.78073
1.78605
1.80653
1.81192
1.83242
1.83779
1.84749
1.85399
1.86244
1.86988
1.88018
1.88844
1.89958
1.90515
1.90963
1.9158
1.92007
1.92112
1.93154
1.93014
1.94054
1.94195
1.94081
1.94694
1.94614
1.9517
1.95116
1.95148
1.95725
1.95645
1.95671
1.9572
1.95645
1.95653
1.95748
1.95618
1.95607
1.95295
1.95061
1.95103
1.94683
1.94663
1.9464
1.94648
1.94689
1.94103
1.9371
1.93673
1.93614
1.92626
1.92554
1.92601
1.91568
1.91577
1.91043
1.90581
1.90053
1.89951
1.89568
1.89022
1.88472
1.87972
1.87423
1.8742
1.86971
1.86892
1.86897
1.86428
1.8642
1.86359
1.8641
1.86368
1.85878
1.85869
1.85872
1.85874
1.85877
1.85863
1.86376
1.86398
1.86375
1.86399
1.86376
1.86397
1.86395
1.86381
1.85937
1.85822
1.86434
1.86396
1.8589
1.85859
1.85879
1.85836
1.85314
1.85381
1.85339
1.84807
1.84867
1.84316
1.84325
1.83805
1.83804
1.83382
1.82689
1.82677
1.82365
1.82326
1.81716
1.81317
1.81154
1.80833
1.80611
1.80301
1.79656
1.79695
1.79177
1.7914
1.78698
1.78103
1.78159
1.77645
1.77131
1.77072
1.76516
1.76178
1.75971
1.75684
1.7495
1.75047
1.74588
1.74454
1.7395
1.74023
1.73535
1.73434
1.73515
1.73006
1.72934
1.73026
1.72467
1.71971
1.71902
1.71437
1.71389
1.70958
1.70889
1.70911
1.704
1.70415
1.6984
1.69926
1.69404
1.69348
1.6886
1.68811
1.68307
1.67843
1.67834
1.6777
1.6738
1.67345
1.67277
1.67328
1.67251
1.66782
1.66758
1.66774
1.66764
1.6677
1.66774
1.66218
1.66269
1.66244
1.66251
1.66256
1.66287
1.66318
1.65751
1.65741
1.65737
1.65729
1.65732
1.65731
1.65151
1.65274
1.65262
1.6518
1.64646
1.6475
1.64663
1.64741
1.64182
1.64195
1.64198
1.64174
1.63731
1.63621
1.64196
1.63691
1.63653
1.63725
1.63158
1.63179
1.63124
1.62695
1.6265
1.63107
1.63123
1.63143
1.63154
1.63638
1.63653
1.64172
1.64677
1.64685
1.65157
1.65714
1.66719
1.67665
1.6888
1.70396
1.713
1.72433
1.73993
1.74889
1.76447
1.77606
1.80161
1.81182
1.82792
1.8369
1.84728
1.85853
1.86337
1.87387
1.87436
1.88442
1.88949
1.89507
1.89913
1.90521
1.91036
1.91524
1.91527
1.91533
1.91556
1.91988
1.92098
1.92121
1.92513
1.92629
1.92065
1.92593
1.92575
1.92549
1.92612
1.92558
1.92159
1.91992
1.92021
1.91613
1.91581
1.91528
1.90973
1.90631
1.90438
1.90572
1.90491
1.9004
1.8953
1.8945
1.88403
1.88943
1.88548
1.87488
1.87368
1.86912
1.86932
1.86367
1.85928
1.85816
1.85254
1.85437
