1.80667
1.81188
1.82265
1.82246
1.83276
1.83792
1.84295
1.84308
1.84818
1.8485
1.84839
1.85284
1.85311
1.85391
1.85773
1.85946
1.85778
1.85937
1.85902
1.85851
1.85914
1.85793
1.85937
1.85817
1.85915
1.85836
1.85427
1.85305
1.85387
1.84884
1.85294
1.84916
1.84744
1.84422
1.84384
1.83746
1.83288
1.83285
1.82712
1.82373
1.82172
1.81732
1.81743
1.80742
1.80691
1.80232
1.79677
1.79677
1.79183
1.78613
1.78086
1.77715
1.7753
1.77572
1.77678
1.77101
1.77057
1.76554
1.76584
1.76624
1.76054
1.76586
1.7662
1.76573
1.76629
1.76621
1.76539
1.7655
1.77046
1.77091
1.77092
1.77095
1.77581
1.7763
1.78142
1.78111
1.78114
1.78094
1.7818
1.78533
1.78726
1.78688
1.7861
1.78665
1.78627
1.78653
1.78646
1.78641
1.78643
1.78606
1.78667
1.78102
1.78146
1.7811
1.78116
1.78134
1.77564
1.77643
1.77588
1.77625
1.7761
1.77115
1.76552
1.76594
1.76121
1.76016
1.75606
1.75566
1.75579
1.75081
1.745
1.74522
1.73981
1.73976
1.7355
1.7294
1.725
1.72408
1.71976
1.71933
1.71934
1.71423
1.71402
1.70919
1.70882
1.70883
1.7043
1.7042
1.7039
1.70374
1.69852
1.69877
1.69293
1.69394
1.69377
1.69371
1.68825
1.68836
1.68324
1.68313
1.68322
1.68311
1.68322
1.68275
1.67865
1.67747
1.67843
1.67827
1.6778
1.6727
1.67297
1.67797
1.6732
1.67252
1.67354
1.66745
1.66796
1.66739
1.66798
1.6635
1.66173
1.66175
1.66309
1.66282
1.66274
1.66229
1.65686
1.65777
1.65807
1.65681
1.65177
1.65251
1.65197
1.65211
1.65222
1.64736
1.64675
1.64686
1.64677
1.64195
1.64183
1.64181
1.64218
1.63675
1.63664
1.63665
1.64163
1.63634
1.63216
1.63198
1.63115
1.63121
1.63225
1.63134
1.63168
1.63142
1.63162
1.63652
1.64174
1.64194
1.64618
1.65218
1.65705
1.66198
1.66738
1.69291
1.69883
1.719
1.72393
1.74448
1.75495
1.77017
1.78045
1.80119
1.80689
1.82738
1.83249
1.84284
1.85888
1.8679
1.8782
1.88469
1.88924
1.90546
1.90934
1.92025
1.92581
1.9359
1.94569
1.95128
1.95682
1.96117
1.9659
1.96812
1.97812
1.97684
1.98282
1.98248
1.9876
1.98756
1.99258
1.99314
1.99294
1.993
1.99341
1.99698
1.99904
1.99835
1.99831
1.99737
1.99913
1.99329
1.99271
1.99311
1.99285
1.98821
1.98741
1.98208
1.98305
1.97721
1.97316
1.97212
1.9666
1.96225
1.95756
1.95626
1.95172
1.95155
1.95138
1.94607
1.9468
1.94148
1.94611
1.94092
1.94607
1.94199
1.94075
1.94179
1.94094
1.94108
1.9415
1.94142
1.94124
1.94137
1.94128
1.94134
1.9413
1.94131
1.94132
1.94132
1.9412
1.94183
1.93617
1.93625
1.93614
1.9312
1.93079
1.93079
1.92627
1.9255
1.92608
1.92052
1.92079
1.91629
1.91493
1.91078
1.90995
1.91067
1.90577
1.90465
1.90064
1.89469
1.89494
1.89001
1.8849
1.87971
1.87923
1.86953
1.86882
1.86428
1.8636
1.85923
1.85862
1.85397
1.8482
1.84401
1.84356
1.83822
1.83338
1.82829
1.82729
1.82179
1.81832
1.81343
1.81139
1.80802
1.80259
1.8019
1.797
1.79168
1.79156
1.78669
1.7862
1.77685
1.77621
1.77113
1.77069
1.77157
1.76594
1.76572
1.76619
1.76066
1.75628
1.7548
1.75508
1.7509
1.74982
1.75106
1.7501
1.74554
1.7458
1.73969
1.73536
1.73433
1.72969
1.73448
1.72922
1.72959
1.72928
1.72378
1.72538
1.72439
1.71972
1.71431
1.71393
1.70911
1.70891
1.70901
1.70898
1.70451
1.70324
1.70383
1.70385
1.69866
1.70351
1.69815
1.69914
1.69295
1.69309
1.69383
1.69378
1.68875
1.68804
1.68852
1.68828
1.68347
1.67842
1.67733
1.67269
1.67302
1.67302
1.66819
1.67223
1.66718
1.66844
1.66312
1.66174
1.65726
1.65736
1.65739
1.65239
1.65213
1.65214
1.65206
1.65232
1.65231
1.65215
1.65216
1.65221
1.65213
1.65226
1.65211
1.65671
1.65785
1.66183
1.66697
1.67264
1.68241
1.68868
1.69889
1.70284
1.71434
1.71837
1.72943
1.73457
1.74519
1.75436
1.76999
1.7814
1.78555
1.80175
1.81137
1.82237
1.82708
1.84322
1.84803
1.85313
1.85874
1.86355
1.8686
1.8693
1.87336
1.87476
1.87873
1.87936
1.88411
1.88451
1.8846
1.88443
1.88443
1.88461
1.88445
1.88369
1.88515
1.88029
1.87864
1.87895
1.87485
1.8737
1.86947
1.86905
1.86893
1.8647
1.86436
1.86317
1.85951
1.85812
1.85431
1.85298
1.84907
1.84796
1.84416
1.83916
1.83769
1.83343
1.82767
1.82779
1.8281
1.81727
1.81752
1.81181
1.80772
1.80661
1.8026
1.80184
1.79747
1.79666
1.79195
1.79131
1.78626
