1.6103
1.61042
1.61127
1.61644
1.61144
1.61534
1.61593
1.62102
1.62589
1.62675
1.63052
1.63678
1.64152
1.64209
1.65719
1.66722
1.67727
1.68788
1.69786
1.70865
1.7136
1.72919
1.73441
1.7497
1.75515
1.77119
1.77561
1.78086
1.79103
1.79656
1.80653
1.81234
1.82276
1.82724
1.83236
1.8332
1.83789
1.83826
1.84264
1.84364
1.8488
1.84854
1.84803
1.84813
1.84868
1.84321
1.84314
1.84331
1.83885
1.83745
1.83766
1.83838
1.83823
1.83343
1.83249
1.83319
1.82808
1.82229
1.81751
1.81773
1.81273
1.81187
1.81253
1.80208
1.80184
1.79198
1.79128
1.78701
1.78073
1.7817
1.77609
1.77041
1.76686
1.76676
1.76017
1.76136
1.75565
1.75008
1.75021
1.7504
1.74534
1.74493
1.74491
1.74532
1.74495
1.74527
1.74567
1.74459
1.74525
1.74493
1.74532
1.74497
1.74991
1.75019
1.74988
1.75062
1.7505
1.75012
1.75019
1.75524
1.75031
1.75481
1.75557
1.75505
1.75574
1.7556
1.75534
1.75552
1.75547
1.75544
1.75545
1.75544
1.7551
1.75073
1.74994
1.75052
1.75048
1.7449
1.74542
1.74005
1.73948
1.73509
1.73001
1.72943
1.72474
1.72425
1.72436
1.72452
1.71915
1.7145
1.70897
1.70907
1.7046
1.70322
1.70466
1.70361
1.70435
1.69854
1.69316
1.69371
1.69336
1.68832
1.68839
1.68398
1.68254
1.68325
1.67824
1.6778
1.67824
1.67249
1.67321
1.66838
1.66703
1.66273
1.66241
1.66254
1.66289
1.66263
1.65794
1.65689
1.65769
1.65718
1.65257
1.65225
1.6522
1.65213
1.65227
1.65209
1.65271
1.64731
1.65182
1.64652
1.64731
1.64689
1.64627
1.64754
1.64191
1.64221
1.63656
1.63693
1.63641
1.63696
1.63167
1.63095
1.63063
1.63679
1.63166
1.63142
1.6372
1.63592
1.63622
1.6322
1.63193
1.63122
1.63134
1.63168
1.63161
1.6319
1.63182
1.63129
1.6314
1.631
1.62661
1.62632
1.63093
1.63001
1.63267
1.6307
1.63737
1.64107
1.64245
1.64666
1.65178
1.66205
1.66736
1.67724
1.68743
1.69347
1.71364
1.71935
1.72858
1.74407
1.75522
1.77075
1.77552
1.79171
1.80078
1.81721
1.82194
1.8328
1.84801
1.85345
1.86361
1.86854
1.87898
1.88409
1.89013
1.89532
1.8993
1.90467
1.91036
1.91592
1.92014
1.92094
1.92611
1.93104
1.92639
1.93111
1.93139
1.93059
1.93184
1.9262
1.92564
1.92577
1.92565
1.92156
1.9252
1.92043
1.9208
1.91589
1.91517
1.91578
1.9104
1.91031
1.90551
1.90536
1.90057
1.89566
1.89422
1.89033
1.88879
1.88558
1.88064
1.87365
1.8698
1.86948
1.86914
1.86411
1.85886
1.85928
1.85822
1.85365
1.85338
1.85379
1.85382
1.85371
1.85371
1.8534
1.85344
1.85363
1.85348
1.85351
1.85802
1.85319
1.85829
1.85424
1.85341
1.85848
1.85896
1.85849
1.85855
1.85893
1.8584
1.85347
1.85326
1.85339
1.85369
1.84882
1.8481
1.84829
1.84842
1.84838
1.84357
1.84291
1.84349
1.84334
1.83828
1.83864
1.83798
1.83365
1.8337
1.82781
1.82774
1.82289
1.8167
1.81792
1.812
1.81285
1.80757
1.80189
1.79689
1.79632
1.79223
1.79109
1.78718
1.78214
1.78055
1.78076
1.77683
1.7755
1.77701
1.77055
1.77121
1.76626
1.76534
1.76033
1.76084
1.75597
1.7502
1.75038
1.75057
1.75041
1.75024
1.74459
1.74061
1.7346
1.7298
1.72952
1.72392
1.72039
1.7152
1.71335
1.71473
1.70928
1.70874
1.70428
1.70352
1.70403
1.69947
1.69807
1.69883
1.69854
1.69914
1.69834
1.69842
1.69353
1.69357
1.69367
1.6933
1.69367
1.69277
1.69406
1.69332
1.69366
1.69314
1.68844
1.68829
1.68845
1.68851
1.68858
1.68361
1.6829
1.68331
1.68317
1.68319
1.67866
1.67746
1.67769
1.67826
1.6729
1.67321
1.67745
1.67881
1.67769
1.67334
1.6731
1.67265
1.67294
1.67238
1.6781
1.67752
1.68813
1.69328
1.69853
1.70321
1.70387
1.71395
1.71909
1.73472
1.74414
1.75947
1.7664
1.77494
1.79084
1.80145
1.8163
1.82271
1.83816
1.84738
1.85351
1.85852
1.86317
1.86897
1.8799
1.88372
1.89425
1.8998
1.91053
1.91528
1.92031
1.92096
1.9253
1.92481
1.93146
1.93125
1.93569
1.93051
1.93134
1.93117
1.93044
1.93145
1.93129
1.93076
1.93091
1.93104
1.92616
1.92564
1.9259
1.92604
1.92089
1.91596
1.91476
1.91018
1.91052
1.90519
1.90515
1.90041
1.89555
1.8991
1.88893
1.88545
1.88382
1.87539
1.87526
1.86854
1.86305
1.86456
1.85886
1.85381
1.85327
1.84761
1.84903
1.84312
1.84331
1.84328
1.84361
1.83838
1.84306
1.83851
1.83731
1.83268
1.83307
1.83301
1.83323
1.83321
1.83304
1.82808
1.82746
1.82794
1.82757
