1.72569
1.72353
1.71948
1.71918
1.71939
1.71426
1.7145
1.7091
1.70392
1.6989
1.69847
1.69879
1.69355
1.68896
1.68869
1.68847
1.68337
1.6834
1.68303
1.67841
1.67825
1.67257
1.67227
1.66844
1.66708
1.66817
1.6677
1.66805
1.66292
1.66224
1.66248
1.65721
1.65716
1.65753
1.65272
1.65242
1.65205
1.65216
1.65261
1.65122
1.65257
1.64699
1.64708
1.64695
1.64694
1.64708
1.65185
1.65247
1.66277
1.66218
1.67285
1.68258
1.69269
1.69853
1.72384
1.72974
1.74518
1.75436
1.77029
1.78076
1.80726
1.81629
1.83784
1.8539
1.85322
1.86351
1.87367
1.88388
1.88946
1.89959
1.90429
1.91029
1.91512
1.92068
1.92064
1.9255
1.93102
1.93129
1.93649
1.94074
1.93999
1.94202
1.94073
1.9458
1.947
1.94638
1.9466
1.94636
1.94659
1.9462
1.94184
1.94157
1.94079
1.94166
1.93646
1.93592
1.93153
1.93052
1.92565
1.92603
1.92034
1.91604
1.91513
1.90502
1.90533
1.89956
1.89553
1.89005
1.8846
1.88441
1.8796
1.87879
1.86942
1.86972
1.86401
1.86378
1.8639
1.8642
1.85853
1.8589
1.85889
1.85855
1.85881
1.86385
1.86405
1.86381
1.86392
1.86868
1.86892
1.86872
1.86893
1.86908
1.86901
1.86907
1.86908
1.86899
1.86868
1.8693
1.86917
1.86894
1.86393
1.86379
1.86396
1.86396
1.8638
1.85831
1.86395
1.85901
1.85848
1.85389
1.85327
1.84787
1.84889
1.84413
1.84253
1.83826
1.83793
1.83321
1.83264
1.82317
1.81792
1.817
1.81142
1.80806
1.80292
1.80107
1.79598
1.79254
1.78592
1.7815
1.78596
1.77585
1.77631
1.77142
1.77062
1.76669
1.76637
1.7604
1.75564
1.75529
1.74984
1.75065
1.74552
1.73959
1.73461
1.73043
1.72998
1.72985
1.72458
1.71875
1.71378
1.71439
1.70893
1.70904
1.70891
1.70947
1.70375
1.70384
1.70345
1.70407
1.69807
1.69917
1.69821
1.69909
1.69342
1.69356
1.69374
1.69322
1.69324
1.69372
1.69294
1.6932
1.69813
1.70317
1.70914
1.7188
1.72456
1.72924
1.73478
1.74409
1.75043
1.7655
1.77039
1.78602
1.80096
1.81653
1.82283
1.83213
1.84827
1.85804
1.87377
1.87939
1.88375
1.88993
1.89401
1.89991
1.91504
1.92099
1.9252
1.93083
1.93583
1.93588
1.94077
1.94178
1.94657
1.94641
1.95181
1.95152
1.95157
1.95213
1.95267
1.95077
1.94561
1.94717
1.94594
1.94071
1.94183
1.93623
1.93651
1.92633
1.92542
1.91589
1.91522
1.90993
1.90618
1.90123
1.89469
1.89493
1.88429
1.88512
1.87965
1.87427
1.86406
1.86374
1.85908
1.85851
1.85399
1.84831
1.84377
1.84288
1.83282
1.83289
1.83337
1.82765
1.82787
1.82273
1.81761
1.81842
1.81277
1.81175
1.81267
1.80688
1.80718
1.80189
1.80199
1.80202
1.80181
1.80184
1.80201
1.7915
1.79647
1.79205
1.79128
1.78692
1.78604
1.78139
1.78602
1.78172
1.776
1.77591
1.77594
1.77062
1.76631
1.76158
1.75992
1.76109
1.76029
1.75602
1.75498
1.74965
1.75124
1.74099
1.73921
1.73513
1.73453
1.73019
1.72507
1.72409
1.71918
1.71486
1.70995
1.70833
1.70939
1.69914
1.69841
1.6929
1.68348
1.68788
1.67826
1.67776
1.6779
1.67316
1.66817
1.6673
1.66803
1.66251
1.66256
1.66286
1.65743
1.65253
1.65185
1.65184
1.64771
1.64638
1.64071
1.64282
1.63725
1.63625
1.63103
1.63191
1.63169
1.62621
1.62693
1.62127
1.62118
1.61676
1.6155
1.6165
1.61568
1.61152
1.61038
1.61059
1.6111
1.60576
1.61061
1.61103
1.60601
1.60539
1.61093
1.60561
1.60619
1.60565
1.60589
1.60056
1.60015
1.60087
1.6008
1.59547
1.59534
1.59552
1.59523
1.58997
1.59048
1.59036
1.59013
1.59464
1.59071
1.59495
1.60056
1.60579
1.61021
1.62083
1.62585
1.641
1.6474
1.65112
1.66647
1.67833
1.68834
1.69768
1.71367
1.71935
1.72861
1.73924
1.7502
1.7547
1.76572
1.77589
1.78075
1.78611
1.79646
1.79694
1.80743
1.80679
1.81729
1.81701
1.82263
1.82759
1.82773
1.83296
1.83288
1.83293
1.83774
1.83824
1.83808
1.83806
1.84328
1.84317
1.84326
1.84283
1.84348
1.84332
1.84317
1.84322
1.84321
1.83824
1.83795
1.83811
1.83261
1.83311
1.82778
1.8277
1.82325
1.82207
1.81812
1.81194
1.81744
1.81247
1.8066
1.80266
1.79728
1.79672
1.79196
1.7913
1.78103
1.78102
1.77667
1.77081
1.77626
1.77119
1.7712
1.76623
1.76552
1.77095
1.76542
1.76597
1.77057
1.76525
1.76606
1.7658
1.7658
1.76618
1.76516
1.76536
1.77101
1.76553
1.77086
1.76572
1.76581
1.76578
1.76578
1.76537
1.76601
1.76551
1.76563
1.76056
1.76075
1.76042
1.76081
1.76123
