1.6414
1.63587
1.63731
1.63624
1.63256
1.6308
1.63205
1.63146
1.62676
1.62659
1.62664
1.62654
1.62097
1.62143
1.61693
1.61982
1.617
1.6109
1.61113
1.61058
1.61057
1.60636
1.60537
1.60032
1.6007
1.60064
1.6006
1.60561
1.61045
1.6156
1.62097
1.63117
1.64115
1.65166
1.65749
1.67298
1.6771
1.70267
1.70913
1.72457
1.73856
1.74541
1.76602
1.77495
1.79103
1.80136
1.81718
1.82724
1.84818
1.85293
1.86915
1.87823
1.8835
1.89013
1.90052
1.89956
1.90485
1.91518
1.91537
1.91991
1.92609
1.92565
1.92598
1.93086
1.93102
1.93093
1.93091
1.93108
1.93091
1.93106
1.93026
1.92663
1.92658
1.92046
1.92059
1.91589
1.91522
1.91017
1.91049
1.90512
1.90033
1.89569
1.89424
1.89571
1.88504
1.88417
1.87425
1.87413
1.86982
1.8646
1.85843
1.85364
1.85387
1.84383
1.84276
1.83791
1.8333
1.82812
1.82345
1.82195
1.82272
1.81755
1.8174
1.81745
1.81699
1.81175
1.81705
1.81609
1.81365
1.81289
1.81778
1.81668
1.81708
1.81765
1.81683
1.81783
1.82252
1.82297
1.8228
1.8224
1.82248
1.82785
1.82729
1.82759
1.8234
1.82639
1.82703
1.82781
1.82757
1.8234
1.82218
1.81753
1.8173
1.81238
1.80713
1.80684
1.80779
1.79772
1.79601
1.79256
1.78749
1.7855
1.78053
1.78228
1.77651
1.7713
1.76556
1.76585
1.76004
1.76106
1.75537
1.75074
1.74054
1.74026
1.73487
1.73036
1.72912
1.72411
1.72474
1.71911
1.71507
1.71454
1.70896
1.70896
1.70418
1.70454
1.70314
1.69785
1.69407
1.69388
1.69317
1.68885
1.6879
1.68781
1.68384
1.6827
1.68349
1.6829
1.67726
1.67858
1.67388
1.67208
1.673
1.66277
1.66713
1.66284
1.66224
1.66273
1.66232
1.6623
1.66201
1.65794
1.65759
1.65721
1.65145
1.65285
1.65269
1.65174
1.65187
1.65244
1.65198
1.65206
1.65193
1.65209
1.65223
1.65218
1.65707
1.65718
1.66206
1.66735
1.67769
1.68308
1.69365
1.7031
1.71897
1.72892
1.73979
1.75965
1.7707
1.79126
1.8007
1.81221
1.83226
1.84307
1.86352
1.87346
1.88883
1.90001
1.91586
1.92014
1.93031
1.94031
1.95146
1.95609
1.96665
1.977
1.98227
1.98776
1.99265
1.99765
2.00351
2.00757
2.0136
2.01851
2.02374
2.01931
2.02275
2.02978
2.0286
2.03319
2.03511
2.03358
2.03385
2.03456
2.03442
2.03414
2.0342
2.02905
2.02917
2.02899
2.02884
2.02477
2.02429
2.02371
2.01844
2.01898
2.01417
2.01317
2.00948
2.00763
1.99808
1.99816
1.99285
1.98855
1.98724
1.97735
1.9723
1.9675
1.95657
1.95209
1.95222
1.95125
1.94162
1.94109
1.93552
1.9366
1.93112
1.93585
1.93137
1.931
1.93104
1.93102
1.93097
1.93136
1.93113
1.93097
1.93108
1.93577
1.931
1.93589
1.93126
1.93078
1.9308
1.93605
1.93073
1.92672
1.92517
1.92626
1.92607
1.92562
1.9214
1.91521
1.91568
1.91098
1.90949
1.90424
1.90625
1.89581
1.89422
1.89079
1.8857
1.87928
1.87496
1.87361
1.86856
1.86487
1.86355
1.85825
1.85428
1.84928
1.84803
1.83917
1.83718
1.83203
1.82871
1.82375
1.82174
1.81181
1.81262
1.81196
1.80765
1.80178
1.80248
1.79158
1.781
1.78151
1.78109
1.77594
1.77134
1.76586
1.76042
1.75558
1.75533
1.75075
1.74499
1.74558
1.73541
1.73476
1.73037
1.72905
1.72976
1.72467
1.71949
1.71917
1.71442
1.7135
1.70852
1.70932
1.69829
1.69346
1.69363
1.68797
1.68864
1.68365
1.68773
1.6826
1.67913
1.67835
1.67775
1.67256
1.67303
1.66782
1.66798
1.66746
1.66758
1.66249
1.66261
1.66241
1.66181
1.65823
1.65801
1.6519
1.65195
1.65239
1.65201
1.64706
1.64704
1.64142
1.64214
1.64169
1.63749
1.63615
1.63706
1.63683
1.63706
1.63653
1.63681
1.63675
1.64155
1.6469
1.65209
1.65667
1.66748
1.67716
1.68734
1.69838
1.70854
1.72415
1.73405
1.7552
1.7653
1.78562
1.79636
1.80631
1.82125
1.83291
1.84797
1.85314
1.87383
1.87927
1.88911
1.89011
1.89864
1.90553
1.91552
1.91997
1.93021
1.93645
1.93589
1.94119
1.94633
1.95101
1.95615
1.95688
1.95771
1.96099
1.9667
1.96751
1.9717
1.97183
1.97315
1.97293
1.97177
1.97273
1.97222
1.97232
1.96659
1.96754
1.96161
1.96228
1.96225
1.95687
1.95719
1.9516
1.9469
1.94238
1.94049
1.93555
1.93173
1.93049
1.92082
1.92059
1.9107
1.90602
1.90009
1.9004
1.89487
1.88922
1.89043
1.87982
1.87454
1.86852
1.86421
1.86402
1.86378
1.85861
1.85878
1.85789
1.85398
1.85898
1.8586
1.85747
1.85788
1.85937
1.86299
1.86357
1.86404
1.86373
1.86379
1.86394
