1.57522
1.57508
1.57436
1.57512
1.57006
1.56939
1.56482
1.56451
1.56929
1.56409
1.56507
1.5594
1.55915
1.55932
1.55446
1.55371
1.55366
1.55449
1.54994
1.55259
1.55532
1.55492
1.55342
1.55366
1.56372
1.57488
1.57953
1.59518
1.59996
1.61561
1.62568
1.64144
1.65145
1.66214
1.68257
1.69285
1.71345
1.72401
1.73971
1.75421
1.76927
1.77669
1.7849
1.80069
1.81217
1.82814
1.83183
1.84814
1.85344
1.85802
1.86889
1.87355
1.87904
1.88937
1.8895
1.89398
1.89556
1.90059
1.89963
1.90561
1.90479
1.90986
1.90577
1.91078
1.91002
1.91061
1.90528
1.90576
1.90472
1.90071
1.90049
1.89961
1.89401
1.89552
1.88505
1.88417
1.88475
1.87465
1.8739
1.86376
1.86401
1.85327
1.84888
1.84375
1.8384
1.83347
1.83239
1.82257
1.82266
1.81761
1.81745
1.81261
1.80778
1.80649
1.80222
1.8017
1.80204
1.80181
1.79635
1.79711
1.79645
1.79654
1.80138
1.79615
1.79723
1.79728
1.80124
1.80244
1.80171
1.8017
1.80183
1.80197
1.80242
1.80111
1.80704
1.8072
1.80734
1.80676
1.80632
1.80283
1.80226
1.80162
1.80217
1.79665
1.79682
1.79233
1.7914
1.79179
1.78678
1.78161
1.78113
1.781
1.77656
1.77187
1.77027
1.7714
1.76606
1.76559
1.75496
1.75588
1.75097
1.74967
1.74635
1.74105
1.73907
1.73078
1.72872
1.72334
1.72088
1.71493
1.71357
1.70819
1.70953
1.70415
1.69915
1.69833
1.69847
1.69397
1.69376
1.69372
1.6882
1.68844
1.68342
1.68338
1.67852
1.6783
1.67821
1.6727
1.67303
1.67225
1.66829
1.6632
1.66205
1.66317
1.66276
1.65751
1.65731
1.6569
1.65732
1.6574
1.6519
1.65244
1.65204
1.65231
1.65226
1.64731
1.64701
1.64701
1.64704
1.64705
1.64699
1.64728
1.64243
1.64102
1.64621
1.64763
1.64734
1.65206
1.6472
1.6517
1.65182
1.65249
1.65685
1.65734
1.65735
1.66179
1.66309
1.66824
1.67215
1.67771
1.67811
1.68281
1.69316
1.69819
1.71909
1.7349
1.74411
1.75555
1.77598
1.79029
1.81121
1.82234
1.84241
1.85801
1.87877
1.8891
1.89946
1.92061
1.9299
1.9511
1.96139
1.97671
1.98735
1.99291
2.00837
2.01821
2.02863
2.03391
2.06019
2.06465
2.07056
2.07504
2.08081
2.08078
2.0907
2.09043
2.09605
2.10104
2.10123
2.1059
2.10664
2.10162
2.1012
2.10129
2.10143
2.09593
2.09607
2.0905
2.09141
2.08589
2.07559
2.07106
2.06993
2.06494
2.06053
2.05491
2.0501
2.03901
2.02921
2.02458
2.02338
2.0136
2.01369
2.00379
2.00292
1.99762
1.99405
1.99212
1.9877
1.98783
1.9821
1.98305
1.98233
1.98312
1.97745
1.97262
1.97298
1.97177
1.9727
1.96807
1.96646
1.96681
1.96735
1.9624
1.96166
1.96182
1.96208
1.95744
1.95714
1.95657
1.9512
1.95202
1.94645
1.9465
1.94647
1.94098
1.94162
1.93198
1.92532
1.92102
1.92043
1.9149
1.91112
1.90113
1.89917
1.89083
1.88389
1.87871
1.87504
1.86937
1.86394
1.85387
1.84311
1.84371
1.83358
1.83244
1.82215
1.81194
1.81258
1.80201
1.80184
1.79174
1.79151
1.7863
1.78199
1.78169
1.77609
1.77047
1.77124
1.76586
1.76583
1.76574
1.76074
1.75567
1.75067
1.75494
1.75094
1.74581
1.74467
1.73952
1.73451
1.73024
1.72974
1.72468
1.7246
1.72444
1.71469
1.71371
1.70908
1.70884
1.70913
1.70345
1.70404
1.69899
1.70338
1.69886
1.69855
1.69315
1.69377
1.6885
1.68816
1.6882
1.68887
1.68786
1.6832
1.68309
1.68326
1.68289
1.67858
1.67836
1.6778
1.66762
1.66734
1.66724
1.66796
1.66288
1.66233
1.66256
1.66243
1.66262
1.65695
1.6576
1.65702
1.65269
1.65182
1.6472
1.64686
1.64208
1.64169
1.6366
1.63709
1.63646
1.63672
1.63699
1.63685
1.63652
1.6465
1.65224
1.66236
1.66707
1.68279
1.69316
1.7135
1.71899
1.73939
1.74975
1.75952
1.78027
1.79095
1.81179
1.82187
1.84817
1.85783
1.87862
1.88879
1.89885
1.91033
1.93616
1.9464
1.95138
1.95685
1.96126
1.96697
1.97726
1.97723
1.98179
1.98328
1.9883
1.99233
1.99271
1.99796
1.99786
1.99852
1.9973
1.99229
1.99348
1.99329
1.98786
1.98774
1.98331
1.98211
1.97739
1.96796
1.96688
1.96193
1.95719
1.95144
1.94695
1.9365
1.93101
1.92565
1.92113
1.91574
1.91044
1.90472
1.90106
1.89921
1.88917
1.89018
1.88442
1.87972
1.87503
1.87362
1.87493
1.86835
1.86868
1.86892
1.86348
1.86463
1.86286
1.85777
1.85947
1.85918
1.85835
1.85362
1.85878
1.85381
1.85296
1.8532
1.85381
1.84794
1.84876
1.84907
1.84299
1.84304
1.83849
1.83842
1.8377
1.83318
1.83271
