1.63107
1.63157
1.63145
1.63653
1.63671
1.64713
1.65182
1.66184
1.6679
1.69247
1.7188
1.72897
1.74962
1.75522
1.78056
1.78626
1.82695
1.84714
1.85386
1.8698
1.8777
1.88508
1.90026
1.90437
1.92016
1.92591
1.93074
1.93566
1.95126
1.95641
1.96143
1.9668
1.97167
1.97286
1.97822
1.98169
1.98331
1.98297
1.98682
1.99308
1.99286
1.9926
1.98833
1.98809
1.99203
1.98698
1.98805
1.98309
1.98281
1.97763
1.97792
1.97229
1.96758
1.9667
1.95796
1.95595
1.94646
1.9465
1.93636
1.936
1.92587
1.92138
1.91566
1.90516
1.89513
1.8898
1.87906
1.8693
1.86369
1.84808
1.84275
1.84292
1.84346
1.84311
1.84322
1.83847
1.83767
1.84334
1.84307
1.83839
1.83779
1.83828
1.83788
1.83819
1.83728
1.83382
1.83347
1.83245
1.83323
1.82776
1.82776
1.82771
1.82772
1.82816
1.82254
1.82261
1.82259
1.81769
1.81718
1.81723
1.81186
1.813
1.80232
1.8015
1.79588
1.79263
1.79073
1.78164
1.77151
1.76612
1.76547
1.76012
1.7562
1.74593
1.74452
1.73913
1.73609
1.72984
1.72502
1.71962
1.71907
1.71502
1.70905
1.70457
1.70326
1.69908
1.69344
1.69358
1.68872
1.6876
1.68302
1.68328
1.67844
1.6776
1.67836
1.67275
1.67336
1.66774
1.66806
1.66261
1.66249
1.66227
1.65777
1.65795
1.65689
1.65223
1.65212
1.65226
1.65226
1.65211
1.65213
1.65223
1.65222
1.65216
1.6522
1.64731
1.64679
1.64678
1.64695
1.64223
1.64155
1.64166
1.64244
1.6366
1.63672
1.63672
1.63218
1.63104
1.63194
1.63162
1.63143
1.6265
1.62627
1.62624
1.62649
1.62647
1.62638
1.62588
1.6269
1.62098
1.62146
1.62187
1.62105
1.62134
1.61629
1.61585
1.61619
1.61613
1.61599
1.61083
1.61082
1.61094
1.61125
1.60576
1.6058
1.60521
1.60044
1.60073
1.6004
1.60069
1.60044
1.60066
1.59559
1.59532
1.59538
1.60019
1.59633
1.60069
1.60048
1.60058
1.60536
1.61093
1.61074
1.62112
1.63063
1.63704
1.64088
1.65191
1.65683
1.67759
1.68751
1.70815
1.71404
1.73451
1.7447
1.75516
1.7762
1.78521
1.80625
1.8126
1.83833
1.84267
1.85298
1.86434
1.87276
1.88931
1.89435
1.90986
1.9151
1.92033
1.92049
1.92527
1.93117
1.93534
1.94064
1.94178
1.9459
1.94651
1.94648
1.94646
1.95182
1.9515
1.95155
1.95172
1.95159
1.95169
1.94672
1.9516
1.95119
1.94719
1.94698
1.94162
1.94113
1.94185
1.93644
1.93598
1.93067
1.92563
1.92121
1.92023
1.91015
1.91045
1.89965
1.88979
1.89012
1.87981
1.87448
1.87407
1.86916
1.8641
1.85408
1.8532
1.84824
1.84367
1.84288
1.83737
1.83855
1.83284
1.83296
1.82754
1.8279
1.82785
1.82773
1.8222
1.82278
1.82246
1.82258
1.82253
1.82294
1.81744
1.8174
1.81742
1.81742
1.81746
1.81771
1.81237
1.81212
1.81235
1.80752
1.80667
1.80721
1.8021
1.80176
1.80209
1.79692
1.79665
1.79193
1.79614
1.78525
1.78732
1.78096
1.7764
1.77581
1.7711
1.76535
1.7613
1.76048
1.75585
1.75513
1.75123
1.74556
1.74523
1.73985
1.73519
1.73451
1.72992
1.72932
1.72426
1.71498
1.71464
1.70895
1.70942
1.69857
1.69372
1.6884
1.68377
1.68279
1.67849
1.67777
1.67325
1.67261
1.66714
1.66801
1.66233
1.65788
1.65326
1.65138
1.65278
1.64729
1.64682
1.64228
1.64198
1.63737
1.63617
1.63265
1.63069
1.6322
1.62642
1.62638
1.62134
1.61666
1.61558
1.61157
1.61037
1.60581
1.60557
1.60072
1.60046
1.60096
1.59538
1.59538
1.58969
1.59062
1.59042
1.59018
1.59017
1.58589
1.5844
1.58559
1.58582
1.58439
1.58001
1.57982
1.57986
1.57993
1.57988
1.57996
1.57991
1.57502
1.57505
1.57452
1.56962
1.57435
1.5694
1.56484
1.56455
1.56436
1.56442
1.56437
1.5649
1.55928
1.55924
1.55927
1.5593
1.55921
1.55376
1.55437
1.55471
1.55356
1.55047
1.54776
1.55471
1.54835
1.55386
1.55397
1.55417
1.56459
1.56913
1.57438
1.57948
1.58468
1.60032
1.6052
1.62067
1.63129
1.64105
1.64689
1.65683
1.66218
1.68319
1.69279
1.70805
1.71945
1.72846
1.73497
1.74403
1.75031
1.76584
1.77506
1.7857
1.79144
1.79617
1.80166
1.80652
1.812
1.82711
1.83228
1.83828
1.84279
1.84835
1.8484
1.85326
1.85333
1.8582
1.85878
1.85863
1.85864
1.86366
1.86395
1.86352
1.86413
1.86331
1.86347
1.85937
1.85858
1.85883
1.85336
1.85333
1.84308
1.84341
1.84305
1.83321
1.83267
1.82793
1.82264
1.81799
1.817
1.80705
1.80708
1.80229
1.7971
1.79657
1.79236
1.78746
1.7861
1.77605
1.77612
1.77165
1.77035
1.76695
