1.81726
1.8219
1.828
1.83189
1.83814
1.84871
1.85254
1.86346
1.86416
1.86848
1.87394
1.87929
1.87934
1.8842
1.8897
1.8898
1.89401
1.89598
1.89563
1.89422
1.89515
1.89502
1.89027
1.89449
1.88915
1.89013
1.88516
1.88404
1.87851
1.88002
1.87405
1.87429
1.86933
1.86879
1.86408
1.86365
1.85343
1.85365
1.84856
1.84387
1.84268
1.84408
1.83386
1.83215
1.82215
1.82291
1.81202
1.80792
1.80267
1.80175
1.79156
1.79162
1.79156
1.78589
1.78724
1.78124
1.78131
1.78134
1.78121
1.78159
1.78137
1.78118
1.78132
1.78123
1.78129
1.78161
1.78596
1.7808
1.78646
1.7864
1.78684
1.78606
1.78617
1.79108
1.7872
1.78698
1.78597
1.78613
1.78665
1.78656
1.7912
1.78589
1.78686
1.78608
1.78622
1.78657
1.78158
1.7811
1.78136
1.78129
1.77644
1.77582
1.77633
1.77592
1.77075
1.77112
1.76587
1.76569
1.76048
1.7607
1.75522
1.75074
1.75001
1.75043
1.74485
1.7401
1.73497
1.73463
1.73489
1.72951
1.72968
1.72483
1.7241
1.72038
1.71841
1.71354
1.71459
1.70907
1.70894
1.70417
1.70395
1.69889
1.69844
1.69298
1.69394
1.68831
1.6888
1.68311
1.67741
1.67848
1.67264
1.67303
1.66823
1.66686
1.66345
1.66178
1.65861
1.65802
1.6573
1.65195
1.65236
1.65206
1.65228
1.64733
1.64672
1.64599
1.64294
1.64247
1.64142
1.63771
1.63727
1.63137
1.63134
1.63659
1.63121
1.6318
1.6314
1.63147
1.62666
1.62685
1.62598
1.62612
1.62656
1.62183
1.62529
1.62756
1.62059
1.62696
1.6259
1.62034
1.62636
1.62637
1.62679
1.62565
1.62627
1.62638
1.62172
1.62576
1.6213
1.6212
1.62129
1.62154
1.61576
1.61623
1.61594
1.61602
1.61604
1.61035
1.61125
1.61097
1.61086
1.61094
1.61081
1.60614
1.61093
1.60596
1.60578
1.6057
1.60575
1.60575
1.60081
1.60134
1.60005
1.60039
1.60063
1.60055
1.60053
1.60061
1.60049
1.60545
1.6059
1.61147
1.61528
1.62596
1.6311
1.63631
1.6515
1.66205
1.67732
1.68741
1.70864
1.72298
1.7305
1.73781
1.75577
1.76453
1.78551
1.7964
1.81692
1.82745
1.86355
1.87865
1.88438
1.90011
1.90475
1.91508
1.92064
1.92518
1.93568
1.94135
1.94626
1.95145
1.95177
1.95637
1.96205
1.96151
1.96233
1.96657
1.96685
1.97221
1.97257
1.97209
1.97246
1.97238
1.97223
1.97232
1.96741
1.97182
1.96734
1.96704
1.96234
1.96165
1.95693
1.9567
1.95222
1.9512
1.95197
1.94631
1.94178
1.94153
1.93637
1.93632
1.93122
1.92631
1.92553
1.92154
1.92008
1.91476
1.91117
1.91115
1.90493
1.90085
1.89941
1.89568
1.89455
1.8952
1.8897
1.88968
1.8889
1.88537
1.88488
1.88396
1.87873
1.87986
1.87965
1.87915
1.87925
1.87944
1.87931
1.87934
1.88424
1.88471
1.88391
1.88505
1.88489
1.88466
1.88497
1.88413
1.87935
1.87935
1.87902
1.87477
1.87448
1.874
1.86893
1.86913
1.86939
1.86837
1.86474
1.86315
1.85957
1.85809
1.85878
1.85868
1.85325
1.849
1.84784
1.84255
1.83852
1.83382
1.83224
1.82203
1.82332
1.82209
1.82286
1.81712
1.80678
1.80293
1.8011
1.79612
1.79272
1.78766
1.78071
1.77585
1.77587
1.77043
1.76658
1.76017
1.7611
1.75567
1.75539
1.74981
1.7506
1.74002
1.74006
1.73976
1.73575
1.73404
1.73056
1.72579
1.72342
1.72047
1.71999
1.714
1.70888
1.70894
1.70426
1.7035
1.698
1.69911
1.69355
1.69334
1.69368
1.6884
1.68818
1.68851
1.68302
1.68329
1.68349
1.67808
1.67791
1.6781
1.6727
1.67297
1.66749
1.66786
1.6675
1.66784
1.66761
1.6632
1.66237
1.65681
1.65776
1.65757
1.65762
1.6524
1.65201
1.64762
1.65148
1.64742
1.6467
1.64108
1.64248
1.63741
1.63617
1.6316
1.63146
1.63161
1.62636
1.63128
1.62602
1.62661
1.62622
1.62186
1.62072
1.62095
1.62181
1.6161
1.61604
1.61651
1.61081
1.61098
1.6064
1.6052
1.60544
1.60591
1.60647
1.60068
1.60048
1.60064
1.59999
1.5951
1.5957
1.59121
1.58947
1.59116
1.58957
1.59069
1.58992
1.5846
1.58544
1.58477
1.57951
1.58517
1.57977
1.57999
1.57994
1.57988
1.58434
1.58564
1.58906
1.59602
1.59488
1.60549
1.61538
1.6259
1.64081
1.65196
1.65678
1.6771
1.68788
1.70837
1.72362
1.73949
1.75449
1.76548
1.78601
1.79605
1.8106
1.82286
1.8374
1.84789
1.85361
1.85792
1.86376
1.87368
1.88372
1.88959
1.90021
1.90468
1.91042
1.91491
1.92039
1.9249
1.92657
1.93195
1.93472
1.94021
1.94215
1.94069
1.94651
1.94643
1.94654
1.94684
1.94099
1.94193
1.94162
1.94109
1.93675
1.93572
