1.60521
1.60563
1.6005
1.60065
1.5962
1.59476
1.59497
1.59573
1.59071
1.58992
1.59056
1.58996
1.59042
1.59512
1.59519
1.60994
1.61994
1.62178
1.63047
1.6407
1.65213
1.66764
1.677
1.68319
1.7036
1.70839
1.72906
1.7394
1.75511
1.76461
1.776
1.79118
1.79627
1.8121
1.81677
1.82715
1.83302
1.84885
1.85291
1.85842
1.85897
1.86295
1.86901
1.87339
1.87976
1.88422
1.88431
1.88472
1.89085
1.88873
1.89018
1.89033
1.88922
1.89002
1.88983
1.88958
1.88957
1.885
1.88492
1.87972
1.87502
1.87398
1.8744
1.86989
1.86883
1.86359
1.86404
1.85397
1.85327
1.84926
1.84399
1.83816
1.83263
1.82828
1.82245
1.81781
1.81287
1.81169
1.80661
1.80259
1.80139
1.79753
1.79121
1.79233
1.79201
1.79128
1.78655
1.79119
1.79134
1.79143
1.79168
1.7916
1.7916
1.79162
1.79156
1.797
1.79657
1.79685
1.79674
1.79683
1.79661
1.80202
1.80185
1.8019
1.80192
1.80189
1.80199
1.80203
1.80178
1.80172
1.80211
1.80173
1.80142
1.80227
1.79715
1.79647
1.79662
1.79691
1.79177
1.79144
1.79171
1.79157
1.7862
1.7866
1.78085
1.78156
1.78149
1.77075
1.77148
1.77132
1.76577
1.76097
1.75565
1.75106
1.74973
1.74487
1.74525
1.7403
1.73973
1.73042
1.7291
1.7249
1.72415
1.71863
1.71498
1.70867
1.70399
1.69863
1.69861
1.69394
1.6935
1.68892
1.6831
1.6785
1.67368
1.67206
1.66717
1.66365
1.65871
1.65636
1.65806
1.65251
1.65195
1.6463
1.64767
1.64715
1.64206
1.6417
1.63731
1.6362
1.63646
1.63726
1.63201
1.6311
1.62634
1.62639
1.62647
1.62136
1.62113
1.62172
1.62079
1.62138
1.62068
1.6154
1.61657
1.61638
1.61578
1.61625
1.61623
1.61582
1.61625
1.6163
1.6162
1.6159
1.61134
1.61123
1.61059
1.61076
1.61046
1.60637
1.61195
1.60996
1.60568
1.61062
1.61142
1.61087
1.61094
1.61078
1.61101
1.61075
1.61592
1.62052
1.62643
1.63604
1.64662
1.6517
1.66193
1.6773
1.68737
1.70805
1.71418
1.72822
1.74921
1.75998
1.78014
1.79675
1.8118
1.82188
1.8324
1.84813
1.85789
1.87373
1.88395
1.89487
1.90415
1.92078
1.92542
1.93585
1.94086
1.95167
1.95599
1.96116
1.96217
1.9663
1.96673
1.97228
1.97721
1.97763
1.97679
1.97807
1.97846
1.977
1.97163
1.97287
1.97669
1.9715
1.97338
1.97283
1.97192
1.96714
1.96227
1.96216
1.95738
1.95634
1.95238
1.95101
1.94693
1.94715
1.94114
1.93584
1.93155
1.93058
1.92061
1.91031
1.90557
1.90095
1.89928
1.90101
1.89069
1.88899
1.87943
1.87928
1.87399
1.87431
1.87415
1.86976
1.86847
1.86864
1.86935
1.86923
1.86888
1.86915
1.8691
1.86897
1.86892
1.86916
1.86894
1.8691
1.86899
1.8691
1.86911
1.86897
1.86828
1.8692
1.86361
1.86413
1.86451
1.86332
1.85804
1.85924
1.85903
1.85889
1.85861
1.8533
1.85372
1.84788
1.84879
1.84347
1.84299
1.83896
1.83258
1.82798
1.82299
1.8227
1.81742
1.81285
1.81287
1.80654
1.80107
1.79809
1.79184
1.78657
1.78631
1.78112
1.77657
1.77573
1.77013
1.76514
1.7618
1.75973
1.75473
1.75152
1.74618
1.74427
1.74064
1.73456
1.72917
1.72966
1.72015
1.71867
1.71448
1.70946
1.70453
1.69873
1.69857
1.69431
1.68918
1.6876
1.68898
1.68331
1.68349
1.68289
1.67854
1.67757
1.67761
1.6735
1.67228
1.6733
1.66802
1.6674
1.66856
1.66208
1.66287
1.66222
1.66274
1.65715
1.65755
1.65272
1.6517
1.6526
1.65188
1.65283
1.64678
1.64674
1.64729
1.64157
1.64203
1.63701
1.64143
1.63727
1.63634
1.6369
1.6366
1.6312
1.63669
1.62572
1.63177
1.62628
1.62644
1.62632
1.62139
1.62113
1.62123
1.61633
1.61623
1.61589
1.61603
1.61605
1.61101
1.61074
1.61075
1.60653
1.60547
1.60555
1.60628
1.60656
1.60015
1.59547
1.59526
1.59524
1.59518
1.59052
1.58999
1.59008
1.58549
1.58534
1.58972
1.59032
1.58978
1.59567
1.59998
1.6055
1.61588
1.62091
1.64101
1.65189
1.66756
1.67739
1.68774
1.70839
1.72319
1.7436
1.75561
1.79112
1.80123
1.83228
1.85839
1.86822
1.88326
1.89036
1.90026
1.9092
1.91999
1.92554
1.93081
1.93569
1.94089
1.94659
1.94632
1.95154
1.95657
1.95687
1.9567
1.96182
1.96245
1.96224
1.96176
1.96178
1.96214
1.96182
1.95741
1.95638
1.95704
1.95131
1.94687
1.94621
1.94157
1.94105
1.93651
1.93143
1.93068
1.92555
1.92116
1.91565
1.91534
1.90505
1.90082
1.89942
1.89405
1.89059
1.88001
1.87891
1.87486
1.87372
1.86974
1.86365
1.86381
1.8541
1.85388
1.84848
