1.67244
1.68777
1.69798
1.71284
1.7245
1.73372
1.7405
1.74881
1.76073
1.77608
1.78544
1.80101
1.80696
1.81692
1.82696
1.83805
1.84818
1.85337
1.8636
1.8686
1.86926
1.8742
1.87874
1.88404
1.88475
1.88927
1.89057
1.88886
1.89399
1.89559
1.89536
1.89444
1.90041
1.89928
1.90105
1.89911
1.89599
1.89875
1.89378
1.8957
1.89055
1.88903
1.89018
1.88975
1.88965
1.88488
1.88521
1.88008
1.87537
1.87327
1.87011
1.86821
1.87009
1.86469
1.85838
1.85402
1.8532
1.85383
1.84886
1.84806
1.84416
1.83894
1.83739
1.83375
1.83219
1.829
1.82678
1.82364
1.81647
1.81815
1.81301
1.81162
1.80247
1.80151
1.79685
1.79156
1.79167
1.79148
1.79199
1.79126
1.79629
1.79688
1.80105
1.80608
1.80304
1.80831
1.80614
1.81267
1.81251
1.81163
1.81189
1.8125
1.81206
1.81702
1.81287
1.81266
1.81191
1.81204
1.81239
1.81256
1.81195
1.80757
1.80287
1.80568
1.80056
1.80293
1.79823
1.8006
1.79753
1.79219
1.79121
1.78619
1.78179
1.78086
1.77713
1.77717
1.77037
1.76607
1.76555
1.76105
1.76035
1.7555
1.75551
1.74986
1.75058
1.74491
1.74089
1.74097
1.73428
1.73519
1.73003
1.72935
1.72982
1.72427
1.71982
1.71474
1.71374
1.71445
1.70946
1.70863
1.70923
1.70378
1.70386
1.69899
1.69834
1.69396
1.69313
1.69371
1.6937
1.68795
1.68858
1.68816
1.68362
1.68283
1.6834
1.68343
1.68299
1.68329
1.6779
1.67804
1.678
1.67843
1.67724
1.67904
1.67302
1.67265
1.67267
1.67299
1.67278
1.67325
1.66766
1.66771
1.66772
1.66805
1.66245
1.66259
1.66243
1.65677
1.66266
1.6575
1.65697
1.65277
1.65177
1.65741
1.65278
1.65177
1.652
1.6523
1.65221
1.65218
1.6522
1.65181
1.65244
1.65211
1.64727
1.64694
1.64222
1.6419
1.64252
1.64173
1.63631
1.63703
1.63142
1.63166
1.63141
1.63165
1.63229
1.62614
1.6265
1.62632
1.62639
1.62633
1.62718
1.6258
1.63199
1.63171
1.63588
1.64113
1.64233
1.65221
1.65705
1.66199
1.66741
1.6772
1.68302
1.70832
1.73923
1.74491
1.76546
1.77529
1.79114
1.80084
1.82232
1.83799
1.84782
1.85323
1.86339
1.86913
1.87904
1.87957
1.89501
1.89473
1.89938
1.90499
1.91014
1.91026
1.91526
1.91568
1.91544
1.91546
1.92047
1.91506
1.91574
1.91541
1.91542
1.91096
1.90986
1.91014
1.91048
1.90493
1.90583
1.89978
1.90024
1.89503
1.88985
1.8895
1.88378
1.88067
1.87836
1.87331
1.87044
1.86799
1.86274
1.86027
1.85479
1.8478
1.84363
1.8429
1.83761
1.83393
1.82819
1.82746
1.82787
1.82322
1.82206
1.82296
1.81798
1.82187
1.8168
1.81785
1.81709
1.81763
1.81725
1.81707
1.81712
1.82211
1.82255
1.82226
1.82763
1.82256
1.8278
1.82769
1.83309
1.83277
1.83297
1.83285
1.83291
1.83288
1.83289
1.83281
1.83298
1.83298
1.83281
1.83296
1.83337
1.83213
1.83217
1.83342
1.82905
1.82671
1.8285
1.82715
1.82823
1.82729
1.82174
1.82319
1.81811
1.81683
1.81787
1.81262
1.81237
1.80695
1.80228
1.79676
1.79671
1.79199
1.78706
1.78587
1.78095
1.77673
1.77141
1.7657
1.76574
1.76095
1.76034
1.75493
1.75109
1.75089
1.74498
1.74063
1.73944
1.7404
1.73496
1.7346
1.72993
1.72939
1.72397
1.72532
1.71469
1.71381
1.70959
1.70852
1.70975
1.70356
1.70439
1.69873
1.6986
1.69296
1.69386
1.6892
1.68772
1.68874
1.68814
1.68367
1.68355
1.68249
1.6773
1.67856
1.67756
1.67349
1.66832
1.66726
1.66792
1.66772
1.66768
1.66773
1.66761
1.66828
1.66275
1.66272
1.66237
1.66261
1.66244
1.66255
1.66249
1.66253
1.66214
1.66283
1.66236
1.66272
1.66268
1.65706
1.65764
1.65802
1.6572
1.65219
1.65219
1.65222
1.65252
1.64756
1.65106
1.65246
1.652
1.65235
1.6521
1.65747
1.66218
1.66738
1.67264
1.68799
1.69299
1.70335
1.71387
1.72945
1.73462
1.73934
1.74494
1.75493
1.76028
1.78499
1.79575
1.80193
1.80671
1.82186
1.82307
1.83275
1.83783
1.84273
1.84888
1.85317
1.85869
1.85833
1.86336
1.86388
1.86876
1.86886
1.86915
1.86896
1.86907
1.87396
1.86945
1.86866
1.87429
1.87405
1.87384
1.87455
1.87368
1.87007
1.86934
1.86879
1.86896
1.86421
1.86406
1.85892
1.85853
1.85316
1.85385
1.84375
1.84289
1.83746
1.83364
1.82787
1.82765
1.82821
1.82254
1.81206
1.8124
1.8018
1.80203
1.80221
1.79639
1.7922
1.78711
1.7859
1.78055
1.78187
1.77551
1.7753
1.77635
1.77085
1.771
1.77096
1.77093
1.77094
1.77056
1.77169
1.77148
1.77538
1.76982
1.77189
