1.57922
1.57552
1.58032
1.57961
1.58055
1.57448
1.57972
1.58044
1.57957
1.58506
1.58519
1.58936
1.60064
1.62065
1.63094
1.64098
1.65682
1.68176
1.68874
1.70905
1.71821
1.73419
1.74944
1.76445
1.77122
1.8072
1.82207
1.82753
1.83774
1.84789
1.85733
1.86275
1.87338
1.87967
1.88404
1.88491
1.89049
1.89395
1.89984
1.9001
1.9
1.90494
1.90475
1.90501
1.90498
1.89982
1.89509
1.89471
1.89038
1.88911
1.88451
1.88492
1.87925
1.87468
1.86933
1.86918
1.8641
1.85834
1.8545
1.84955
1.848
1.83795
1.83818
1.83313
1.82792
1.82272
1.81772
1.81726
1.81262
1.80758
1.80668
1.80201
1.80226
1.79668
1.79683
1.79667
1.79683
1.79224
1.79064
1.79072
1.79224
1.79193
1.79135
1.79148
1.79166
1.79644
1.79607
1.79731
1.79684
1.79668
1.79671
1.79678
1.79673
1.79674
1.8012
1.80249
1.80146
1.80227
1.80207
1.80208
1.80176
1.79691
1.80152
1.8017
1.80207
1.79706
1.79653
1.79691
1.79683
1.7967
1.79681
1.79628
1.79077
1.79219
1.79114
1.78611
1.79152
1.78605
1.78152
1.78139
1.78117
1.77644
1.77616
1.77611
1.771
1.77083
1.76532
1.76123
1.76128
1.76008
1.75479
1.75117
1.75085
1.74985
1.7446
1.74027
1.73975
1.74024
1.73489
1.73035
1.72911
1.72931
1.72542
1.72377
1.71932
1.7192
1.71346
1.71511
1.70891
1.70903
1.70435
1.69945
1.69807
1.6938
1.69329
1.68821
1.68837
1.6883
1.68837
1.68758
1.68403
1.68331
1.68297
1.67752
1.67839
1.67873
1.67713
1.67725
1.67219
1.67228
1.67335
1.67323
1.67249
1.67314
1.67258
1.6726
1.67262
1.6731
1.67251
1.67313
1.673
1.66785
1.66753
1.66773
1.66759
1.66777
1.6677
1.66774
1.66753
1.66677
1.66355
1.66317
1.66198
1.66284
1.66189
1.65726
1.65739
1.65734
1.65736
1.65291
1.65164
1.65752
1.65232
1.65209
1.65268
1.65297
1.64667
1.64771
1.64649
1.64671
1.64726
1.64685
1.65244
1.65638
1.66113
1.6733
1.68335
1.68788
1.70357
1.70838
1.71878
1.73917
1.74983
1.78062
1.79141
1.82233
1.83203
1.85312
1.87847
1.90498
1.91472
1.92533
1.93553
1.95093
1.96696
1.96721
1.97708
1.98259
1.98827
1.99386
1.99711
1.99714
1.99847
1.99833
1.99795
1.99824
1.99802
1.99818
1.99807
1.99809
1.99855
1.99293
1.99299
1.98854
1.98722
1.98819
1.98282
1.98247
1.97256
1.97217
1.96665
1.96264
1.95657
1.9516
1.93662
1.93585
1.9268
1.92502
1.91474
1.91615
1.90575
1.90474
1.89461
1.8951
1.89494
1.88963
1.885
1.8801
1.8787
1.87358
1.87464
1.87389
1.87484
1.86889
1.86867
1.86911
1.86898
1.86906
1.86945
1.86867
1.86935
1.86396
1.86389
1.86881
1.86464
1.86324
1.86439
1.8642
1.86362
1.85884
1.85864
1.85871
1.85869
1.85388
1.85324
1.85382
1.84893
1.84796
1.84297
1.84338
1.83796
1.83364
1.83233
1.82746
1.81807
1.81696
1.81174
1.80782
1.80262
1.80189
1.79679
1.79177
1.78672
1.78197
1.77613
1.77147
1.77063
1.7605
1.76074
1.75536
1.75107
1.74966
1.74454
1.74555
1.73544
1.73435
1.72971
1.72962
1.71973
1.71903
1.71008
1.7082
1.70376
1.70377
1.69861
1.69428
1.68922
1.68762
1.68246
1.6837
1.6783
1.67857
1.67272
1.67284
1.66791
1.66754
1.66272
1.66233
1.65671
1.65781
1.6571
1.65192
1.64794
1.64802
1.64584
1.64103
1.64241
1.63701
1.63647
1.63692
1.63151
1.63185
1.62589
1.62679
1.6271
1.62096
1.62138
1.62128
1.62117
1.61674
1.6204
1.61531
1.61662
1.61622
1.61133
1.61047
1.6105
1.61122
1.61058
1.61067
1.61148
1.6058
1.60568
1.60615
1.60497
1.60063
1.6006
1.60044
1.6004
1.60071
1.6007
1.60045
1.59574
1.59504
1.59572
1.59565
1.59517
1.59551
1.5953
1.59546
1.59534
1.59543
1.6003
1.60032
1.59995
1.60552
1.61066
1.61543
1.62594
1.636
1.64157
1.65701
1.667
1.68777
1.69316
1.70789
1.72385
1.73459
1.75539
1.76481
1.78078
1.79122
1.80126
1.81711
1.82199
1.83809
1.84247
1.8629
1.86899
1.87417
1.88402
1.88927
1.89481
1.89995
1.90455
1.90567
1.91046
1.91013
1.9105
1.9152
1.92119
1.9203
1.92089
1.92019
1.92103
1.92001
1.92062
1.91581
1.91535
1.91552
1.91587
1.91117
1.90967
1.90476
1.90547
1.89963
1.89548
1.89437
1.88979
1.88507
1.88024
1.87878
1.87407
1.86944
1.85959
1.85804
1.84837
1.84843
1.84272
1.84367
1.83248
1.83316
1.83316
1.82809
1.8275
1.81747
1.81737
1.81294
1.81171
1.81727
1.81264
1.81249
1.81205
1.80604
1.80787
1.80653
1.80684
1.80722
1.80711
1.80708
