1.63753
1.6421
1.6416
1.64649
1.64744
1.66261
1.66724
1.67717
1.68797
1.69791
1.71285
1.72446
1.74045
1.74887
1.76986
1.78063
1.79111
1.80122
1.81179
1.82187
1.84768
1.86813
1.87378
1.87894
1.88941
1.89474
1.89934
1.90972
1.91565
1.92583
1.93067
1.94139
1.94083
1.94616
1.95129
1.95636
1.95657
1.95697
1.96151
1.9666
1.96753
1.96702
1.96719
1.96712
1.96715
1.9672
1.96706
1.96263
1.96145
1.96166
1.96263
1.95662
1.95144
1.95177
1.946
1.94204
1.93526
1.93087
1.931
1.92626
1.92059
1.91574
1.91061
1.91016
1.90454
1.90086
1.89967
1.89491
1.89478
1.89011
1.88981
1.88473
1.88436
1.88466
1.87917
1.87951
1.87944
1.8793
1.87974
1.87907
1.88001
1.87925
1.87985
1.87969
1.8791
1.87948
1.87926
1.87972
1.8791
1.87917
1.88441
1.88003
1.87877
1.87987
1.87907
1.87436
1.87407
1.86944
1.87352
1.86974
1.86429
1.86309
1.86416
1.85388
1.85325
1.84852
1.84793
1.84374
1.83297
1.83279
1.82703
1.82348
1.81293
1.81294
1.80692
1.80181
1.79742
1.79738
1.79198
1.78676
1.78135
1.7765
1.77584
1.77155
1.77047
1.77112
1.77123
1.76569
1.76585
1.76138
1.76005
1.76101
1.76031
1.76087
1.76039
1.76113
1.76097
1.7603
1.76164
1.75979
1.765
1.76149
1.7659
1.77064
1.77085
1.77098
1.77128
1.77656
1.77607
1.77575
1.77635
1.77555
1.7717
1.77032
1.77142
1.77123
1.77114
1.76074
1.76059
1.76061
1.75579
1.75024
1.74985
1.75065
1.7448
1.74092
1.7396
1.73033
1.72911
1.72935
1.72502
1.71945
1.71912
1.71429
1.71407
1.70871
1.70917
1.7046
1.70326
1.69879
1.69378
1.69322
1.68761
1.68349
1.68287
1.67765
1.67865
1.67304
1.66845
1.67202
1.66181
1.66303
1.66707
1.66321
1.66202
1.66284
1.66236
1.65809
1.6572
1.65741
1.65735
1.65696
1.65764
1.6575
1.65724
1.6573
1.65738
1.65733
1.66285
1.66177
1.67236
1.67312
1.6831
1.68811
1.70866
1.71859
1.73372
1.74486
1.76041
1.77499
1.80706
1.816
1.83209
1.84804
1.86853
1.87389
1.89514
1.90426
1.91034
1.92562
1.93046
1.95138
1.95677
1.96244
1.96595
1.97692
1.9774
1.98237
1.98767
1.99279
1.993
1.99766
1.99777
2.00284
2.00301
2.00346
2.00866
2.00793
2.00877
2.00823
2.00899
2.00765
2.00846
2.00835
2.00363
2.00298
1.99784
1.99829
1.9937
1.99238
1.9882
1.98363
1.98361
1.97704
1.96667
1.96754
1.95661
1.9521
1.94701
1.94611
1.93601
1.93176
1.92046
1.91593
1.91118
1.90971
1.90107
1.89604
1.89403
1.89539
1.88465
1.8846
1.88478
1.88467
1.87427
1.8742
1.87469
1.86896
1.87397
1.86866
1.86932
1.8644
1.86341
1.86426
1.86378
1.85901
1.85871
1.85878
1.85884
1.85902
1.85352
1.84802
1.84913
1.8435
1.83808
1.83814
1.83255
1.83308
1.82723
1.82324
1.81702
1.81283
1.81177
1.81269
1.80233
1.80197
1.79164
1.78664
1.78195
1.78082
1.77707
1.7712
1.76634
1.76032
1.75634
1.75056
1.75057
1.74073
1.7393
1.73377
1.73081
1.73013
1.72438
1.72007
1.71875
1.71977
1.71411
1.70935
1.70869
1.70453
1.70332
1.70422
1.69868
1.69904
1.69435
1.69285
1.68833
1.69319
1.68887
1.68788
1.68797
1.68852
1.68818
1.68383
1.68261
1.67737
1.6785
1.67793
1.67845
1.67312
1.67258
1.67306
1.67299
1.67271
1.6683
1.66721
1.66774
1.6676
1.66737
1.66789
1.66753
1.66316
1.66237
1.66247
1.66265
1.66232
1.66315
1.65759
1.65712
1.65717
1.65305
1.65264
1.65192
1.65232
1.65218
1.65223
1.64675
1.65215
1.64681
1.64725
1.64721
1.64162
1.6421
1.63724
1.63624
1.63632
1.63666
1.63709
1.63141
1.6321
1.62656
1.62618
1.62654
1.62206
1.62052
1.6212
1.61637
1.61627
1.61586
1.61111
1.6107
1.61102
1.61139
1.61088
1.611
1.61072
1.61067
1.61111
1.61137
1.61049
1.61118
1.61642
1.62066
1.62641
1.63083
1.63655
1.65167
1.65741
1.66718
1.67776
1.69332
1.69839
1.71936
1.72365
1.73441
1.74984
1.75991
1.77581
1.78566
1.7914
1.80679
1.81177
1.82222
1.82762
1.83808
1.84258
1.85874
1.85863
1.8639
1.86838
1.87454
1.87403
1.87425
1.87909
1.87506
1.87987
1.87902
1.87943
1.87933
1.87938
1.87934
1.87898
1.87475
1.87444
1.87403
1.87413
1.86979
1.86844
1.86911
1.86411
1.85914
1.8584
1.85893
1.85411
1.85307
1.84912
1.84291
1.83844
1.8337
1.8279
1.82756
1.82191
1.81781
1.81225
1.80734
1.80271
1.80136
1.796
1.79733
1.79185
1.79176
1.79145
1.78633
1.78647
1.78641
1.78645
1.78638
1.7863
1.78614
1.79112
