1.59061
1.5904
1.58971
1.59065
1.59077
1.58983
1.59524
1.5955
1.60112
1.60505
1.6108
1.61573
1.63144
1.63612
1.6415
1.66181
1.68804
1.69296
1.70841
1.71913
1.73466
1.74431
1.76025
1.76524
1.7808
1.78606
1.79118
1.80704
1.81149
1.82188
1.8276
1.83768
1.84324
1.85387
1.85285
1.85839
1.86392
1.86371
1.86815
1.86934
1.86924
1.86888
1.87406
1.87383
1.86388
1.85937
1.8542
1.85308
1.84889
1.84794
1.84257
1.84385
1.8328
1.82852
1.82715
1.8173
1.81292
1.81174
1.80815
1.80673
1.80245
1.80152
1.79175
1.79153
1.78595
1.78673
1.78108
1.78144
1.7811
1.77562
1.77658
1.7765
1.77575
1.7764
1.77585
1.7763
1.78116
1.77656
1.77567
1.78093
1.78109
1.78138
1.78118
1.78123
1.78128
1.7814
1.7811
1.7811
1.78097
1.78646
1.78618
1.7817
1.78684
1.78131
1.7814
1.7811
1.78148
1.78107
1.78143
1.78145
1.78103
1.77614
1.77615
1.77624
1.77638
1.77141
1.77157
1.76519
1.76616
1.76024
1.7609
1.75517
1.75574
1.75035
1.74537
1.74503
1.74073
1.74423
1.74094
1.73921
1.73573
1.73403
1.73474
1.72991
1.73005
1.72941
1.72416
1.71987
1.71887
1.71418
1.71413
1.7143
1.7092
1.70834
1.70955
1.70813
1.70298
1.70449
1.69977
1.69783
1.69823
1.6937
1.69828
1.69401
1.69314
1.69372
1.6938
1.69295
1.68902
1.68871
1.68805
1.68895
1.68302
1.68323
1.68365
1.68282
1.68343
1.68297
1.68335
1.67785
1.67813
1.67852
1.67755
1.67838
1.673
1.67276
1.67278
1.67288
1.67287
1.67282
1.67285
1.67247
1.67273
1.6681
1.66734
1.66793
1.67236
1.66758
1.66782
1.67358
1.67225
1.67329
1.67249
1.6731
1.67264
1.67274
1.67291
1.67337
1.67242
1.67843
1.67809
1.67344
1.67723
1.67754
1.67835
1.67819
1.68276
1.68339
1.68283
1.68386
1.68358
1.68281
1.68346
1.67812
1.67792
1.68376
1.67788
1.678
1.68287
1.68331
1.68305
1.68326
1.68755
1.69378
1.69287
1.70332
1.70866
1.72476
1.72909
1.74531
1.75382
1.76606
1.78641
1.79573
1.81633
1.8275
1.83717
1.86283
1.87395
1.89385
1.90501
1.92035
1.93002
1.95058
1.95742
1.9659
1.97262
1.98131
1.98853
2.00368
2.00784
2.01839
2.02345
2.02878
2.03428
2.03906
2.04941
2.0496
2.05524
2.05466
2.06027
2.05949
2.05965
2.06007
2.06002
2.06016
2.05534
2.05456
2.04988
2.04963
2.04983
2.04967
2.04498
2.04427
2.03873
2.03502
2.03007
2.02845
2.0232
2.01915
2.01859
2.014
2.01374
2.00863
2.00349
1.9983
1.98818
1.98745
1.98327
1.98205
1.97832
1.97191
1.96217
1.95235
1.95142
1.9523
1.94673
1.94141
1.93691
1.93561
1.93589
1.93154
1.93054
1.93077
1.92629
1.92653
1.92525
1.92589
1.92093
1.92083
1.92061
1.92065
1.92071
1.92066
1.92069
1.92069
1.92064
1.92076
1.91571
1.92022
1.91574
1.91597
1.91523
1.91076
1.90517
1.90529
1.90058
1.89947
1.89476
1.89497
1.8893
1.88993
1.88426
1.88001
1.87875
1.87363
1.86936
1.86431
1.86352
1.85926
1.85412
1.8531
1.84842
1.84824
1.84273
1.8385
1.83291
1.82838
1.82278
1.82279
1.81216
1.80741
1.80723
1.80145
1.80269
1.79649
1.79246
1.78647
1.78154
1.78113
1.77562
1.77158
1.7705
1.76559
1.76096
1.76061
1.75581
1.75075
1.75001
1.75042
1.7446
1.74553
1.73539
1.73442
1.73502
1.72916
1.73
1.72434
1.72462
1.71911
1.71469
1.70976
1.70833
1.70958
1.70363
1.7044
1.69852
1.69905
1.69384
1.68887
1.68785
1.68353
1.68292
1.67811
1.68287
1.67762
1.67793
1.67803
1.67305
1.66823
1.66847
1.66673
1.663
1.66215
1.66277
1.66264
1.66243
1.65681
1.65772
1.65758
1.6572
1.65191
1.65238
1.65205
1.65213
1.65222
1.65226
1.6468
1.6473
1.64673
1.64731
1.64726
1.64238
1.64217
1.64162
1.64204
1.63749
1.63611
1.63632
1.63698
1.63119
1.63177
1.63137
1.62659
1.62625
1.62629
1.62643
1.62641
1.62642
1.62634
1.6215
1.62103
1.62128
1.62124
1.62111
1.62134
1.6218
1.61582
1.61578
1.6163
1.61582
1.61625
1.61141
1.61052
1.61107
1.6108
1.61089
1.61092
1.6109
1.61081
1.6099
1.60685
1.60648
1.60511
1.60535
1.606
1.61038
1.60991
1.6116
1.61661
1.6201
1.63078
1.63654
1.6413
1.65154
1.65719
1.66667
1.68196
1.69388
1.72337
1.73463
1.74932
1.76525
1.77564
1.79062
1.79678
1.81729
1.82187
1.8373
1.84792
1.86351
1.86857
1.87888
1.88908
1.89502
1.90523
1.90509
1.91545
1.92037
1.92577
1.93081
1.93135
1.94058
1.9413
1.94113
1.94153
1.94111
1.94114
1.93659
1.94189
