1.70853
1.71908
1.73475
1.74455
1.7601
1.77516
1.78122
1.80149
1.80674
1.82215
1.82729
1.8428
1.84799
1.85316
1.86826
1.8739
1.87894
1.87962
1.88515
1.88857
1.88909
1.8946
1.89467
1.89499
1.89473
1.89478
1.89491
1.89488
1.89483
1.89484
1.89486
1.89528
1.88968
1.88966
1.88973
1.88928
1.88475
1.88465
1.87919
1.87378
1.87461
1.86974
1.86394
1.86383
1.85909
1.85333
1.85366
1.8487
1.83839
1.83782
1.8274
1.828
1.82303
1.8226
1.81772
1.81712
1.81775
1.81219
1.80643
1.80318
1.79827
1.79557
1.7977
1.79601
1.79253
1.79603
1.7923
1.79171
1.79144
1.79174
1.79239
1.79138
1.79194
1.79125
1.79132
1.79225
1.7912
1.79191
1.79179
1.79144
1.79149
1.7917
1.79152
1.79157
1.7916
1.79208
1.79122
1.79181
1.79136
1.78607
1.78669
1.78657
1.78631
1.78141
1.78604
1.78185
1.78124
1.7809
1.77558
1.77653
1.77071
1.77108
1.77086
1.7714
1.77063
1.76631
1.76654
1.76029
1.75596
1.75543
1.75534
1.75076
1.74987
1.75068
1.75035
1.74543
1.74497
1.73971
1.74014
1.73499
1.73461
1.73017
1.72912
1.72433
1.72506
1.72396
1.72533
1.71892
1.71964
1.71425
1.71399
1.70865
1.70924
1.70957
1.70365
1.70398
1.70395
1.70334
1.69808
1.69911
1.69829
1.69407
1.69307
1.69379
1.6934
1.689
1.69306
0
1.68842
1.68833
1.6836
1.6828
1.68293
1.67889
1.67854
1.67758
1.67775
1.67819
1.67786
1.678
1.67791
1.67784
1.67816
1.67814
1.67788
1.67811
1.6777
1.67826
1.67736
1.67852
1.67389
1.67201
1.67234
1.6732
1.67278
1.67285
1.67288
1.6728
1.6728
1.67252
1.67236
1.67321
1.66741
1.66788
1.66757
1.67261
1.66817
1.66727
1.66786
1.66709
1.6623
1.66262
1.66247
1.66296
1.6573
1.65777
1.66186
1.65676
1.65292
1.65657
1.65159
1.6526
1.64711
1.65189
1.64763
1.65144
1.64823
1.64808
1.64621
1.64176
1.6419
1.64191
1.64162
1.64161
1.64168
1.642
1.64699
1.64695
1.6516
1.65749
1.66208
1.66713
1.67745
1.69372
1.70257
1.71859
1.72955
1.73894
1.75925
1.77096
1.79169
1.80038
1.82186
1.83275
1.86264
1.87408
1.88911
1.89945
1.90452
1.91009
1.91992
1.93612
1.94106
1.94607
1.95161
1.96176
1.96706
1.96726
1.97142
1.97124
1.97805
1.97735
1.97765
1.97737
1.97793
1.97717
1.97743
1.97703
1.97164
1.97286
1.97205
1.97284
1.96751
1.96695
1.95779
1.9561
1.9506
1.94757
1.94169
1.94104
1.93549
1.93705
1.93109
1.92601
1.92125
1.92023
1.91654
1.9147
1.91166
1.90598
1.90012
1.89524
1.89455
1.89063
1.88582
1.88351
1.87843
1.87522
1.87347
1.8747
1.86905
1.86897
1.86412
1.8637
1.85935
1.85818
1.85914
1.85898
1.8585
1.85329
1.85332
1.85417
1.84941
1.84766
1.84921
1.84832
1.84826
1.84861
1.84367
1.84244
1.84269
1.84372
1.833
1.83291
1.83338
1.828
1.8274
1.82304
1.82271
1.81805
1.81212
1.81236
1.80178
1.80239
1.80162
1.80252
1.79666
1.79196
1.78702
1.78591
1.78056
1.77705
1.77226
1.76994
1.77211
1.76634
1.76046
1.75573
1.75516
1.74481
1.7455
1.74472
1.74027
1.73501
1.72985
1.72938
1.71865
1.71993
1.71376
1.70813
1.70483
1.69933
1.69817
1.69941
1.69361
1.69388
1.68834
1.68309
1.67785
1.67812
1.67326
1.67285
1.6727
1.6682
1.66284
1.65746
1.6573
1.65738
1.65773
1.65194
1.65233
1.65211
1.64702
1.64698
1.64143
1.64225
1.64151
1.63735
1.63617
1.63755
1.6316
1.63143
1.63113
1.62696
1.6267
1.62615
1.62158
1.62105
1.62122
1.62128
1.6162
1.61617
1.61594
1.61613
1.61104
1.61519
1.61006
1.61154
1.60628
1.60536
1.60561
1.60576
1.60581
1.60052
1.60053
1.60047
1.60029
1.60014
1.59593
1.60022
1.60122
1.60064
1.59562
1.59528
1.59548
1.59012
1.59031
1.59027
1.59063
1.58987
1.58512
1.58517
1.58495
1.57929
1.58035
1.58018
1.58015
1.57475
1.5805
1.57945
1.57419
1.57518
1.575
1.5693
1.57427
1.57398
1.57542
1.57392
1.57543
1.5805
1.57951
1.58966
1.59055
1.60087
1.60514
1.611
1.62615
1.63624
1.65147
1.66203
1.67775
1.68264
1.70358
1.71369
1.72416
1.7344
1.74482
1.76063
1.76986
1.78006
1.78671
1.79093
1.80697
1.81768
1.81709
1.82253
1.82784
1.8326
1.83718
1.83751
1.84335
1.84332
1.848
1.84866
1.84819
1.84852
1.84829
1.85324
1.85414
1.84844
1.84838
1.84836
1.84842
1.84876
1.84324
1.84321
1.84367
1.83268
1.83301
1.82811
1.82259
1.81773
1.81716
1.80695
1.80723
1.79682
1.79674
1.79155
1.79161
1.7814
