1.57477
1.57467
1.57465
1.57524
1.5751
1.57487
1.57425
1.5703
1.56897
1.56964
1.56957
1.5696
1.56961
1.56954
1.56961
1.56955
1.5696
1.56956
1.56956
1.56959
1.56923
1.56943
1.56973
1.56941
1.56964
1.56995
1.56928
1.5747
1.57996
1.57943
1.58434
1.5901
1.60069
1.61019
1.61582
1.63072
1.64142
1.65665
1.66194
1.67808
1.68722
1.69852
1.71373
1.71881
1.7393
1.7501
1.75535
1.76031
1.7653
1.77575
1.78074
1.79695
1.8014
1.80719
1.80693
1.80725
1.81135
1.81297
1.81766
1.81722
1.82264
1.82249
1.82801
1.82746
1.82714
1.82823
1.8285
1.82708
1.82716
1.82789
1.82272
1.81775
1.81756
1.81788
1.81255
1.81211
1.80673
1.80169
1.80211
1.79655
1.79171
1.78683
1.78612
1.78219
1.7773
1.77519
1.76987
1.77217
1.7613
1.76021
1.75557
1.75533
1.7508
1.74549
1.74489
1.74506
1.74557
1.73991
1.73961
1.74016
1.73984
1.74026
1.73979
1.74002
1.73917
1.74059
1.74035
1.74412
1.74459
1.74549
1.74485
1.75022
1.75072
1.74994
1.75007
1.75045
1.75631
1.75478
1.75594
1.75526
1.75528
1.75559
1.75532
1.75555
1.75572
1.75528
1.7554
1.75546
1.75507
1.75049
1.75103
1.74966
1.74987
1.75062
1.74556
1.74533
1.74542
1.74046
1.73954
1.73487
1.73474
1.73483
1.73002
1.72928
1.72455
1.7199
1.71892
1.71473
1.71373
1.7088
1.70863
1.70417
1.70363
1.69864
1.69859
1.69387
1.69366
1.69381
1.68834
1.68828
1.6832
1.68355
1.68248
1.67735
1.67402
1.67344
1.6725
1.66733
1.66833
1.66725
1.66213
1.66276
1.65716
1.65752
1.65685
1.65142
1.65272
1.65212
1.64682
1.64716
1.64694
1.64205
1.64174
1.64183
1.64225
1.64173
1.63711
1.63696
1.63614
1.63709
1.63161
1.63632
1.63212
1.63188
1.63125
1.63167
1.63186
1.63224
1.62607
1.62615
1.62655
1.62649
1.62644
1.62684
1.62561
1.62618
1.62658
1.62155
1.62089
1.62132
1.62601
1.62628
1.62683
1.62665
1.62615
1.62646
1.62631
1.63073
1.64158
1.64248
1.6467
1.65173
1.66209
1.66729
1.69261
1.71401
1.72347
1.7446
1.75522
1.77574
1.78076
1.80667
1.81679
1.83228
1.83767
1.8533
1.85827
1.87929
1.88432
1.88985
1.89401
1.89928
1.90505
1.90529
1.91527
1.92044
1.92579
1.92624
1.93035
1.93007
1.93206
1.93019
1.93056
1.93129
1.93091
1.93097
1.93109
1.93079
1.92609
1.9257
1.92054
1.92075
1.91496
1.91149
1.90662
1.90404
1.89971
1.90017
1.89514
1.89066
1.884
1.87924
1.87951
1.86911
1.86907
1.86415
1.85885
1.85846
1.85394
1.84823
1.84855
1.84353
1.83846
1.83818
1.83793
1.83765
1.83264
1.83307
1.83297
1.83292
1.83243
1.83281
1.83344
1.83271
1.83296
1.83247
1.83329
1.83264
1.83268
1.8332
1.83718
1.8371
1.83875
1.83847
1.84262
1.84326
1.8382
1.83801
1.84326
1.84315
1.8375
1.84334
1.83862
1.83811
1.83799
1.83799
1.83812
1.83329
1.83256
1.83321
1.82783
1.82763
1.82232
1.82277
1.81307
1.81159
1.80195
1.80191
1.792
1.79131
1.78703
1.78634
1.78203
1.77606
1.77653
1.76566
1.76013
1.75657
1.75165
1.74928
1.7441
1.74583
1.73519
1.73439
1.72877
1.7303
1.72435
1.71973
1.71953
1.71435
1.71434
1.70857
1.70927
1.70368
1.70394
1.69861
1.69827
1.69415
1.69295
1.69308
1.68877
1.68833
1.68837
1.68297
1.6833
1.6784
1.68214
1.67711
1.67422
1.67333
1.67247
1.67339
1.67203
1.67179
1.6732
1.66804
1.66748
1.66731
1.66801
1.66793
1.66746
1.66828
1.66239
1.66252
1.66247
1.65799
1.66134
1.65705
1.65756
1.65744
1.65729
1.65738
1.65279
1.65168
1.65223
1.65209
1.65206
1.65229
1.6521
1.65247
1.65678
1.65155
1.6527
1.6525
1.65194
1.65237
1.65689
1.6567
1.65788
1.6618
1.66658
1.66847
1.67819
1.68234
1.69777
1.70369
1.71909
1.72888
1.73943
1.74975
1.75509
1.76497
1.78598
1.79615
1.81201
1.82168
1.833
1.84247
1.84828
1.85814
1.87382
1.87889
1.89418
1.90022
1.90427
1.91579
1.9258
1.92585
1.93158
1.9354
1.93672
1.94133
1.9409
1.94106
1.94108
1.94677
1.94626
1.94665
1.94635
1.94658
1.94653
1.94645
1.94647
1.94649
1.94136
1.94134
1.9365
1.93628
1.93169
1.93051
1.92598
1.9261
1.9208
1.92051
1.91478
1.90464
1.9057
1.90474
1.89964
1.89542
1.88943
1.88509
1.87978
1.87453
1.86865
1.8645
1.85892
1.8585
1.85286
1.85406
1.8485
1.84346
1.84304
1.84313
1.84329
1.83833
1.83818
1.83798
1.8381
1.83804
1.83845
1.83784
1.84261
1.83731
1.84361
1.84297
1.83749
1.83842
1.84271
1.83753
