1.62555
1.62173
1.62734
1.62523
1.62573
1.62684
1.63173
1.63628
1.64147
1.64631
1.65208
1.67197
1.68748
1.69333
1.69811
1.71851
1.7292
1.73914
1.74987
1.76528
1.77583
1.78613
1.79632
1.80156
1.8174
1.82178
1.83194
1.84297
1.84825
1.85299
1.85353
1.85839
1.8686
1.86938
1.87455
1.87887
1.87967
1.88445
1.88945
1.88922
1.89006
1.8899
1.88987
1.88463
1.88444
1.88952
1.88425
1.88473
1.88457
1.88461
1.8795
1.87934
1.87418
1.87418
1.86941
1.86969
1.86403
1.8586
1.85876
1.85319
1.84907
1.84362
1.83805
1.83812
1.83337
1.83244
1.82233
1.82282
1.81763
1.81717
1.81176
1.80784
1.80642
1.80216
1.80177
1.80224
1.80206
1.79652
1.79697
1.79656
1.79626
1.7971
1.79656
1.79689
1.79762
1.80249
1.8016
1.80188
1.80226
1.80184
1.80195
1.80234
1.80153
1.80225
1.80216
1.80172
1.80141
1.80198
1.80146
1.80194
1.79656
1.79658
1.79729
1.80116
1.79644
1.79696
1.79662
1.79715
1.79642
1.7921
1.78655
1.78629
1.78132
1.78133
1.77629
1.77631
1.77588
1.77061
1.77115
1.76636
1.76096
1.76034
1.75558
1.75536
1.75584
1.75063
1.75082
1.74502
1.74517
1.73995
1.73995
1.73463
1.73487
1.73032
1.73047
1.72449
1.71996
1.71924
1.71385
1.70949
1.70889
1.70908
1.69915
1.69832
1.69336
1.69353
1.69316
1.69376
1.68841
1.68331
1.68306
1.67773
1.6782
1.67804
1.6732
1.67247
1.67253
1.66831
1.66687
1.66832
1.66813
1.66243
1.66239
1.66264
1.66262
1.66206
1.6576
1.65717
1.65748
1.65691
1.65777
1.65269
1.6518
1.65235
1.65207
1.65213
1.65222
1.6522
1.65182
1.65209
1.65221
1.6522
1.64771
1.65137
1.65322
1.64773
1.64649
1.64781
1.64644
1.64744
1.64635
1.64154
1.64218
1.64219
1.64198
1.64263
1.63639
1.63681
1.63662
1.63207
1.63601
1.63174
1.6314
1.63168
1.63143
1.63186
1.63123
1.63705
1.63602
1.63721
1.64712
1.65218
1.66149
1.67783
1.68251
1.69836
1.70854
1.72414
1.73402
1.74901
1.76057
1.77527
1.78114
1.79067
1.8067
1.81659
1.83203
1.84333
1.86343
1.86865
1.87896
1.8841
1.90011
1.89985
1.90531
1.90987
1.91571
1.92018
1.92529
1.92616
1.92565
1.93036
1.93151
1.93017
1.93163
1.9305
1.93136
1.93119
1.93574
1.93054
1.93621
1.93126
1.93117
1.92597
1.92621
1.92557
1.92572
1.92143
1.92013
1.91475
1.91601
1.91091
1.90988
1.90581
1.90508
1.90081
1.89599
1.89446
1.88911
1.88524
1.88399
1.87839
1.87529
1.87332
1.87045
1.86791
1.86269
1.86474
1.85863
1.8592
1.85871
1.85349
1.8536
1.85403
1.84783
1.84883
1.848
1.84854
1.84341
1.84846
1.84788
1.84768
1.84854
1.84789
1.84392
1.8427
1.84289
1.84836
1.84325
1.84805
1.84277
1.84358
1.84294
1.83817
1.84248
1.83791
1.83813
1.83847
1.83786
1.83851
1.83273
1.82786
1.82791
1.82272
1.81803
1.81692
1.81756
1.81238
1.80712
1.80703
1.79763
1.79123
1.7914
1.78725
1.78658
1.78152
1.78109
1.77612
1.77125
1.7707
1.76602
1.76551
1.76118
1.75572
1.75114
1.74962
1.7451
1.74506
1.74522
1.73485
1.73929
1.72975
1.7344
1.72908
1.73017
1.72511
1.7191
1.71446
1.71389
1.70911
1.70889
1.70379
1.70392
1.70378
1.69895
1.69393
1.69319
1.69337
1.69356
1.68857
1.68821
1.68796
1.68842
1.68825
1.68253
1.68331
1.67814
1.68278
1.68368
1.68394
1.68255
1.67773
1.67777
1.67772
1.67827
1.6725
1.67345
1.6782
1.67305
1.67314
1.6725
1.66727
1.66764
1.66767
1.66773
1.66763
1.6677
1.66769
1.66809
1.66771
1.6676
1.66748
1.663
1.66209
1.65691
1.65767
1.65752
1.65721
1.65788
1.65256
1.65185
1.65239
1.64726
1.64681
1.64232
1.64204
1.64177
1.64098
1.63592
1.63772
1.63185
1.63133
1.63164
1.62707
1.62578
1.62723
1.62688
1.63121
1.6259
1.63163
1.63146
1.63118
1.63175
1.63589
1.6411
1.64691
1.65713
1.66194
1.67264
1.68774
1.69321
1.7137
1.71893
1.72883
1.73963
1.745
1.75417
1.77491
1.7814
1.80141
1.81207
1.82278
1.82677
1.84269
1.84806
1.85312
1.86887
1.87398
1.87854
1.88933
1.89461
1.89464
1.89947
1.90418
1.90594
1.91135
1.91444
1.91457
1.91622
1.91986
1.92022
1.92055
1.92055
1.91548
1.9157
1.91528
1.91049
1.91019
1.91066
1.90521
1.89965
1.89542
1.88989
1.88948
1.87894
1.87975
1.87399
1.86951
1.86866
1.85857
1.85876
1.84786
1.84356
1.83854
1.83337
1.83256
1.82746
1.82345
1.8128
1.8118
1.80624
1.80293
1.79661
1.79211
1.7916
1.79162
1.78669
1.78651
1.78682
1.78606
