1.64585
1.64632
1.65247
1.65772
1.66197
1.66731
1.67754
1.68239
1.69813
1.70843
1.71386
1.72905
1.7394
1.75511
1.76498
1.77997
1.78666
1.80128
1.80685
1.81652
1.82259
1.83177
1.83873
1.85377
1.85816
1.86857
1.87426
1.87899
1.88364
1.88965
1.8945
1.89506
1.89979
1.90509
1.90525
1.90996
1.90956
1.91054
1.9057
1.90962
1.91132
1.9092
1.90673
1.90927
1.90405
1.90602
1.90561
1.89964
1.90067
1.89954
1.90034
1.89979
1.89449
1.89511
1.88501
1.88424
1.88467
1.88492
1.87927
1.87469
1.87019
1.86318
1.86453
1.85882
1.85872
1.85416
1.84837
1.83851
1.8377
1.8321
1.82905
1.82186
1.82217
1.81803
1.81327
1.81673
1.81133
1.81301
1.80769
1.80652
1.80233
1.8016
1.80216
1.80173
1.79686
1.7967
1.79679
1.80159
1.80256
1.79739
1.79582
1.80058
1.79773
1.80046
1.8015
1.80216
1.80197
1.80191
1.80196
1.80186
1.80186
1.80196
1.80187
1.80195
1.80231
1.79668
1.80148
1.79745
1.79724
1.79635
1.79707
1.79615
1.79727
1.79591
1.79188
1.78686
1.78616
1.78701
1.78152
1.77649
1.78112
1.77577
1.77636
1.77635
1.77101
1.7709
1.76649
1.76526
1.76612
1.76108
1.76131
1.76046
1.75505
1.75098
1.74967
1.75081
1.74949
1.746
1.74109
1.73913
1.73948
1.74032
1.7349
1.73497
1.73469
1.7293
1.72508
1.72397
1.72329
1.72089
1.71328
1.71385
1.70938
1.70871
1.7093
1.70397
1.70361
1.70404
1.69835
1.69883
1.69903
1.69363
1.69322
1.69375
1.69365
1.68881
1.68821
1.6884
1.68378
1.68268
1.67841
1.6777
1.67778
1.67818
1.6728
1.67286
1.67319
1.6726
1.67299
1.67274
1.6729
1.66784
1.66782
1.66754
1.6678
1.66777
1.6676
1.66245
1.66742
1.6626
1.66245
1.66255
1.66252
1.66251
1.66294
1.66256
1.66289
1.66234
1.66261
1.6626
1.6628
1.66291
1.66225
1.66256
1.66249
1.66253
1.66249
1.6683
1.6671
1.67221
1.67297
1.67715
1.68684
1.68904
1.70823
1.71837
1.7294
1.73462
1.75021
1.75925
1.77532
1.78565
1.79632
1.80151
1.81151
1.82219
1.83791
1.84776
1.86351
1.86857
1.87944
1.88855
1.89551
1.89872
1.90597
1.90933
1.91993
1.9213
1.92651
1.92977
1.93189
1.93033
1.93596
1.93633
1.94129
1.94132
1.94617
1.94665
1.9464
1.9465
1.95132
1.94604
1.94683
1.94711
1.9456
1.94167
1.94138
1.94163
1.94152
1.93645
1.93108
1.92622
1.92548
1.92167
1.9199
1.91642
1.91515
1.91028
1.90594
1.90461
1.90079
1.89938
1.8941
1.89066
1.87994
1.87898
1.87514
1.87355
1.86983
1.86383
1.85943
1.85425
1.85298
1.84864
1.84327
1.84328
1.8377
1.83825
1.83277
1.83785
1.83252
1.83318
1.82778
1.82777
1.82784
1.82785
1.82762
1.82783
1.8232
1.82695
1.82835
1.8227
1.82247
1.82252
1.81735
1.81729
1.81756
1.81728
1.8175
1.81733
1.81747
1.81788
1.8166
1.81241
1.81206
1.81285
1.80724
1.80704
1.80216
1.80162
1.80262
1.79737
1.79142
1.79209
1.7874
1.78568
1.78094
1.78147
1.77112
1.77611
1.7712
1.77118
1.76588
1.76573
1.76079
1.76094
1.75025
1.75031
1.75031
1.74577
1.74466
1.7459
1.74014
1.7395
1.72982
1.72952
1.72969
1.72472
1.72434
1.72452
1.71936
1.71971
1.71458
1.70892
1.70903
1.70351
1.69887
1.68815
1.68791
1.68905
1.68328
1.68354
1.68324
1.67826
1.67297
1.67226
1.66715
1.66771
1.66763
1.66781
1.66302
1.66217
1.66272
1.66282
1.65731
1.65738
1.65206
1.6523
1.65271
1.64727
1.64706
1.64746
1.64783
1.64152
1.64212
1.6419
1.63696
1.63686
1.63655
1.63659
1.63685
1.63169
1.63141
1.63162
1.63147
1.6315
1.6312
1.63104
1.62704
1.62624
1.6265
1.62629
1.63164
1.63174
1.62651
1.62625
1.62647
1.62629
1.62632
1.62641
1.62692
1.62706
1.62132
1.62608
1.62585
1.6264
1.62089
1.62641
1.62639
1.6268
1.62642
1.62633
1.62641
1.6308
1.63104
1.6315
1.63723
1.64072
1.64764
1.6577
1.66147
1.66783
1.67717
1.68846
1.69294
1.70816
1.71892
1.73451
1.73942
1.76014
1.77058
1.78571
1.79138
1.80664
1.81677
1.82236
1.83265
1.842
1.85275
1.85894
1.86361
1.86895
1.87355
1.8796
1.87909
1.88408
1.89041
1.8956
1.89424
1.89532
1.89503
1.89925
1.90025
1.90475
1.9006
1.89959
1.90031
1.89981
1.89491
1.89931
1.89413
1.89542
1.89038
1.88917
1.8905
1.8847
1.88443
1.87901
1.87484
1.87014
1.8682
1.8697
1.86407
1.8637
1.86402
1.85393
1.84881
1.84807
1.84379
1.83789
1.83331
1.83267
1.82362
1.82208
1.8177
1.8172
1.81308
1.81272
1.80704
1.80236
