1.82218
1.83211
1.84736
1.85853
1.86847
1.8739
1.87927
1.88915
1.89495
1.89474
1.90979
1.91075
1.91448
1.9163
1.91487
1.92501
1.92645
1.9314
1.93071
1.93583
1.93147
1.93555
1.9362
1.93579
1.93639
1.93665
1.93576
1.93146
1.93591
1.93635
1.93118
1.93081
1.93081
1.92512
1.92634
1.92057
1.91592
1.91519
1.91621
1.91035
1.9052
1.90556
1.89549
1.89437
1.89075
1.88892
1.88542
1.87942
1.87983
1.87414
1.86895
1.86918
1.85839
1.85902
1.84858
1.84831
1.84391
1.84269
1.84328
1.8387
1.83757
1.83843
1.83256
1.83801
1.83313
1.83271
1.83304
1.83278
1.83298
1.83294
1.83286
1.83288
1.83779
1.83251
1.83318
1.83268
1.83277
1.83302
1.8385
1.8381
1.83841
1.83781
1.83784
1.83823
1.83757
1.83804
1.8326
1.83316
1.83309
1.83271
1.83341
1.83252
1.83316
1.83236
1.82716
1.82817
1.82274
1.82247
1.82266
1.82248
1.81818
1.81683
1.81754
1.8173
1.81188
1.80774
1.80649
1.80114
1.80258
1.79688
1.79666
1.79127
1.79226
1.78657
1.78614
1.78177
1.77553
1.77092
1.7709
1.76654
1.76519
1.76175
1.76013
1.76035
1.756
1.75062
1.74999
1.7453
1.74499
1.74526
1.74499
1.73956
1.74033
1.73524
1.73447
1.73545
1.72947
1.72971
1.72437
1.7244
1.71971
1.71516
1.71333
1.70915
1.70885
1.70908
1.70424
1.70343
1.69897
1.69841
1.69382
1.69325
1.6933
1.68907
1.68884
1.68799
1.68339
1.68783
1.68348
1.68384
1.68269
1.68293
1.68379
1.68275
1.68342
1.68322
1.68279
1.68316
1.67865
1.68244
1.67743
1.68286
1.67712
1.67868
1.67748
1.67777
1.67334
1.6731
1.67266
1.67276
1.67333
1.67315
1.67261
1.66813
1.66794
1.66748
1.66801
1.66701
1.66185
1.66301
1.66214
1.66232
1.66231
1.65699
1.65767
1.65707
1.65802
1.65196
1.65238
1.65232
1.65206
1.65209
1.65227
1.65207
1.65192
1.65196
1.65203
1.65225
1.65705
1.65712
1.66234
1.67248
1.68291
1.68728
1.69846
1.70321
1.71888
1.72892
1.76024
1.77017
1.78086
1.78599
1.7961
1.8164
1.82751
1.8431
1.85225
1.85895
1.86784
1.87438
1.8838
1.89466
1.90473
1.91475
1.92096
1.93107
1.93536
1.94122
1.94137
1.94574
1.95151
1.95676
1.95688
1.96262
1.96634
1.96768
1.97225
1.97194
1.96724
1.97186
1.97268
1.97258
1.97206
1.97257
1.97204
1.96679
1.96749
1.96678
1.96746
1.96649
1.9628
1.95755
1.95589
1.95624
1.95243
1.9521
1.94651
1.94638
1.94083
1.93698
1.93202
1.92527
1.92633
1.91532
1.90965
1.9113
1.90468
1.8959
1.89397
1.89077
1.88352
1.88539
1.87933
1.87946
1.87923
1.87347
1.87479
1.86884
1.8692
1.86898
1.8642
1.8632
1.86443
1.85942
1.86295
1.85757
1.8648
1.86362
1.85919
1.86321
1.864
1.86358
1.86405
1.86378
1.85911
1.85835
1.8642
1.864
1.85872
1.85872
1.85873
1.85869
1.85829
1.85417
1.8531
1.85334
1.84922
1.84885
1.84803
1.84339
1.84302
1.84343
1.8379
1.83296
1.8329
1.8329
1.82841
1.82849
1.82234
1.81736
1.81737
1.81179
1.81231
1.80228
1.8021
1.79218
1.79115
1.78685
1.78651
1.77679
1.77555
1.77097
1.76639
1.76154
1.76032
1.75563
1.75081
1.7499
1.75058
1.74522
1.74501
1.74044
1.73549
1.73573
1.72917
1.73004
1.72474
1.72427
1.71919
1.71935
1.71361
1.70965
1.70856
1.70439
1.70334
1.69897
1.69846
1.69853
1.69876
1.69859
1.6936
1.69302
1.68843
1.68822
1.68824
1.68883
1.68789
1.68802
1.68901
1.68913
1.68766
1.68286
1.68336
1.68791
1.6827
1.68354
1.6834
1.68298
1.68306
1.68324
1.68311
1.68285
1.68302
1.67846
1.67826
1.67779
1.67823
1.6778
1.67817
1.67829
1.67738
1.6789
1.67726
1.67303
1.67263
1.67309
1.67309
1.67261
1.67266
1.67341
1.67325
1.66805
1.66791
1.66749
1.66781
1.66818
1.66236
1.66233
1.66267
1.66262
1.66285
1.66187
1.65673
1.65782
1.65231
1.65693
1.65261
1.65186
1.64713
1.64692
1.64658
1.64252
1.64138
1.64201
1.64183
1.64193
1.65133
1.66189
1.6626
1.6717
1.68224
1.69326
1.7085
1.71372
1.72943
1.7392
1.75011
1.76555
1.77532
1.80119
1.80689
1.82212
1.83231
1.84248
1.85343
1.86363
1.86895
1.8739
1.88373
1.88519
1.89558
1.89419
1.9001
1.90475
1.91516
1.9157
1.92553
1.92591
1.93013
1.93176
1.93641
1.93555
1.93579
1.9364
1.94087
1.94109
1.94147
1.94122
1.94072
1.93704
1.93659
1.93615
1.93038
1.93148
1.92646
1.92579
1.92016
1.91623
1.91491
1.90982
1.90622
1.90084
1.89987
1.89012
1.88937
1.89034
1.87981
1.87453
1.86863
1.8649
