1.90419
1.91561
1.92031
1.92502
1.93122
1.93535
1.94159
1.94113
1.95093
1.9477
1.9526
1.9558
1.95755
1.96162
1.9623
1.96167
1.96173
1.96709
1.96228
1.96179
1.96207
1.9624
1.96162
1.96163
1.95741
1.95239
1.95106
1.95207
1.94733
1.94589
1.94153
1.94182
1.93606
1.93622
1.92579
1.92597
1.92031
1.91607
1.91133
1.91002
1.90608
1.90035
1.89496
1.89019
1.88926
1.88523
1.8793
1.87492
1.87452
1.8692
1.86928
1.86923
1.86403
1.86373
1.86399
1.85853
1.85887
1.85859
1.85884
1.85883
1.8586
1.85863
1.85877
1.85866
1.85861
1.8633
1.86455
1.85842
1.86425
1.86397
1.86419
1.86402
1.86334
1.85812
1.85916
1.85896
1.85853
1.85884
1.85827
1.85906
1.85897
1.85859
1.85384
1.85328
1.84847
1.84839
1.84836
1.84836
1.84395
1.83914
1.83728
1.83859
1.83349
1.83241
1.8273
1.828
1.82251
1.81813
1.81774
1.81237
1.8121
1.80792
1.80644
1.80722
1.79731
1.79636
1.79176
1.79143
1.79216
1.78665
1.78627
1.78696
1.78128
1.78129
1.77069
1.77077
1.77105
1.77093
1.76605
1.76557
1.76099
1.7607
1.75518
1.75576
1.75029
1.75026
1.73969
1.74055
1.74022
1.73534
1.73437
1.73411
1.7305
1.72495
1.72411
1.72429
1.71903
1.71902
1.71957
1.7196
1.71902
1.70793
1.70983
1.70831
1.70339
1.70416
1.6992
1.70352
1.69921
1.69819
1.69902
1.69843
1.69314
1.69418
1.68844
1.68827
1.68834
1.68873
1.68352
1.68329
1.68353
1.68356
1.67795
1.67794
1.67325
1.6731
1.67264
1.67297
1.66714
1.66815
1.66727
1.66313
1.66167
1.66273
1.66278
1.65713
1.65723
1.65748
1.65229
1.65247
1.65724
1.65231
1.65205
1.64669
1.64726
1.64225
1.64158
1.64244
1.64192
1.64171
1.63762
1.63737
1.63614
1.63643
1.63198
1.63172
1.63107
1.63147
1.62671
1.62664
1.62657
1.62619
1.62624
1.62648
1.63219
1.631
1.64143
1.64703
1.66267
1.6717
1.67808
1.69338
1.70785
1.72319
1.73426
1.75503
1.76519
1.77536
1.7962
1.80696
1.82307
1.83624
1.85222
1.85866
1.86314
1.87904
1.88929
1.89967
1.90467
1.91044
1.92607
1.92559
1.93584
1.94082
1.94663
1.95129
1.95633
1.95719
1.9613
1.96637
1.96767
1.96738
1.97142
1.97168
1.9724
1.97221
1.97238
1.97266
1.97198
1.97177
1.97309
1.97134
1.96638
1.96769
1.96191
1.96209
1.95669
1.95687
1.95201
1.95175
1.94665
1.94155
1.94108
1.93563
1.93177
1.92673
1.9251
1.91518
1.91579
1.91081
1.90617
1.90482
1.89997
1.89516
1.89044
1.88914
1.88526
1.88045
1.87859
1.87333
1.87479
1.87444
1.86927
1.86875
1.86875
1.86441
1.86395
1.86378
1.86377
1.86886
1.86429
1.8641
1.86336
1.86329
1.86389
1.85865
1.86366
1.86398
1.86428
1.86387
1.8643
1.86408
1.86331
1.85951
1.85804
1.85891
1.8585
1.85345
1.85361
1.85357
1.85396
1.84869
1.84809
1.84831
1.84302
1.8381
1.83352
1.83246
1.82826
1.8273
1.82807
1.8222
1.82287
1.81243
1.81213
1.80734
1.80693
1.80268
1.80139
1.80268
1.79652
1.79707
1.79208
1.79124
1.78567
1.78171
1.77659
1.77048
1.77069
1.76664
1.76137
1.76008
1.76097
1.75558
1.75525
1.75088
1.74551
1.74469
1.73454
1.73539
1.73438
1.72945
1.72971
1.7241
1.7249
1.71461
1.71374
1.70968
1.70504
1.7033
1.69836
1.69919
1.69423
1.68805
1.68372
1.68274
1.68349
1.6784
1.67771
1.67216
1.67337
1.67358
1.66743
1.66782
1.66778
1.66272
1.663
1.66212
1.66233
1.65784
1.65692
1.65748
1.65729
1.65197
1.65232
1.65176
1.64695
1.64706
1.64219
1.64692
1.64204
1.64175
1.63643
1.63689
1.6321
1.63112
1.63183
1.63131
1.62601
1.63195
1.62676
1.62612
1.62169
1.62083
1.6215
1.62064
1.61557
1.61638
1.61593
1.61612
1.61084
1.61093
1.61137
1.61004
1.6044
1.60684
1.5999
1.60069
1.60047
1.60052
1.60057
1.59983
1.6011
1.60085
1.60522
1.61035
1.61088
1.62113
1.62568
1.6318
1.64058
1.64738
1.6511
1.6772
1.68302
1.69302
1.70312
1.7088
1.72969
1.73445
1.76527
1.77563
1.78089
1.79085
1.80134
1.81205
1.82233
1.82718
1.83762
1.84325
1.84803
1.85293
1.85843
1.86329
1.8688
1.87432
1.87965
1.88433
1.88435
1.88328
1.88552
1.88557
1.88368
1.88437
1.87934
1.87922
1.87952
1.87471
1.87372
1.87462
1.86884
1.86914
1.86386
1.86388
1.85907
1.85837
1.85455
1.85278
1.85413
1.8483
1.84307
1.83844
1.83373
1.83232
1.8337
1.82267
1.82252
1.81691
1.81294
1.80738
1.80679
1.80289
1.80116
1.79802
1.79616
1.79676
1.79672
1.79672
1.7919
1.79134
