1.6783
1.68218
1.69313
1.69862
1.70355
1.71343
1.72402
1.73887
1.74489
1.75458
1.76996
1.78102
1.79661
1.80613
1.82197
1.82743
1.83736
1.84293
1.85288
1.85838
1.8635
1.86853
1.8788
1.88935
1.89475
1.9001
1.90479
1.91519
1.92026
1.92533
1.93057
1.93135
1.93698
1.9355
1.94111
1.94605
1.94675
1.95178
1.9514
1.95185
1.95144
1.94702
1.95098
1.94585
1.94696
1.94717
1.94112
1.94143
1.93681
1.93566
1.93164
1.93123
1.92606
1.92036
1.91644
1.91483
1.91154
1.90986
1.90584
1.8999
1.89528
1.88498
1.88417
1.88033
1.86974
1.86373
1.85916
1.84835
1.84851
1.84333
1.83826
1.83798
1.83267
1.83303
1.83257
1.8283
1.8225
1.82751
1.823
1.82272
1.82249
1.82258
1.82254
1.82791
1.82762
1.82782
1.8277
1.82775
1.82774
1.82772
1.82774
1.82773
1.82773
1.82773
1.83312
1.82764
1.82781
1.83352
1.82794
1.82785
1.8329
1.83299
1.82793
1.82766
1.82778
1.82208
1.82292
1.82316
1.82252
1.81708
1.81768
1.81718
1.81225
1.80739
1.80692
1.80275
1.80213
1.80218
1.79663
1.79687
1.79685
1.79183
1.79214
1.79112
1.79198
1.78676
1.78654
1.78645
1.78686
1.78128
1.78126
1.78125
1.77648
1.77574
1.77642
1.7709
1.77095
1.76549
1.76643
1.76531
1.75499
1.75574
1.74515
1.74524
1.74012
1.7402
1.73532
1.7306
1.72894
1.72451
1.72433
1.7192
1.71459
1.71377
1.70853
1.7093
1.70466
1.70322
1.70397
1.6988
1.6986
1.69865
1.69345
1.69308
1.69311
1.69383
1.68928
1.6925
1.68733
1.68784
1.68305
1.68324
1.67831
1.67819
1.67822
1.67844
1.67809
1.67296
1.67268
1.66793
1.6678
1.6676
1.66772
1.66835
1.66715
1.66745
1.66297
1.66232
1.66265
1.66222
1.66235
1.6621
1.65827
1.65672
1.65777
1.65709
1.65694
1.65754
1.65695
1.65733
1.65735
1.6577
1.65753
1.65715
1.65755
1.66205
1.66176
1.66801
1.66733
1.67281
1.67733
1.68292
1.69276
1.69852
1.71904
1.72885
1.74384
1.75541
1.76471
1.79663
1.8224
1.83204
1.86335
1.8736
1.88892
1.89952
1.92016
1.92553
1.93048
1.94076
1.94654
1.95128
1.95673
1.96666
1.97185
1.98236
1.98736
1.99253
1.99714
2.00368
2.00746
2.00917
2.01277
2.01808
2.01917
2.02397
2.02394
2.02353
2.0238
2.02408
2.02408
2.02378
2.01843
2.0191
2.01906
2.01369
2.01355
2.00879
2.00809
2.00286
2.00356
1.99397
1.99215
1.98681
1.98369
1.97169
1.9666
1.9627
1.95694
1.9468
1.93643
1.93599
1.93145
1.92582
1.92091
1.91613
1.91065
1.90555
1.89995
1.90007
1.89539
1.88961
1.89015
1.88965
1.87928
1.88441
1.87962
1.87961
1.87933
1.88456
1.88471
1.87956
1.8792
1.8795
1.87946
1.87928
1.87362
1.87502
1.8749
1.87365
1.87462
1.86985
1.86843
1.86864
1.8694
1.86364
1.86398
1.86424
1.86379
1.86395
1.85847
1.85892
1.85427
1.85301
1.84949
1.84753
1.84457
1.84223
1.83813
1.83846
1.82765
1.82784
1.82255
1.81804
1.813
1.81169
1.80283
1.80163
1.79185
1.79141
1.78616
1.78658
1.78077
1.77684
1.77548
1.77001
1.77163
1.76624
1.76059
1.75499
1.75052
1.74457
1.74103
1.73602
1.73389
1.72859
1.72516
1.71433
1.71401
1.70859
1.70484
1.7048
1.6986
1.69349
1.69345
1.68876
1.68836
1.68333
1.67786
1.67823
1.67347
1.67267
1.66856
1.66826
1.66721
1.65703
1.65761
1.65756
1.65269
1.65186
1.64641
1.64743
1.6415
1.63733
1.6362
1.63097
1.62715
1.62578
1.62724
1.62121
1.61668
1.62084
1.61555
1.61653
1.61073
1.61105
1.61114
1.60542
1.60547
1.60594
1.6007
1.6004
1.60113
1.59551
1.59093
1.58975
1.58479
1.58526
1.58496
1.58499
1.58513
1.58029
1.5796
1.57937
1.58027
1.57477
1.57476
1.57469
1.57479
1.57471
1.57521
1.57506
1.57448
1.57453
1.57012
1.56909
1.57
1.56952
1.56433
1.56456
1.56425
1.56457
1.56427
1.56419
1.56459
1.56427
1.56941
1.56972
1.57489
1.5801
1.58421
1.59974
1.61046
1.62528
1.63167
1.66119
1.67273
1.69314
1.7035
1.7242
1.73354
1.75442
1.7655
1.77043
1.79633
1.81166
1.8224
1.82711
1.84322
1.84766
1.85896
1.86791
1.87321
1.87938
1.8895
1.88982
1.89439
1.89981
1.90515
1.91026
1.90988
1.90999
1.9152
1.91529
1.9157
1.91533
1.91566
1.91561
1.91541
1.91557
1.91089
1.9106
1.91017
1.90483
1.90548
1.90535
1.89981
1.90022
1.89517
1.88976
1.88417
1.879
1.87469
1.87395
1.8689
1.8646
1.85941
1.85858
1.8483
1.84365
1.84323
1.83829
1.83341
1.82707
1.82176
1.82276
1.81765
1.81733
1.81702
1.8117
