1.58475
1.58484
1.58525
1.58462
1.58537
1.58519
1.58944
1.59421
1.60076
1.61087
1.61535
1.62628
1.64099
1.65224
1.67684
1.69247
1.69866
1.70796
1.73423
1.73963
1.76015
1.77026
1.7909
1.79699
1.80583
1.82137
1.82789
1.84768
1.85372
1.8583
1.8634
1.86914
1.87899
1.88446
1.88408
1.8897
1.89538
1.89446
1.89958
1.90038
1.8997
1.90516
1.90517
1.90516
1.90478
1.90546
1.90531
1.90064
1.90478
1.8995
1.90044
1.90066
1.89992
1.89538
1.89401
1.89554
1.8897
1.88398
1.88013
1.87915
1.87403
1.87442
1.86424
1.86357
1.85341
1.84916
1.84431
1.84283
1.83863
1.83349
1.83291
1.82279
1.81785
1.81214
1.81233
1.81263
1.81194
1.80639
1.808
1.80636
1.80166
1.80215
1.80209
1.80177
1.79615
1.80241
1.80169
1.80211
1.80175
1.80181
1.80166
1.80191
1.80186
1.80181
1.80647
1.80755
1.80715
1.8074
1.80682
1.80743
1.81127
1.80672
1.80736
1.80684
1.80692
1.80719
1.80705
1.8075
1.80191
1.8019
1.80152
1.79731
1.79657
1.79211
1.792
1.79122
1.78668
1.7861
1.77583
1.77638
1.77634
1.77108
1.76654
1.76557
1.76599
1.76114
1.76062
1.75517
1.75577
1.75036
1.74537
1.74496
1.74027
1.73476
1.73011
1.72972
1.72393
1.72485
1.71384
1.71438
1.70415
1.70354
1.70401
1.69885
1.69888
1.69372
1.68851
1.68372
1.6827
1.67821
1.67782
1.6722
1.66885
1.66803
1.66742
1.66262
1.66259
1.65811
1.65713
1.65719
1.65746
1.65741
1.65725
1.65183
1.65249
1.65188
1.65204
1.6527
1.65176
1.6471
1.65222
1.64654
1.64738
1.64239
1.64147
1.64215
1.63669
1.63626
1.63696
1.63195
1.63621
1.63211
1.63135
1.63132
1.62602
1.62666
1.62648
1.62631
1.6264
1.6268
1.62117
1.62125
1.62119
1.62124
1.62125
1.62117
1.62089
1.61695
1.6154
1.61689
1.61653
1.61567
1.61583
1.61663
1.6152
1.61496
1.6165
1.61674
1.61589
1.62086
1.62633
1.626
1.64207
1.65151
1.65719
1.67227
1.68295
1.70347
1.71343
1.72395
1.74453
1.75483
1.78058
1.7911
1.81662
1.82279
1.8321
1.85298
1.86318
1.89448
1.91027
1.91482
1.92571
1.93589
1.94121
1.95648
1.96195
1.97263
1.97684
1.98281
1.98208
1.98789
1.99256
1.99278
1.99754
2.00306
2.0035
2.00786
2.00898
2.01284
2.01416
2.01388
2.01342
2.01318
2.01388
2.01344
2.00825
2.00838
2.00367
2.00293
2.00364
1.99809
1.99814
1.99335
1.99257
1.98698
1.98351
1.98203
1.97854
1.97673
1.97349
1.97145
1.96804
1.96158
1.95638
1.95228
1.94715
1.94153
1.9415
1.9368
1.93605
1.93133
1.9258
1.92635
1.91482
1.91158
1.90606
1.9049
1.9005
1.90004
1.90004
1.90003
1.9
1.90003
1.89965
1.89981
1.89561
1.89524
1.89469
1.89923
1.90068
1.89592
1.89895
1.89387
1.90043
1.89486
1.89484
1.89486
1.89484
1.89019
1.88922
1.88462
1.88447
1.8845
1.87977
1.87966
1.87422
1.86932
1.86895
1.86417
1.86437
1.85901
1.85852
1.85393
1.85369
1.85344
1.85405
1.84832
1.84839
1.83795
1.83826
1.83282
1.82848
1.82281
1.82236
1.81245
1.81216
1.80737
1.80202
1.79699
1.79206
1.79118
1.78117
1.7817
1.7763
1.77636
1.77141
1.76553
1.76112
1.75643
1.75474
1.74944
1.74605
1.74447
1.73908
1.7406
1.73009
1.72406
1.71999
1.72015
1.71415
1.7096
1.70857
1.70403
1.70355
1.69886
1.69848
1.69356
1.69345
1.69342
1.68867
1.69399
1.68829
1.68839
1.6838
1.68268
1.67765
1.68317
1.67815
1.67786
1.67222
1.67329
1.67294
1.66777
1.66758
1.66235
1.66267
1.66241
1.65721
1.65753
1.65718
1.65721
1.65711
1.65709
1.65231
1.65211
1.6521
1.65227
1.65225
1.65258
1.64739
1.64666
1.64736
1.64178
1.64194
1.63651
1.63693
1.63119
1.63177
1.62647
1.63117
1.62592
1.6219
1.62067
1.62098
1.61647
1.61172
1.61511
1.61033
1.61131
1.61544
1.61031
1.61619
1.61622
1.62032
1.62548
1.63189
1.64686
1.65645
1.6629
1.68319
1.68752
1.70868
1.71808
1.75004
1.76424
1.78501
1.79715
1.81723
1.82684
1.84254
1.85773
1.86843
1.88416
1.89405
1.90449
1.91548
1.9199
1.92573
1.93524
1.94169
1.94601
1.95619
1.96758
1.97227
1.97714
1.97776
1.98285
1.98202
1.9818
1.9878
1.98787
1.98769
1.99333
1.99305
1.9934
1.99302
1.98847
1.98727
1.98817
1.98318
1.98219
1.97663
1.97808
1.97206
1.97294
1.96247
1.96154
1.95745
1.94741
1.94574
1.94062
1.93739
1.93564
1.92564
1.92103
1.91589
1.90554
1.90058
1.89958
1.88945
1.88544
1.88383
1.87941
1.87443
1.86952
1.86373
1.86362
1.85969
1.85787
