1.64155
1.63673
1.63674
1.63682
1.63655
1.63649
1.63198
1.6312
1.63106
1.62655
1.62111
1.62617
1.62133
1.61593
1.61617
1.6116
1.61028
1.60553
1.60587
1.60588
1.60112
1.60039
1.60001
1.60098
1.60023
1.60061
1.60018
1.60043
1.6055
1.60595
1.60553
1.61067
1.62085
1.62114
1.63651
1.64124
1.66749
1.68784
1.69307
1.70311
1.72427
1.73873
1.76496
1.77561
1.79614
1.80694
1.82754
1.83718
1.8579
1.8638
1.86834
1.88382
1.88951
1.89973
1.9047
1.92028
1.93576
1.93644
1.94039
1.94649
1.95714
1.961
1.96626
1.96772
1.97231
1.97274
1.9729
1.96689
1.96725
1.96709
1.96717
1.96751
1.96166
1.96221
1.95601
1.95742
1.94719
1.94601
1.94107
1.94189
1.93033
1.92015
1.91631
1.90981
1.90579
1.89966
1.89553
1.89086
1.8888
1.8801
1.86886
1.86912
1.86335
1.86426
1.85841
1.85892
1.85908
1.85843
1.85891
1.86361
1.86336
1.86428
1.86864
1.86938
1.86962
1.86856
1.8747
1.87418
1.87419
1.8742
1.87992
1.88428
1.87944
1.87885
1.8798
1.8793
1.87455
1.87468
1.87377
1.8739
1.87489
1.87322
1.86974
1.86378
1.86434
1.8541
1.85346
1.8477
1.84937
1.83769
1.82801
1.82306
1.82213
1.81659
1.81358
1.80622
1.79779
1.796
1.78693
1.7821
1.78114
1.77678
1.77157
1.77087
1.76075
1.75587
1.75518
1.75079
1.75053
1.75055
1.7406
1.74434
1.73447
1.73497
1.73011
1.72923
1.72369
1.72504
1.71902
1.71999
1.71338
1.70998
1.70439
1.7034
1.69887
1.69907
1.69347
1.69392
1.69353
1.68852
1.68786
1.68256
1.68366
1.67903
1.68211
1.67719
1.67858
1.67314
1.67234
1.67319
1.66767
1.6676
1.66776
1.66242
1.66262
1.65798
1.65644
1.65676
1.65335
1.65131
1.65171
1.65293
1.65263
1.65149
1.6469
1.64674
1.64686
1.64239
1.6414
1.64146
1.64221
1.64211
1.63677
1.63653
1.63146
1.6317
1.6315
1.6262
1.63669
1.63141
1.63116
1.63614
1.64165
1.65674
1.66221
1.6773
1.68783
1.70836
1.71879
1.73946
1.74956
1.7858
1.79579
1.82154
1.83264
1.85805
1.86365
1.89919
1.90993
1.92561
1.93492
1.95141
1.95621
1.97715
1.98741
1.9978
2.0032
2.01349
2.01854
2.02316
2.02935
2.02887
2.034
2.03931
2.0442
2.04486
2.05007
2.05007
2.04958
2.04854
2.05061
2.04508
2.03937
2.04474
2.03948
2.03936
2.03435
2.02967
2.02381
2.01824
2.01422
2.0142
2.00838
1.99806
1.99368
1.98852
1.98239
1.97215
1.96198
1.95712
1.95223
1.94624
1.94133
1.94138
1.93138
1.93105
1.93092
1.93152
1.92592
1.92577
1.92162
1.92037
1.92084
1.92071
1.92109
1.92008
1.91625
1.91493
1.91565
1.91108
1.90994
1.91066
1.90469
1.90491
1.90052
1.90009
1.89993
1.89564
1.89505
1.89469
1.89028
1.88925
1.88546
1.88382
1.87926
1.87944
1.87359
1.86856
1.86451
1.85388
1.85338
1.8478
1.83878
1.8379
1.83227
1.83379
1.82273
1.82246
1.81772
1.81268
1.81195
1.80696
1.80754
1.79704
1.79661
1.78657
1.78586
1.77051
1.76047
1.7611
1.75046
1.75023
1.7405
1.73949
1.72923
1.73008
1.72438
1.71999
1.71445
1.70933
1.70413
1.70363
1.69381
1.69329
1.68879
1.68288
1.67891
1.67402
1.67237
1.66327
1.66188
1.6517
1.65268
1.64198
1.64667
1.63795
1.63616
1.63106
1.62697
1.62201
1.61583
1.61059
1.61119
1.60586
1.60551
1.59998
1.60074
1.59058
1.58991
1.58527
1.5856
1.5797
1.58011
1.57481
1.56989
1.56927
1.56452
1.56429
1.55949
1.55908
1.55471
1.55364
1.54869
1.54905
1.54344
1.53879
1.53874
1.534
1.5288
1.53321
1.52902
1.52817
1.52257
1.5186
1.51299
1.51332
1.50785
1.50808
1.50727
1.50742
1.50785
1.5025
1.50271
1.50229
1.50204
1.5028
1.49769
1.49707
1.49726
1.49735
1.49737
1.50166
1.50773
1.51761
1.52264
1.53319
1.55445
1.5832
1.59086
1.61637
1.6247
1.65079
1.66251
1.70274
1.7087
1.7349
1.74406
1.76008
1.77517
1.79054
1.80178
1.8268
1.83291
1.84837
1.8528
1.86321
1.8692
1.89461
1.89962
1.90023
1.91066
1.9097
1.92058
1.92038
1.92056
1.9203
1.92548
1.92612
1.92572
1.92552
1.92137
1.92014
1.91551
1.91589
1.91576
1.91047
1.90529
1.90504
1.89553
1.89081
1.88885
1.88549
1.87981
1.87454
1.8696
1.86375
1.85397
1.85322
1.8434
1.84358
1.8385
1.83286
1.82811
1.82736
1.82362
1.82371
1.81675
1.81736
1.81785
1.81204
1.81235
1.813
1.81226
1.8069
1.80687
1.80727
1.8077
1.80701
1.80708
1.80718
1.80235
1.80643
1.80134
1.80232
1.80164
1.80188
1.80188
1.80181
1.80202
1.80201
