1.58551
1.57977
1.57969
1.5801
1.58005
1.57976
1.57979
1.57554
1.57883
1.58504
1.58466
1.58924
1.59546
1.60543
1.6103
1.62111
1.63633
1.64135
1.66201
1.67706
1.69179
1.70412
1.7339
1.74959
1.7702
1.78084
1.80147
1.81155
1.8172
1.8373
1.84753
1.86323
1.86923
1.88441
1.89434
1.90481
1.90987
1.91516
1.92545
1.93058
1.94608
1.95189
1.95595
1.95741
1.96769
1.97119
1.97349
1.9715
1.97743
1.97253
1.9775
1.97751
1.97264
1.97209
1.97224
1.96751
1.96741
1.96691
1.96131
1.95756
1.957
1.95179
1.94729
1.94583
1.94058
1.9367
1.93569
1.92564
1.92602
1.9157
1.9052
1.90529
1.89462
1.89503
1.88944
1.88511
1.88455
1.87965
1.87951
1.8789
1.87487
1.87512
1.87349
1.8742
1.87421
1.87457
1.87921
1.87944
1.87936
1.88385
1.88364
1.88522
1.88479
1.88468
1.8893
1.88947
1.88984
1.88474
1.88388
1.88403
1.88492
1.88477
1.88434
1.88419
1.87919
1.87952
1.87375
1.87456
1.87435
1.8693
1.86923
1.86407
1.86367
1.85869
1.85349
1.85362
1.84901
1.8491
1.84827
1.84304
1.8385
1.83833
1.8334
1.8336
1.82749
1.82791
1.82294
1.82271
1.81779
1.81718
1.81751
1.81222
1.80745
1.8073
1.80209
1.79722
1.7915
1.79177
1.7818
1.78085
1.77622
1.77599
1.77121
1.76626
1.76578
1.76132
1.76148
1.75467
1.75541
1.75063
1.75
1.75017
1.74548
1.7408
1.73933
1.73962
1.7354
1.73427
1.73437
1.72992
1.72943
1.72981
1.72502
1.72898
1.72522
1.72457
1.72398
1.71872
1.71983
1.71311
1.71505
1.71522
1.71324
1.71396
1.71425
1.71414
1.70925
1.70879
1.70911
1.7089
1.70938
1.70862
1.70388
1.70385
1.70373
1.70394
1.69849
1.69877
1.69339
1.69357
1.69377
1.69394
1.69359
1.68864
1.6881
1.68247
1.68861
1.6832
1.6782
1.68241
1.67732
1.67851
1.67871
1.67262
1.67269
1.6726
1.67263
1.66815
1.66767
1.67261
1.67791
1.67763
1.67831
1.68221
1.69277
1.69803
1.70833
1.71887
1.72887
1.74415
1.75557
1.77569
1.79016
1.81115
1.82235
1.85358
1.86766
1.88372
1.89932
1.91515
1.92501
1.94572
1.95151
1.96143
1.97178
1.98162
1.99834
2.00769
2.01384
2.01829
2.02395
2.02894
2.03363
2.03868
2.04448
2.04941
2.04997
2.05482
2.05494
2.05489
2.05982
2.05541
2.05453
2.05518
2.05471
2.05504
2.0548
2.05032
2.0546
2.04979
2.04929
2.04417
2.03936
2.03412
2.02983
2.02399
2.0238
2.01868
2.01407
2.009
2.00356
1.99805
1.98846
1.98728
1.98863
1.9827
1.9777
1.96767
1.96674
1.95699
1.9571
1.9463
1.94703
1.93603
1.93626
1.93136
1.93556
1.92535
1.92511
1.92148
1.92034
1.9209
1.92086
1.92089
1.91504
1.91593
1.91053
1.91009
1.90999
1.90627
1.90907
1.90428
1.90588
1.90036
1.90463
1.90072
1.89947
1.89553
1.89442
1.8899
1.88947
1.88455
1.88455
1.87439
1.87397
1.86335
1.86439
1.8595
1.85317
1.85393
1.84901
1.84826
1.838
1.83808
1.83255
1.8284
1.82372
1.82169
1.81875
1.81852
1.81211
1.80706
1.80703
1.80124
1.79766
1.79189
1.78611
1.78665
1.78108
1.77655
1.77158
1.77038
1.76523
1.7662
1.76028
1.75643
1.75163
1.74922
1.75111
1.74509
1.74513
1.73454
1.73502
1.73002
1.72978
1.72948
1.72433
1.72456
1.72014
1.71451
1.7138
1.70965
1.70995
1.70329
1.70344
1.70419
1.69875
1.6937
1.69334
1.68791
1.68869
1.6829
1.68332
1.67799
1.67796
1.67269
1.67295
1.66845
1.66709
1.66813
1.66746
1.6618
1.66307
1.6576
1.65718
1.65746
1.65704
1.65275
1.65248
1.65198
1.64642
1.64744
1.64656
1.64252
1.64225
1.63632
1.63721
1.63632
1.63733
1.63658
1.63157
1.6267
1.62664
1.62613
1.62161
1.62091
1.62142
1.62105
1.62131
1.61608
1.61599
1.61567
1.61097
1.61527
1.61013
1.61146
1.60624
1.61058
1.61075
1.61103
1.61067
1.61098
1.61086
1.61537
1.62055
1.62652
1.64149
1.64618
1.66717
1.69322
1.70307
1.72387
1.72932
1.74976
1.76043
1.78133
1.7856
1.80642
1.81689
1.8271
1.84282
1.84797
1.86335
1.87401
1.89406
1.89992
1.90472
1.90999
1.9205
1.92562
1.93638
1.94113
1.94148
1.94147
1.94074
1.94617
1.9468
1.94616
1.94614
1.94679
1.94625
1.94626
1.94084
1.94173
1.94098
1.93616
1.93616
1.93043
1.93188
1.93105
1.92128
1.91525
1.91517
1.91102
1.90002
1.89017
1.88935
1.87959
1.87919
1.8693
1.86891
1.85836
1.85416
1.84874
1.84809
1.84245
1.84425
1.83783
1.83821
1.83279
1.83298
1.83295
1.83284
1.83286
1.83292
1.83288
1.83338
1.83252
1.83356
1.83233
