1.69362
1.70381
1.71973
1.72345
1.73949
1.74964
1.75518
1.77038
1.77578
1.79099
1.7965
1.8067
1.81671
1.82262
1.82702
1.83271
1.8429
1.84836
1.85338
1.85355
1.85913
1.86289
1.86455
1.86903
1.86907
1.86898
1.86944
1.86958
1.87395
1.86879
1.87402
1.86995
1.87421
1.86942
1.86866
1.86872
1.86931
1.86477
1.86356
1.86412
1.86361
1.86413
1.85858
1.85883
1.85364
1.85344
1.84864
1.84368
1.84293
1.83784
1.83813
1.82777
1.82779
1.82804
1.82283
1.81752
1.80739
1.80681
1.80165
1.79766
1.79608
1.79766
1.7908
1.79266
1.7859
1.78681
1.78579
1.78064
1.78174
1.78196
1.77545
1.78155
1.78136
1.77679
1.7804
1.77574
1.78161
1.78144
1.78079
1.78157
1.78107
1.78137
1.78114
1.78604
1.78712
1.7861
1.78632
1.78648
1.78641
1.78642
1.7864
1.78646
1.7864
1.78645
1.78644
1.78641
1.78642
1.78643
1.78643
1.78642
1.78642
1.78607
1.78631
1.78093
1.78107
1.78141
1.7767
1.77642
1.77141
1.77059
1.76618
1.77038
1.76045
1.76071
1.76056
1.75537
1.75104
1.75068
1.75001
1.7445
1.74562
1.73476
1.73478
1.73484
1.72994
1.72935
1.72496
1.72413
1.71371
1.71453
1.7138
1.70998
1.70823
1.70954
1.70483
1.70302
1.70328
1.69943
1.69804
1.69829
1.69892
1.69312
1.69862
1.69372
1.69332
1.68778
1.68881
1.68868
1.68804
1.68899
1.68366
1.68278
1.67822
1.67787
1.67806
1.67764
1.67345
1.67222
1.67329
1.67249
1.67314
1.67257
1.67257
1.67273
1.66806
1.67222
1.67327
1.67262
1.67298
1.66787
1.66764
1.66811
1.66729
1.66808
1.66753
1.66285
1.66264
1.66245
1.66251
1.6577
1.66192
1.6571
1.65752
1.65742
1.65731
1.65784
1.65696
1.65712
1.65752
1.65723
1.65729
1.65746
1.65307
1.65105
1.65203
1.65713
1.65106
1.65342
1.65141
1.65272
1.65241
1.65206
1.65216
1.65261
1.64767
1.65134
1.64657
1.64731
1.6472
1.64714
1.64736
1.64246
1.64631
1.64615
1.64277
1.6412
1.64721
1.64691
1.65194
1.65654
1.66239
1.6675
1.6726
1.67753
1.69325
1.70295
1.71315
1.72458
1.74045
1.744
1.75528
1.77547
1.781
1.79695
1.80593
1.81661
1.82735
1.83249
1.84244
1.84829
1.85318
1.85831
1.86911
1.86853
1.86946
1.87828
1.87895
1.8797
1.88353
1.88317
1.88512
1.88469
1.88447
1.88459
1.88443
1.88462
1.88462
1.88
1.88335
1.87929
1.88423
1.87889
1.88016
1.87424
1.86924
1.87379
1.86857
1.8698
1.86336
1.85934
1.8589
1.85341
1.84913
1.84779
1.84323
1.84314
1.83766
1.8336
1.83227
1.82728
1.82363
1.81875
1.82128
1.81641
1.81335
1.81134
1.80602
1.80784
1.80258
1.80629
1.80125
1.80283
1.8012
1.79795
1.80228
1.79704
1.79665
1.79674
1.79663
1.79689
1.79688
1.79663
1.79666
1.79683
1.80169
1.79721
1.79638
1.80175
1.80204
1.80198
1.80187
1.80189
1.80193
1.80226
0
1.80183
1.80201
1.80201
1.80183
1.80164
1.79632
1.7971
1.79217
1.79108
1.78644
1.78638
1.77711
1.78058
1.77589
1.77141
1.77132
1.76533
1.76546
1.76607
1.76064
1.76104
1.75541
1.75552
1.75035
1.75025
1.74498
1.74517
1.74025
1.73978
1.74006
1.73472
1.72955
1.72975
1.72408
1.72514
1.71935
1.71445
1.71486
1.70877
1.70937
1.70832
1.70501
1.70426
1.70347
1.70367
1.69912
1.69837
1.69888
1.69885
1.69813
1.69376
1.69773
1.69489
1.69429
1.6929
1.69319
1.69377
1.68896
1.68789
1.68861
1.68858
1.68283
1.6829
1.68339
1.67788
1.67809
1.67812
1.67787
1.67813
1.67811
1.67791
1.67831
1.67774
1.67782
1.68304
1.67839
1.67771
1.67822
1.67784
1.6777
1.67346
1.67725
1.67219
1.67332
1.67309
1.67267
1.66774
1.66771
1.66756
1.66744
1.66792
1.66711
1.66727
1.66802
1.66741
1.66738
1.66303
1.66274
1.66236
1.66238
1.66227
1.66265
1.66261
1.66238
1.65718
1.65751
1.6622
1.65787
1.65763
1.65235
1.6524
1.65687
1.65164
1.65226
1.65178
1.65246
1.64686
1.64672
1.6471
1.64616
1.65255
1.66805
1.67771
1.68311
1.69818
1.70387
1.71891
1.72445
1.74
1.74931
1.75505
1.77019
1.78086
1.79093
1.79689
1.81279
1.81621
1.83307
1.83718
1.84251
1.84856
1.85343
1.85858
1.85872
1.86358
1.8641
1.86976
1.86843
1.86933
1.87406
1.87433
1.87438
1.87445
1.87387
1.87446
1.86915
1.86892
1.86915
1.86448
1.86399
1.86374
1.85929
1.8583
1.85845
1.85409
1.85348
1.84875
1.84851
1.84828
1.84319
1.83844
1.83873
1.83269
1.83345
1.82293
1.82233
1.81192
1.81251
1.81209
1.80749
1.80196
1.79693
1.7922
1.79123
1.78609
