1.52837
1.53325
1.5335
1.54304
1.54879
1.55347
1.55947
1.56868
1.57874
1.59018
1.61994
1.63146
1.64051
1.65211
1.66649
1.68784
1.7028
1.72347
1.73455
1.76046
1.77005
1.7809
1.80143
1.8116
1.8271
1.83786
1.85805
1.86408
1.87299
1.88993
1.89996
1.90454
1.92034
1.92541
1.93096
1.93549
1.94106
1.94157
1.94697
1.94564
1.95168
1.95175
1.95153
1.95161
1.95687
1.95154
1.95176
1.95152
1.94624
1.94661
1.94119
1.93649
1.93599
1.93088
1.9262
1.92021
1.91579
1.91531
1.90445
1.9013
1.89902
1.89637
1.88919
1.89012
1.88004
1.87885
1.86878
1.8692
1.86412
1.85889
1.85371
1.84838
1.84839
1.84272
1.84357
1.84298
1.83762
1.83319
1.83271
1.83277
1.83299
1.83282
1.83285
1.83293
1.83288
1.8329
1.8329
1.83289
1.83289
1.83245
1.83779
1.83866
1.83844
1.83776
1.83818
1.83795
1.83847
1.84301
1.83873
1.84389
1.83831
1.83295
1.83285
1.83294
1.83285
1.8284
1.82725
1.82232
1.82276
1.81693
1.81333
1.807
1.8071
1.80138
1.80231
1.79775
1.7911
1.78667
1.78626
1.77554
1.77654
1.77048
1.76684
1.76156
1.75985
1.7494
1.75105
1.74538
1.74009
1.73556
1.73425
1.73072
1.72535
1.72385
1.71938
1.71915
1.70877
1.70924
1.70428
1.69954
1.69839
1.69316
1.6937
1.68875
1.68273
1.68311
1.67823
1.67785
1.67276
1.66844
1.66729
1.66798
1.66235
1.66311
1.65755
1.65716
1.65174
1.65258
1.65208
1.65269
1.65241
1.64709
1.64222
1.64154
1.63759
1.63559
1.63613
1.63712
1.64127
1.63658
1.63681
1.63139
1.63128
1.62687
1.62593
1.62606
1.62216
1.62173
1.62084
1.62146
1.62134
1.61583
1.61582
1.61624
1.61618
1.61592
1.61616
1.61657
1.6156
1.61029
1.61137
1.6112
1.60539
1.60601
1.60593
1.60554
1.60043
1.60062
1.60056
1.60057
1.60053
1.60058
1.60542
1.60108
1.6066
1.6099
1.61515
1.62645
1.63117
1.6464
1.65155
1.67235
1.68246
1.70843
1.71867
1.7287
1.74447
1.75497
1.7699
1.79527
1.80718
1.83259
1.84691
1.85834
1.89434
1.91977
1.93069
1.9405
1.95128
1.95629
1.96693
1.98697
1.99286
2.00838
2.01332
2.02368
2.0289
2.04456
2.04947
2.05476
2.06007
2.06494
2.06951
2.07554
2.08089
2.08062
2.08557
2.0908
2.0913
2.09098
2.09557
2.09185
2.09002
2.09148
2.09129
2.09087
2.09138
2.09081
2.08639
2.08104
2.08044
2.07478
2.07094
2.06621
2.06488
2.05967
2.05554
2.04994
2.04499
2.03977
2.03387
2.02976
2.0239
2.01463
2.01283
2.00306
2.00342
1.99287
1.98329
1.98167
1.98341
1.97745
1.97743
1.97233
1.97226
1.96746
1.96683
1.96741
1.96233
1.96617
1.96177
1.96698
1.96136
1.96245
1.96645
1.96322
1.96592
1.96841
1.96777
1.96183
1.96198
1.96191
1.96208
1.96188
1.96205
1.96191
1.95663
1.95688
1.9568
1.95677
1.95687
1.95194
1.947
1.94614
1.9414
1.94125
1.93644
1.936
1.93665
1.93071
1.92636
1.92132
1.92011
1.91033
1.91041
1.91025
1.90476
1.90072
1.8953
1.89489
1.88477
1.87939
1.87456
1.86902
1.86947
1.86408
1.85925
1.85876
1.85335
1.8489
1.8388
1.83753
1.82786
1.82767
1.81743
1.8174
1.80723
1.80254
1.80144
1.79615
1.79245
1.78166
1.78095
1.77534
1.77186
1.76535
1.76616
1.76098
1.76528
1.75574
1.7507
1.7504
1.7451
1.74017
1.73543
1.73437
1.7305
1.72454
1.72437
1.72012
1.71869
1.71495
1.71353
1.70936
1.70918
1.70394
1.70384
1.69935
1.69813
1.69299
1.69387
1.69372
1.68839
1.68825
1.68354
1.68326
1.68313
1.68323
1.6833
1.68312
1.67782
1.67812
1.67751
1.67346
1.66827
1.66767
1.66758
1.66764
1.66778
1.66753
1.66304
1.66158
1.66179
1.66312
1.65811
1.6571
1.65794
1.6569
1.65768
1.65675
1.65646
1.65316
1.65177
1.65249
1.6475
1.64673
1.64145
1.64217
1.64124
1.63758
1.63104
1.63103
1.62718
1.62212
1.62048
1.62119
1.6216
1.61621
1.61636
1.61617
1.61062
1.61113
1.61107
1.61036
1.61069
1.6154
1.62143
1.6359
1.65124
1.65734
1.6618
1.67232
1.68744
1.6983
1.71883
1.73379
1.75943
1.77078
1.77992
1.80625
1.82144
1.84747
1.8633
1.88396
1.89423
1.90947
1.93021
1.94126
1.95105
1.96141
1.96683
1.98746
1.99241
2.01305
2.0234
2.0335
2.03925
2.04943
2.05933
2.0599
2.06467
2.07011
2.07463
2.08075
2.08073
2.08552
2.09088
2.09127
2.09569
2.09533
2.09648
2.09146
2.09038
2.09129
2.09089
2.08619
2.08562
2.08129
2.07586
2.07579
2.07051
2.06518
2.06528
2.05456
2.04484
2.03951
2.03454
2.02454
2.01862
2.00844
