1.67781
1.69344
1.70321
1.71848
1.72927
1.73919
1.74542
1.75416
1.76087
1.76979
1.78108
1.78582
1.801
1.81199
1.82239
1.83235
1.83778
1.8485
1.85761
1.86317
1.86891
1.87865
1.88478
1.88477
1.88917
1.88938
1.88991
1.88908
1.89023
1.89526
1.89511
1.89508
1.89511
1.89469
1.89527
1.88965
1.88971
1.88445
1.88496
1.88022
1.87833
1.87382
1.87901
1.86927
1.86885
1.86918
1.86361
1.8593
1.85392
1.84802
1.84344
1.83801
1.83284
1.82812
1.81806
1.81696
1.80702
1.80259
1.7971
1.79161
1.78631
1.78688
1.78127
1.78172
1.78095
1.77129
1.77542
1.76989
1.77664
1.77087
1.77098
1.77096
1.77093
1.77582
1.77142
1.77113
1.77083
1.77099
1.7757
1.77582
1.77633
1.77681
1.77551
1.77658
1.78129
1.78159
1.78113
1.78133
1.78149
1.78078
1.77666
1.77581
1.78108
1.77668
1.77645
1.77569
1.77652
1.7757
1.77653
1.77085
1.77048
1.77126
1.76585
1.76565
1.75996
1.7611
1.75543
1.75544
1.75547
1.75053
1.7503
1.74544
1.74532
1.74049
1.7396
1.73574
1.73414
1.73035
1.72968
1.72961
1.72434
1.72415
1.71994
1.71386
1.71936
1.71435
1.70912
1.70892
1.70898
1.70412
1.7036
1.70416
1.69864
1.70314
1.69843
1.69433
1.69371
1.6933
1.69365
1.69335
1.69328
1.68885
1.68787
1.68872
1.6838
1.68216
1.68408
1.68235
1.68351
1.67757
1.67792
1.6784
1.67858
1.6772
1.67264
1.67337
1.67245
1.67264
1.67297
1.67244
1.66718
1.66812
1.66733
1.66794
1.66748
1.66782
1.66775
1.66762
1.66832
1.66759
1.66777
1.66186
1.668
1.66315
1.66197
1.66233
1.66757
1.6677
1.6677
1.66762
1.66774
1.66817
1.66724
1.66736
1.66793
1.66222
1.6632
1.66686
1.66175
1.66311
1.66205
1.66296
1.65723
1.66198
1.65677
1.6578
1.65761
1.65715
1.65749
1.65725
1.65707
1.65272
1.65702
1.6576
1.65717
1.65768
1.65704
1.65754
1.65718
1.6575
1.65722
1.65753
1.65712
1.65711
1.65757
1.66208
1.66283
1.66717
1.66762
1.67264
1.67733
1.68292
1.68786
1.69346
1.70328
1.70861
1.71375
1.72378
1.72984
1.74549
1.75407
1.77507
1.78617
1.80758
1.81553
1.83182
1.84298
1.85299
1.85845
1.86387
1.87361
1.87906
1.88869
1.89452
1.89998
1.89962
1.90033
1.89977
1.905
1.90498
1.91061
1.90997
1.91058
1.91042
1.9103
1.91035
1.91032
1.91036
1.91037
1.91032
1.91036
1.90551
1.90492
1.90502
1.90569
1.90477
1.90026
1.89521
1.8999
1.89524
1.89551
1.8895
1.8847
1.8848
1.87477
1.87382
1.86962
1.86451
1.86335
1.85823
1.85425
1.84883
1.84354
1.83852
1.83775
1.83378
1.82899
1.82669
1.82155
1.81859
1.81815
1.81203
1.81234
1.80764
1.81158
1.80728
1.80742
1.80677
1.80248
1.80145
1.80161
1.80215
1.80212
1.80172
1.80175
1.80651
1.80682
1.80725
1.81142
1.812
1.81245
1.81195
1.81695
1.81677
1.81791
1.81658
1.81683
1.82279
1.82238
1.82224
1.81789
1.81658
1.81677
1.81794
1.8133
1.81589
1.81377
1.80831
1.80621
1.80675
1.80684
1.80132
1.79799
1.79577
1.79135
1.79176
1.78721
1.78587
1.77602
1.78109
1.77616
1.77564
1.76649
1.76663
1.76023
1.75583
1.75519
1.75079
1.7458
1.74454
1.73898
1.7363
1.73361
1.73091
1.72822
1.73075
1.7243
1.72463
1.72432
1.71948
1.71907
1.7144
1.71407
1.71453
1.70908
1.70881
1.70918
1.70925
1.70873
1.70423
1.70347
1.69875
1.69864
1.69918
1.69819
1.69423
1.69403
1.69305
1.68832
1.68842
1.68855
1.68808
1.68809
1.68863
1.68313
1.68325
1.68305
1.68329
1.68371
1.68269
1.67764
1.67831
1.67779
1.67814
1.67792
1.67805
1.67763
1.67874
1.67292
1.67807
1.67755
1.67224
1.6782
1.67299
1.67295
1.66793
1.66746
1.6684
1.66709
1.66724
1.66803
1.66791
1.66756
1.66768
1.6673
1.6631
1.66286
1.66225
1.66225
1.66268
1.66283
1.66184
1.6627
1.65726
1.6574
1.65737
1.65734
1.65735
1.65211
1.65717
1.65292
1.65173
1.65244
1.65207
1.64691
1.65194
1.64651
1.6479
1.64148
1.64165
1.64201
1.6416
1.64162
1.64167
1.64691
1.64703
1.65755
1.66159
1.68341
1.69224
1.69889
1.70784
1.7191
1.7345
1.74438
1.7603
1.77007
1.78596
1.7965
1.80624
1.81216
1.82162
1.82771
1.84312
1.84772
1.85847
1.86829
1.8744
1.87405
1.87874
1.88431
1.88884
1.89561
1.89537
1.89923
1.90068
1.90584
1.90466
1.90977
1.91037
1.91035
1.91034
1.9148
1.91537
1.91525
1.91535
1.91566
1.91025
1.9104
1.90535
1.9051
1.90477
1.89915
1.90069
1.89561
1.89422
1.88987
1.88471
1.88439
1.87945
