2.65974
2.65359
2.6333
2.58327
2.56643
2.52581
2.50053
2.44864
2.4179
2.35588
2.33028
2.22706
2.19165
2.12467
2.08766
2.01503
1.9753
1.90777
1.8709
1.83487
1.76785
1.73589
1.67406
1.64895
1.57088
1.55001
1.509
1.488
1.46247
1.45119
1.44119
1.43041
1.42531
1.42018
1.42398
1.42877
1.4361
1.45103
1.46003
1.47126
1.4868
1.50131
1.52217
1.53799
1.55862
1.56898
1.58421
1.60453
1.61112
1.63592
1.6576
1.66152
1.67285
1.67768
1.67812
1.67791
1.67777
1.6738
1.67394
1.6671
1.65739
1.64764
1.63237
1.62648
1.59573
1.59066
1.56951
1.55588
1.51845
1.50872
1.4671
1.42571
1.3894
1.37473
1.34354
1.33231
1.3017
1.28642
1.24422
1.20396
1.19296
1.16204
1.14733
1.1107
1.07021
1.05352
1.0328
1.01836
0.981442
0.966473
0.944998
0.935498
0.924703
0.923761
0.923307
0.929348
0.988923
1.02107
1.09827
1.14242
1.24586
1.30319
1.47829
1.54021
1.6593
1.72068
1.89294
2.05645
2.10965
2.25284
2.37823
2.4092
2.47705
2.51191
2.56392
2.5859
2.62225
2.63699
2.66369
2.67378
2.6798
2.68536
2.68929
2.67979
2.67467
2.65418
2.6398
2.6231
2.58712
2.56817
2.52159
2.49501
2.46981
2.41302
2.38189
2.31509
2.28328
2.21663
2.18098
2.06768
1.95901
1.92762
1.85508
1.82452
1.75185
1.72124
1.69477
1.63776
1.6125
1.56609
1.54449
1.50361
1.48745
1.45126
1.4461
1.4405
1.43027
1.43485
1.45088
1.45559
1.47127
1.48133
1.50207
1.51157
1.53729
1.54406
1.55768
1.5783
1.59047
1.61081
1.62024
1.63562
1.64199
1.65103
1.66167
1.66761
1.67813
1.68285
1.68327
1.68379
1.68351
1.68291
1.66774
1.66804
1.6529
1.65162
1.63134
1.62237
1.6069
1.59511
1.56546
1.55469
1.52903
1.51876
1.48263
1.44167
1.42542
1.39452
1.38929
1.35857
1.34806
1.30256
1.29063
1.26078
1.25022
1.21932
1.20861
1.16812
1.15172
1.12619
1.1109
1.08456
1.06977
1.0485
1.03371
1.00216
0.996075
0.980364
0.98142
0.98562
0.996293
1.01069
1.06163
1.09303
1.1699
1.21522
1.31768
1.37121
1.4309
1.60731
1.72121
1.78282
1.89645
1.94878
2.00517
2.10857
2.16047
2.25398
2.29969
2.38313
2.41973
2.52238
2.55486
2.60668
2.62641
2.68464
2.71047
2.7152
2.72552
2.72579
2.72631
2.72165
2.71602
2.68537
2.6703
2.63486
2.61284
2.57179
2.54742
2.45956
2.42824
2.36684
2.33523
2.26281
2.22768
2.11922
2.08276
2.01596
1.97903
1.91208
1.87674
1.78261
1.75266
1.69994
1.67431
1.61186
1.59153
1.55991
1.54954
1.52896
1.52325
1.51321
1.5129
1.5179
1.52245
1.5329
1.54276
1.55867
1.56864
1.6007
1.63138
1.64538
1.66105
1.67298
1.69351
1.69783
1.70907
1.72459
1.72875
1.73919
1.74543
1.74932
1.75107
1.74989
1.74583
1.72488
1.7042
1.69908
1.67845
1.66831
1.65332
1.63716
1.60174
1.59045
1.56433
1.55027
1.52431
1.50845
1.46675
1.45709
1.40994
1.3645
1.35274
1.32226
1.30715
1.27643
1.26033
1.219
1.18823
1.17315
1.15746
1.12644
1.11595
1.08501
1.06952
1.04861
1.03391
1.02235
1.00734
1.0064
1.01106
1.0223
1.08244
1.11345
1.2307
1.32831
1.38141
1.43678
1.55604
1.61259
1.78311
1.94821
2.1088
2.15552
2.249
2.29479
2.37278
2.41394
2.51271
2.53874
2.59031
2.61168
2.64808
2.66318
2.68386
2.69494
2.70015
2.7004
2.69575
2.68531
2.64959
2.62929
2.59358
2.56757
2.5209
2.49032
2.43372
2.40736
2.31006
2.27349
2.20181
2.16496
2.0935
2.05681
2.02077
1.94856
1.91256
1.83981
1.80888
1.73657
1.70555
1.59647
1.5454
1.52393
1.48768
1.47221
1.43126
1.42486
1.41407
1.40547
1.41003
1.41399
1.41381
1.41982
1.42432
1.4451
1.45056
1.47568
1.49681
1.50215
1.51191
1.53268
1.53842
1.56954
1.57955
1.58995
1.59507
1.59997
1.60499
1.60588
1.6056
1.60516
1.60137
1.59506
1.581
1.56415
1.55488
1.53902
1.529
1.51323
1.50316
1.46648
1.45693
1.42057
1.37957
1.33779
1.32261
1.29621
1.27663
1.25071
1.23482
1.2039
1.18814
1.1472
1.13611
1.10495
1.09565
1.06381
1.04925
1.00709
0.9977
0.966962
0.955063
0.920088
0.90896
0.893279
0.888725
0.897819
0.953979
0.983993
1.05598
1.10189
1.19925
1.25728
1.37519
1.43725
1.61739
1.67987
1.79837
1.85552
1.9695
2.02087
2.17083
2.21744
2.30022
2.34666
2.44589
2.47626
2.5336
2.55472
2.59629
2.61137
2.63225
2.64281
2.64879
2.65337
2.65423
2.64398
2.63378
2.61362
2.60283
2.54704
2.52555
2.4796
2.45416
2.33545
2.2687
2.23222
2.15972
2.12426
