1.75624
1.75024
1.75045
1.74059
1.73943
1.73559
1.72994
1.71998
1.71391
1.70985
1.69929
1.6982
1.68814
1.68398
1.67332
1.66723
1.65793
1.65204
1.64201
1.63679
1.62599
1.62678
1.61645
1.61085
1.60649
1.59561
1.59571
1.58575
1.57975
1.56999
1.56447
1.55442
1.54933
1.5439
1.53921
1.53858
1.52707
1.52483
1.51942
1.51194
1.50665
1.5035
1.49678
1.49282
1.48722
1.48229
1.47672
1.47167
1.46606
1.46169
1.45658
1.45562
1.4562
1.45028
1.4513
1.44597
1.44546
1.4507
1.45079
1.45572
1.46611
1.46641
1.48601
1.49707
1.50672
1.53264
1.54814
1.57881
1.59947
1.64658
1.66589
1.69246
1.74382
1.77442
1.83149
1.86674
1.95529
1.98548
2.04736
2.07456
2.13162
2.15631
2.229
2.25011
2.27012
2.28673
2.30175
2.3328
2.34856
2.37945
2.38513
2.4011
2.40027
2.40629
2.41017
2.4012
2.39604
2.39095
2.38063
2.37016
2.35956
2.34529
2.33867
2.31836
2.30875
2.27702
2.23664
2.20019
2.18965
2.1585
2.14859
2.10785
2.07061
2.06091
2.03983
2.0294
2.00894
2.00357
1.99341
1.96757
1.95142
1.94258
1.92656
1.91109
1.90489
1.89
1.88496
1.86882
1.86479
1.84878
1.84367
1.82832
1.82245
1.8178
1.80778
1.80166
1.79154
1.79209
1.77674
1.77107
1.76646
1.75611
1.75042
1.73533
1.72452
1.72003
1.71916
1.70897
1.70414
1.69351
1.68895
1.67838
1.67332
1.66755
1.66309
1.65233
1.64294
1.64104
1.62571
1.62209
1.60689
1.60027
1.5964
1.58067
1.57927
1.5638
1.5605
1.54309
1.53898
1.52815
1.52394
1.5135
1.50778
1.50301
1.49753
1.48786
1.48275
1.47621
1.46611
1.46162
1.44605
1.44538
1.43555
1.43035
1.42544
1.42018
1.4099
1.40473
1.39966
1.3989
1.38907
1.38334
1.37906
1.37422
1.37284
1.36354
1.36276
1.35825
1.35757
1.34739
1.34768
1.3428
1.33721
1.33727
1.3324
1.33236
1.32692
1.32239
1.32132
1.32158
1.32184
1.32659
1.32124
1.32218
1.32734
1.3363
1.34284
1.35738
1.36759
1.38786
1.40329
1.43992
1.45963
1.5116
1.53663
1.56318
1.6294
1.66104
1.7685
1.84585
1.88803
1.92354
1.9958
2.03756
2.09962
2.13017
2.18736
2.21356
2.23907
2.28588
2.30694
2.34306
2.35886
2.37425
2.40002
2.41029
2.42605
2.43165
2.44232
2.44726
2.44736
2.44722
2.44721
2.44259
2.43691
2.4271
2.42141
2.40597
2.40159
2.39101
2.38075
2.37537
2.36547
2.32927
2.2933
2.27751
2.25226
2.24098
2.20072
2.1844
2.154
2.11691
2.10304
2.07161
2.06035
2.02424
1.9983
1.98382
1.97239
1.94698
1.93683
1.91617
1.90575
1.86916
1.84949
1.84303
1.82215
1.81854
1.81203
1.80761
1.79735
1.79187
1.77682
1.77105
1.76079
1.75605
1.74603
1.73994
1.73512
1.73012
1.72477
1.71403
1.70942
1.69918
1.69299
1.69391
1.68374
1.67836
1.66323
1.65271
1.64729
1.63702
1.63166
1.61626
1.60142
1.59506
1.58063
1.57937
1.56402
1.55979
1.54964
1.54885
1.52901
1.52774
1.51815
1.5129
1.49794
1.48721
1.47704
1.46677
1.4615
1.45564
1.44657
1.44499
1.43478
1.43123
1.42461
1.42052
1.41015
1.40454
1.39958
1.39888
1.39466
1.38456
1.38304
1.37825
1.37393
1.36778
1.36408
1.36407
1.35745
1.35287
1.34788
1.34786
1.3473
1.34187
1.34329
1.33804
1.33706
1.33243
1.33209
1.32733
1.32733
1.32651
1.32109
1.32276
1.31766
1.31615
1.31208
1.30697
1.30567
1.30099
1.30613
1.30081
1.29642
1.30087
1.29586
1.2959
1.29595
1.29592
1.30167
1.31032
1.33243
1.35273
1.36203
1.40813
1.42397
1.46569
1.48532
1.5325
1.56243
1.61911
1.64624
1.67586
1.73764
1.77443
1.83633
1.87207
1.97048
2.00157
2.05862
2.08421
2.13564
2.16197
2.20329
2.22425
2.27149
2.28561
2.30661
2.31822
2.32849
2.33298
2.33878
2.34415
2.344
2.34408
2.34441
2.33435
2.33366
2.31808
2.31389
2.30755
2.28808
2.25655
2.24717
2.23572
2.22582
2.21566
2.19503
2.17957
2.15883
2.14355
2.13234
2.10655
2.0972
2.07138
2.06084
2.04022
2.02427
1.99335
1.98338
1.95779
1.95164
1.93161
1.9212
1.89021
1.87443
1.86474
1.84853
1.84868
1.83298
1.82806
1.82294
1.81244
1.80774
1.79778
1.79591
1.78603
1.78183
1.78134
1.77118
1.76577
1.76076
1.75571
1.75082
1.74539
1.74531
1.73527
1.73445
1.72008
1.71436
1.70916
1.70433
1.69387
1.69325
1.68322
1.67868
1.66311
1.66205
1.65145
1.64828
1.63762
1.6312
1.62125
1.61669
1.60668
1.60007
1.58971
1.58576
1.57486
1.56941
1.55438
1.54862
1.53985
1.52787
1.53392
1.51338
1.50736
1.50349
1.49305
