1.69983
1.69774
1.69489
1.68722
1.68249
1.67877
1.6722
1.66716
1.66312
1.65698
1.65289
1.64262
1.63633
1.63128
1.62689
1.62148
1.61115
1.61069
1.60053
1.59617
1.59019
1.58543
1.58028
1.56947
1.56974
1.55945
1.55914
1.54373
1.54383
1.53366
1.53369
1.52336
1.52287
1.50811
1.50719
1.50206
1.49791
1.48747
1.48661
1.48157
1.47715
1.47138
1.46654
1.46612
1.45585
1.45614
1.446
1.44538
1.44589
1.4403
1.4359
1.43012
1.42089
1.41905
1.41984
1.41986
1.41977
1.41995
1.42521
1.43417
1.44933
1.46126
1.4704
1.49123
1.50657
1.54334
1.55782
1.59428
1.61485
1.64041
1.6812
1.70801
1.75944
1.78454
1.81093
1.86734
1.89339
1.94021
1.97045
2.01653
2.04394
2.06359
2.10502
2.12587
2.16761
2.17804
2.20937
2.21937
2.25057
2.26124
2.27651
2.27717
2.28235
2.28639
2.28687
2.28748
2.28712
2.28249
2.28223
2.27746
2.26676
2.25189
2.24612
2.2413
2.22563
2.22549
2.20451
2.19546
2.17957
2.16928
2.15867
2.1382
2.13249
2.10703
2.10179
2.07095
2.03498
2.02931
2.00884
1.99395
1.96711
1.96264
1.93165
1.90996
1.88601
1.87898
1.86405
1.85929
1.84905
1.84352
1.83338
1.82799
1.82804
1.81691
1.81285
1.80711
1.80226
1.79647
1.79211
1.78131
1.78117
1.77583
1.7715
1.76557
1.76018
1.75648
1.75069
1.74548
1.73996
1.73513
1.73024
1.72427
1.71943
1.70901
1.70436
1.69904
1.69335
1.68904
1.6834
1.67824
1.67292
1.66273
1.65747
1.65252
1.6471
1.63209
1.63114
1.62018
1.61719
1.60623
1.60038
1.59635
1.5859
1.5844
1.57447
1.57053
1.55992
1.5588
1.54884
1.544
1.54371
1.53344
1.5294
1.52446
1.52213
1.51738
1.51346
1.50786
1.50341
1.50166
1.48747
1.48232
1.48151
1.47633
1.47203
1.46736
1.46554
1.46163
1.45643
1.45578
1.45052
1.45068
1.44569
1.44083
1.43058
1.42983
1.42499
1.42513
1.42483
1.41999
1.42012
1.41991
1.41502
1.41395
1.42026
1.419
1.42058
1.42524
1.42479
1.43959
1.45053
1.45589
1.47629
1.49111
1.51686
1.53285
1.56899
1.58903
1.65583
1.67704
1.72858
1.7534
1.8052
1.83646
1.88824
1.91374
1.94522
1.99688
2.02246
2.06416
2.08909
2.11115
2.1522
2.1674
2.21428
2.24008
2.24573
2.25539
2.27618
2.27744
2.29321
2.29138
2.29215
2.29302
2.29212
2.29259
2.28216
2.27759
2.26739
2.26159
2.2511
2.24131
2.236
2.22005
2.21049
2.18514
2.16441
2.15355
2.14327
2.12742
2.11251
2.09155
2.07646
2.05608
2.04928
2.03585
2.01522
2.008
1.98784
1.97878
1.95801
1.95152
1.94238
1.92623
1.91587
1.90105
1.89439
1.87989
1.87414
1.86975
1.85379
1.84896
1.839
1.83241
1.82292
1.82272
1.81217
1.80739
1.80244
1.80159
1.79619
1.7923
1.78092
1.78163
1.77103
1.77078
1.76618
1.76557
1.75618
1.75492
1.74969
1.74596
1.7396
1.73474
1.72524
1.71945
1.71459
1.71383
1.69885
1.69846
1.68818
1.68365
1.67827
1.67275
1.66845
1.65669
1.64663
1.64295
1.64099
1.62569
1.62729
1.6164
1.6113
1.60589
1.5959
1.595
1.58513
1.58511
1.5749
1.56974
1.5599
1.55878
1.54872
1.54415
1.539
1.53389
1.53417
1.52801
1.52851
1.523
1.51796
1.5128
1.51274
1.50702
1.50366
1.50152
1.49706
1.49742
1.49156
1.4926
1.48763
1.48156
1.48206
1.47716
1.47618
1.47087
1.47196
1.4661
1.46201
1.45511
1.45661
1.45135
1.45046
1.44586
1.44548
1.44595
1.44541
1.44631
1.44576
1.44113
1.44987
1.46168
1.47011
1.48545
1.49737
1.51764
1.53201
1.54375
1.56912
1.58854
1.61944
1.63669
1.66767
1.68635
1.74387
1.76438
1.80048
1.82199
1.8531
1.87255
1.92512
1.93523
1.96625
1.97668
1.99795
2.0124
2.02384
2.03935
2.04387
2.0595
2.06015
2.06913
2.07098
2.07197
2.06878
2.06945
2.07109
2.06011
2.06014
2.04966
2.04501
2.03479
2.03381
2.01833
2.01433
1.9933
1.98824
1.96723
1.96219
1.9367
1.92598
1.91037
1.90586
1.88515
1.87957
1.86416
1.85443
1.83873
1.83308
1.82831
1.82284
1.81793
1.81216
1.80213
1.79721
1.79208
1.7864
1.78092
1.78158
1.776
1.77621
1.77136
1.77023
1.77148
1.77131
1.76534
1.7655
1.76602
1.7661
1.76545
1.76541
1.76612
1.76605
1.76511
1.7653
1.76617
1.76546
1.76572
1.76578
1.76582
1.76569
1.75531
1.75601
1.75578
1.75484
1.75106
1.7511
1.74485
1.73946
1.74078
1.73027
1.72914
1.72405
1.71992
1.714
1.70979
1.69824
1.69412
1.68859
1.68326
1.67262
1.66258
1.658
1.65688
1.65181
1.64762
1.63744
1.63126
1.62648
1.62073
