1.63647
1.63646
1.63692
1.6365
1.63655
1.63682
1.63677
1.63664
1.6421
1.63722
1.637
1.6365
1.63657
1.6368
1.63184
1.63654
1.63116
1.62738
1.62116
1.61684
1.61576
1.61632
1.61109
1.60621
1.60144
1.59996
1.59502
1.59599
1.59017
1.58545
1.58473
1.58063
1.57505
1.56967
1.56946
1.56396
1.56002
1.55542
1.55342
1.54926
1.53874
1.53836
1.53281
1.53366
1.52377
1.52261
1.51762
1.51818
1.51255
1.51301
1.50266
1.50232
1.49766
1.49212
1.49267
1.49169
1.48194
1.48176
1.48179
1.4768
1.47654
1.47088
1.47683
1.47112
1.47173
1.47673
1.48099
1.4919
1.49667
1.52751
1.54909
1.56284
1.57496
1.60556
1.61962
1.67662
1.69327
1.73429
1.75372
1.79515
1.8214
1.86777
1.90944
1.95062
1.97145
2.00746
2.02819
2.05949
2.07464
2.10567
2.11612
2.12667
2.15262
2.15769
2.17792
2.1844
2.18806
2.19381
2.19913
2.1992
2.19931
2.19907
2.2002
2.18907
2.18476
2.17385
2.16912
2.15876
2.15289
2.13769
2.13295
2.10762
2.09604
2.07606
2.07066
2.04994
2.03552
2.00821
1.99932
1.97839
1.967
1.93718
1.91638
1.90555
1.89597
1.87999
1.86958
1.84302
1.83895
1.82379
1.81686
1.80198
1.80224
1.78647
1.782
1.77618
1.77124
1.76589
1.75574
1.75519
1.75
1.74487
1.74535
1.73489
1.73963
1.72941
1.7299
1.72371
1.72025
1.72036
1.71363
1.70843
1.6981
1.6991
1.69834
1.68789
1.68909
1.67838
1.6781
1.66799
1.66284
1.65192
1.65746
1.64814
1.6426
1.63691
1.62646
1.62635
1.61622
1.61105
1.60644
1.60071
1.59538
1.59054
1.58509
1.57966
1.57528
1.56969
1.56465
1.55398
1.55422
1.55439
1.54407
1.54347
1.53323
1.53359
1.52786
1.5241
1.5224
1.51735
1.51356
1.50733
1.50304
1.49751
1.49225
1.4921
1.48652
1.48201
1.47733
1.47168
1.4668
1.46588
1.46189
1.45605
1.45098
1.44625
1.44533
1.44115
1.43995
1.43971
1.43631
1.43454
1.43927
1.44148
1.45127
1.45536
1.46084
1.48134
1.49594
1.51691
1.53287
1.56341
1.5789
1.59928
1.64005
1.66187
1.70296
1.72796
1.7798
1.80542
1.85145
1.87817
1.90335
1.95593
1.98087
2.02767
2.05372
2.07427
2.13714
2.17822
2.19345
2.21998
2.23433
2.25502
2.27579
2.29106
2.29341
2.29325
2.29664
2.29713
2.29794
2.29763
2.29274
2.29212
2.2819
2.27741
2.2621
2.25606
2.25202
2.23609
2.22637
2.21101
2.19955
2.19008
2.16887
2.15895
2.13856
2.12748
2.09213
2.08587
2.0598
2.05098
2.02464
2.01405
1.9933
1.98303
1.95223
1.92059
1.91103
1.89573
1.88933
1.86852
1.86499
1.83869
1.83758
1.82174
1.81884
1.80839
1.80211
1.79684
1.78686
1.78169
1.7714
1.77058
1.76026
1.7612
1.7456
1.73989
1.73537
1.73442
1.7247
1.71373
1.70918
1.70368
1.69944
1.69337
1.68879
1.68345
1.67841
1.67288
1.66778
1.66272
1.65236
1.65212
1.64736
1.63702
1.63202
1.6216
1.62138
1.61065
1.60653
1.59046
1.58504
1.58
1.57507
1.56488
1.56405
1.55366
1.54992
1.5433
1.53812
1.53413
1.52841
1.52261
1.51903
1.50831
1.50717
1.5018
1.49807
1.49221
1.48731
1.47747
1.47162
1.46644
1.46617
1.45621
1.45592
1.44588
1.45033
1.44072
1.44034
1.43012
1.43018
1.42535
1.41989
1.41985
1.41462
1.40892
1.40997
1.40402
1.4046
1.40447
1.40917
1.41456
1.41473
1.43072
1.43902
1.47134
1.48041
1.50653
1.52267
1.55403
1.57311
1.63622
1.65559
1.70203
1.72337
1.74837
1.79451
1.81699
1.86362
1.88755
1.92935
1.95078
2.00758
2.05902
2.0698
2.10112
2.11081
2.13738
2.16287
2.16327
2.169
2.17254
2.17305
2.17415
2.17393
2.16892
2.15885
2.14838
2.13769
2.13297
2.11773
2.11172
2.09127
2.08649
2.06578
2.06042
2.03995
2.02927
2.01968
2.00403
1.98854
1.96755
1.95787
1.93706
1.92624
1.89078
1.88454
1.86382
1.85453
1.82821
1.8228
1.80692
1.79757
1.78713
1.78108
1.76106
1.75006
1.74562
1.73549
1.73433
1.72918
1.72514
1.71389
1.71389
1.70903
1.70851
1.70297
1.70446
1.69853
1.69373
1.69337
1.69354
1.68802
1.67798
1.67803
1.67308
1.67294
1.66788
1.66205
1.65807
1.65299
1.65193
1.64218
1.63707
1.63166
1.62664
1.61621
1.61062
1.60634
1.60068
1.59522
1.59072
1.58063
1.57983
1.57507
1.57004
1.56433
1.55422
1.54953
1.53915
1.53861
1.52801
1.524
1.51875
1.51208
1.50795
1.50733
1.49814
1.49697
1.49165
1.48762
1.48203
1.48201
1.47165
1.47134
1.46119
1.46116
1.45665
1.45628
1.4457
1.44577
1.44552
1.4402
1.44112
1.4358
1.43018
1.43071
1.42488
