1.73027
1.72025
1.70925
1.70433
1.69362
1.68852
1.67814
1.67308
1.66267
1.66284
1.6521
1.65229
1.64699
1.64697
1.64713
1.64172
1.64194
1.6423
1.64149
1.64162
1.64205
1.64177
1.64189
1.64139
1.64639
1.64264
1.64771
1.64651
1.64149
1.64175
1.64193
1.64181
1.63697
1.63686
1.63676
1.63674
1.62647
1.63123
1.6269
1.62138
1.61553
1.61651
1.61131
1.61062
1.60096
1.60024
1.59599
1.59048
1.58589
1.58446
1.58027
1.56946
1.56388
1.56045
1.5543
1.54946
1.54481
1.54293
1.53264
1.53412
1.52799
1.52405
1.51881
1.5177
1.51216
1.51329
1.50276
1.50227
1.4925
1.49194
1.48698
1.48688
1.48259
1.47633
1.47118
1.47163
1.46115
1.46121
1.4612
1.46112
1.46118
1.46113
1.46563
1.4717
1.48142
1.49185
1.52191
1.54739
1.56427
1.57899
1.6153
1.63561
1.67142
1.69253
1.71279
1.75966
1.78475
1.85739
1.90408
1.92954
1.95057
1.99706
2.01714
2.07987
2.11658
2.13613
2.16778
2.17825
2.1931
2.21455
2.22444
2.24001
2.24587
2.25575
2.26153
2.26609
2.26707
2.26215
2.26084
2.25159
2.24085
2.23599
2.2257
2.21521
2.19501
2.18448
2.16937
2.1585
2.13889
2.13203
2.10277
2.07112
2.06012
2.03962
2.03
1.99814
1.97825
1.97247
1.96283
1.93158
1.9159
1.90546
1.90055
1.88471
1.87553
1.8583
1.84828
1.83871
1.82798
1.82304
1.81751
1.81251
1.80773
1.80168
1.80177
1.79167
1.79151
1.78132
1.78128
1.77616
1.776
1.76508
1.75537
1.75553
1.75025
1.74557
1.73987
1.74038
1.72995
1.72447
1.71953
1.71434
1.70903
1.70444
1.69894
1.69406
1.68852
1.67776
1.67829
1.66796
1.66299
1.65244
1.64752
1.63215
1.61591
1.61652
1.60599
1.60072
1.59062
1.585
1.5792
1.57567
1.56367
1.56014
1.54949
1.54847
1.53875
1.53362
1.53334
1.52771
1.52912
1.51813
1.51293
1.50746
1.50324
1.49236
1.49191
1.48183
1.48189
1.46658
1.46645
1.46102
1.45684
1.45082
1.44593
1.44576
1.44569
1.44083
1.44023
1.44072
1.45126
1.45494
1.46519
1.48179
1.49733
1.51136
1.5232
1.55348
1.56828
1.61999
1.68704
1.7029
1.7543
1.77975
1.82644
1.85177
1.92429
1.95041
2.00229
2.02256
2.08953
2.14655
2.16252
2.19379
2.20849
2.24041
2.26136
2.27083
2.28165
2.28182
2.28717
2.28181
2.27785
2.27618
2.26651
2.26226
2.25219
2.2458
2.23045
2.22601
2.20008
2.19463
2.17404
2.1645
2.13183
2.10267
2.0912
2.06547
2.06059
2.01382
1.99361
1.98323
1.95726
1.94759
1.9153
1.91162
1.89062
1.88454
1.8641
1.8589
1.84365
1.83361
1.82751
1.81657
1.8132
1.79807
1.79571
1.77619
1.76631
1.76093
1.75073
1.74993
1.73986
1.74008
1.73502
1.7301
1.72923
1.71905
1.7195
1.70921
1.70885
1.70373
1.69899
1.69396
1.68894
1.68781
1.67768
1.67343
1.66251
1.65768
1.64731
1.6325
1.62592
1.62158
1.61646
1.60612
1.60098
1.5911
1.58959
1.5796
1.57529
1.56949
1.55947
1.55416
1.54342
1.54411
1.52832
1.51821
1.51298
1.50272
1.50227
1.48741
1.48664
1.47667
1.47661
1.4663
1.46187
1.45049
1.45111
1.44113
1.44039
1.43475
1.43097
1.42552
1.42458
1.42029
1.41471
1.40983
1.40927
1.40946
1.40463
1.39963
1.39889
1.39451
1.3887
0
1.38449
1.38306
1.37938
1.37951
1.38271
1.37208
1.36953
1.36935
1.36211
1.36342
1.3628
1.36295
1.36312
1.37263
1.38348
1.38858
1.39849
1.41932
1.42951
1.45465
1.47119
1.52131
1.54307
1.58423
1.60387
1.65032
1.67701
1.754
1.77954
1.83654
1.86227
1.91392
1.93975
1.99138
2.0172
2.03856
2.08525
2.10489
2.14626
2.16322
2.19432
2.20806
2.22492
2.24023
2.25078
2.27115
2.2768
2.27707
2.28195
2.27731
2.27166
2.26731
2.25676
2.24098
2.2308
2.22029
2.21037
2.19455
2.18001
2.1531
2.14358
2.12304
2.11199
2.08662
2.07601
2.0351
2.00891
1.99885
1.96762
1.95255
1.93209
1.92049
1.89074
1.87476
1.86451
1.8383
1.83344
1.81801
1.81214
1.79728
1.79186
1.78167
1.77607
1.76576
1.76094
1.75099
1.74528
1.74045
1.73505
1.73042
1.72951
1.71409
1.71422
1.7085
1.70488
1.69432
1.69282
1.68775
1.68394
1.6737
1.67224
1.66844
1.66289
1.65734
1.64731
1.64691
1.6369
1.63168
1.62695
1.61608
1.6112
1.60136
1.59997
1.59618
1.58593
1.58001
1.56942
1.55922
1.55444
1.54354
1.53908
1.52361
1.52265
1.50855
1.49763
1.49708
1.48232
1.4814
1.47167
1.4669
1.45137
1.44605
1.44053
1.43481
1.43091
1.4254
1.42
1.41462
1.40991
1.4045
1.40417
1.39848
1.39974
1.38925
