1.79264
1.78642
1.77669
1.76601
1.76115
1.75575
1.74034
1.73523
1.72486
1.71973
1.71416
1.70963
1.70409
1.69869
1.6986
1.69387
1.68399
1.6826
1.67744
1.67354
1.67354
1.6675
1.66761
1.66291
1.65714
1.65745
1.6525
1.64799
1.64624
1.64086
1.63779
1.63283
1.6306
1.62774
1.62535
1.62267
1.62053
1.61096
1.61084
1.60033
1.60076
1.60037
1.59591
1.59014
1.58503
1.58017
1.56931
1.5649
1.55989
1.55427
1.54362
1.54392
1.53364
1.52847
1.52405
1.51746
1.50692
1.50871
1.49192
1.48785
1.48264
1.48155
1.4714
1.46669
1.45121
1.44571
1.44571
1.44012
1.44072
1.44081
1.44047
1.44041
1.44561
1.45062
1.46599
1.4759
1.4969
1.5122
1.52245
1.55293
1.56873
1.59915
1.62029
1.66116
1.67728
1.73957
1.76364
1.82686
1.88741
1.90999
1.95102
1.96624
2.00308
2.01752
2.04364
2.05944
2.08012
2.0856
2.10028
2.1109
2.12159
2.12747
2.13188
2.13732
2.13774
2.13228
2.13243
2.12229
2.12216
2.11752
2.1068
2.10182
2.08632
2.08079
2.06042
2.05528
2.03391
2.03012
2.01411
2.00879
1.99888
1.98299
1.96254
1.95226
1.92672
1.91628
1.90601
1.88536
1.87497
1.85421
1.84378
1.82273
1.81277
1.8025
1.78726
1.7813
1.77159
1.75615
1.7505
1.73502
1.72975
1.71985
1.71443
1.70409
1.70399
1.69323
1.69362
1.6884
1.68385
1.67867
1.67756
1.67778
1.67334
1.67246
1.6682
1.66724
1.66258
1.6624
1.65794
1.65689
1.65812
1.64746
1.64713
1.64134
1.63747
1.63208
1.62626
1.62644
1.61608
1.61114
1.60086
1.60034
1.59033
1.59014
1.57986
1.57548
1.56927
1.56927
1.5606
1.55566
1.54843
1.54419
1.53894
1.53838
1.52822
1.52832
1.51282
1.50831
1.50353
1.49722
1.4871
1.48687
1.47715
1.47133
1.46142
1.45643
1.446
1.44546
1.44032
1.43615
1.43023
1.42522
1.42487
1.41464
1.41474
1.40931
1.40932
1.40371
1.40485
1.40399
1.40374
1.40975
1.41424
1.41945
1.43503
1.44492
1.4555
1.47642
1.49587
1.51723
1.53705
1.57317
1.59005
1.60893
1.65049
1.67208
1.71923
1.74278
1.78952
1.81623
1.84174
1.86253
1.88349
1.90912
1.95042
1.97118
1.99208
2.03362
2.05375
2.07986
2.0955
2.12131
2.13194
2.14186
2.15265
2.15804
2.16761
2.1786
2.18379
2.18876
2.18941
2.18926
2.18908
2.18371
2.17932
2.1688
2.1639
2.14873
2.1427
2.1178
2.10641
2.08607
2.07642
2.05533
2.04531
2.03474
2.00912
1.99859
1.97299
1.9626
1.93719
1.92604
1.90522
1.89587
1.8848
1.8643
1.85419
1.8333
1.82823
1.8076
1.80226
1.79719
1.78182
1.77645
1.76604
1.76074
1.75567
1.74514
1.74017
1.7351
1.72968
1.72914
1.7253
1.72378
1.71367
1.7146
1.70916
1.7092
1.70401
1.69888
1.69908
1.69341
1.68869
1.68895
1.68309
1.67761
1.67821
1.67232
1.66887
1.66668
1.65677
1.65815
1.64751
1.64674
1.64235
1.63193
1.62681
1.6165
1.6157
1.60555
1.60136
1.59064
1.58513
1.58053
1.57459
1.57042
1.56894
1.55929
1.55478
1.5444
1.54327
1.53934
1.53318
1.52881
1.52782
1.51767
1.51369
1.50795
1.50255
1.50234
1.49202
1.48739
1.48236
1.47645
1.46619
1.46648
1.46167
1.45655
1.45111
1.44552
1.44137
1.43578
1.43047
1.42516
1.41984
1.41983
1.40986
1.40929
1.404
1.40462
1.39862
1.39486
1.39332
1.38315
1.3895
1.38436
1.38285
1.38328
1.38845
1.39408
1.39897
1.40862
1.42875
1.44064
1.4607
1.4756
1.49126
1.52264
1.54202
1.5781
1.59952
1.66139
1.68681
1.73322
1.75412
1.8002
1.8219
1.89306
1.91446
1.95039
1.97165
2.00295
2.02205
2.04841
2.07432
2.0953
2.10662
2.12255
2.12603
2.13714
2.14266
2.14229
2.14245
2.14285
2.13758
2.1375
2.13225
2.12791
2.12221
2.11201
2.10702
2.08616
2.07107
2.06051
2.05541
2.04514
2.03495
2.02431
2.00361
1.99374
1.97297
1.96249
1.94236
1.9316
1.92085
1.90034
1.8905
1.87025
1.86324
1.85023
1.84212
1.83484
1.82168
1.80708
1.80256
1.79213
1.78183
1.76608
1.76106
1.75513
1.75089
1.74053
1.73508
1.73494
1.73003
1.72935
1.72421
1.72459
1.71914
1.71941
1.71488
1.71361
1.71457
1.71483
1.70878
1.70362
1.70388
1.69893
1.69848
1.69876
1.69336
1.69362
1.68908
1.6785
1.67804
1.6731
1.67273
1.66759
1.66283
1.66231
1.65221
1.64721
1.64214
1.63687
1.62679
1.62155
1.61136
1.61094
1.60065
1.596
1.58999
1.58561
1.57527
1.57434
1.57058
1.56493
1.55957
1.55461
1.5492
1.54872
1.54374
1.53897
1.5285
1.52381
1.52303
1.51287
1.5127
1.50839
1.50323
1.50183
