1.80282
1.79187
1.77659
1.76651
1.75105
1.73999
1.7355
1.71992
1.71441
1.70454
1.70324
1.69316
1.69373
1.68853
1.68256
1.67728
1.67903
1.67664
1.67895
1.67318
1.6771
1.6782
1.6778
1.67745
1.67847
1.67833
1.67774
1.6831
1.68325
1.68305
1.68304
1.68328
1.68309
1.68358
1.68335
1.68304
1.67829
1.67344
1.67239
1.67316
1.66732
1.66793
1.65767
1.65214
1.64714
1.647
1.63678
1.63218
1.62705
1.62141
1.61572
1.61139
1.60083
1.59594
1.59007
1.5855
1.57497
1.57457
1.56464
1.5593
1.55432
1.54915
1.54467
1.54306
1.53319
1.53359
1.52855
1.52328
1.51801
1.51246
1.51309
1.50729
1.50827
1.50236
1.5025
1.49693
1.49772
1.49156
1.49254
1.49631
1.49675
1.50737
1.52302
1.53245
1.5527
1.56445
1.58962
1.60488
1.63587
1.65115
1.67147
1.7023
1.72362
1.75919
1.78023
1.81652
1.84164
1.85847
1.87754
1.8944
1.91348
1.95079
1.97081
2.00257
2.01801
2.04943
2.06371
2.08021
2.11093
2.1375
2.14194
2.15304
2.15743
2.16766
2.16891
2.16323
2.15853
2.15304
2.14848
2.13798
2.13274
2.11246
2.10663
2.08638
2.08116
2.06608
2.05527
2.01922
1.99905
1.98806
1.96743
1.95724
1.93692
1.92635
1.91567
1.89513
1.88533
1.86995
1.85899
1.84344
1.83862
1.83279
1.81727
1.80779
1.79729
1.79149
1.78629
1.78172
1.77606
1.77131
1.7706
1.76642
1.75508
1.75576
1.74999
1.74558
1.74564
1.73993
1.73999
1.73991
1.73447
1.73505
1.73459
1.73495
1.72988
1.72938
1.72984
1.72466
1.72465
1.72438
1.71966
1.71944
1.71477
1.71006
1.70814
1.70332
1.69935
1.69809
1.68887
1.68408
1.6776
1.67275
1.66814
1.65768
1.65717
1.65167
1.64771
1.63746
1.63174
1.62728
1.62606
1.6218
1.61087
1.61095
1.60068
1.59601
1.59125
1.58504
1.58507
1.57973
1.57522
1.56439
1.5644
1.55405
1.54971
1.54372
1.53931
1.53376
1.5284
1.5281
1.51778
1.51362
1.50757
1.50808
1.49682
1.49316
1.4879
1.48622
1.48651
1.48696
1.49135
1.50754
1.51707
1.54356
1.56971
1.58326
1.60056
1.63643
1.65098
1.71301
1.75381
1.77528
1.82124
1.84706
1.8679
1.91482
1.93911
1.98534
2.00818
2.06894
2.09041
2.1257
2.14247
2.17321
2.18816
2.22998
2.24122
2.2502
2.26127
2.26143
2.26714
2.26623
2.26683
2.26668
2.2617
2.25157
2.24152
2.23579
2.23063
2.21509
2.21037
2.19507
2.18401
2.16902
2.15879
2.12732
2.11781
2.09694
2.09095
2.06542
2.0557
2.0451
2.01915
2.00914
1.98847
1.97789
1.95708
1.94703
1.93708
1.91608
1.91073
1.88989
1.88503
1.86923
1.86447
1.85354
1.84381
1.83836
1.83309
1.82791
1.81769
1.81721
1.81307
1.80783
1.80208
1.7972
1.79684
1.78649
1.78682
1.78189
1.78076
1.78166
1.7716
1.77046
1.76627
1.76534
1.75979
1.76122
1.75536
1.75023
1.74575
1.74031
1.73486
1.73033
1.72458
1.7192
1.71454
1.69842
1.694
1.68927
1.68323
1.67321
1.66756
1.66257
1.6577
1.64146
1.63731
1.62566
1.6221
1.61149
1.60594
1.5959
1.59027
1.59012
1.58563
1.58003
1.57513
1.56947
1.56512
1.56
1.55384
1.54979
1.54374
1.53897
1.52283
1.51316
1.50766
1.50253
1.49755
1.48692
1.48254
1.47205
1.47107
1.46111
1.46158
1.45601
1.44535
1.4459
1.44012
1.43595
1.43122
1.42979
1.43043
1.42503
1.42496
1.4294
1.43075
1.43419
1.44066
1.44485
1.45552
1.4763
1.49114
1.51755
1.53189
1.54884
1.58495
1.59879
1.6451
1.66715
1.70853
1.73279
1.77969
1.80094
1.82622
1.87278
1.89335
1.96111
2.00709
2.02284
2.03889
2.07544
2.09431
2.13181
2.16239
2.17338
2.18368
2.19393
2.20009
2.20549
2.19921
2.20445
2.19455
2.19419
2.18902
2.18471
2.17402
2.1686
2.15907
2.15271
2.14387
2.137
2.11687
2.10747
2.08662
2.07648
2.06547
2.04481
2.03029
2.00946
1.99796
1.98899
1.97269
1.9528
1.92742
1.91496
1.89479
1.8856
1.86508
1.85366
1.82795
1.81819
1.80231
1.79724
1.78191
1.77635
1.76114
1.75574
1.74501
1.74526
1.73557
1.73456
1.72426
1.72474
1.71997
1.71868
1.71315
1.71045
1.71021
1.70324
1.70419
1.69843
1.69402
1.69385
1.69326
1.68802
1.68408
1.68247
1.67705
1.67873
1.67333
1.66763
1.66284
1.65779
1.6574
1.6522
1.64693
1.64129
1.63747
1.62664
1.6217
1.62086
1.61708
1.61037
1.60638
1.60029
1.59599
1.58567
1.58503
1.57535
1.57019
1.56914
1.55941
1.55471
1.54943
1.54888
1.54418
1.53373
1.53329
1.523
1.51202
1.50886
1.50304
1.49716
1.49185
1.48751
1.48251
1.47679
1.47168
1.47137
