1.69385
1.69326
1.68802
1.68408
1.68247
1.67705
1.67873
1.67333
1.66763
1.66284
1.65779
1.6574
1.6522
1.64693
1.64129
1.63747
1.62664
1.6217
1.62086
1.61708
1.61037
1.60638
1.60029
1.59599
1.58567
1.58503
1.57535
1.57019
1.56914
1.55941
1.55471
1.54943
1.54888
1.54418
1.53373
1.53329
1.523
1.51202
1.50886
1.50304
1.49716
1.49185
1.48751
1.48251
1.47679
1.47168
1.47137
1.46708
1.46574
1.4558
1.45616
1.4458
1.4452
1.44601
1.44095
1.44017
1.43584
1.43548
1.43084
1.43111
1.42945
1.4259
1.42429
1.42558
1.42457
1.43049
1.43478
1.44523
1.45083
1.46048
1.48114
1.49158
1.51786
1.53177
1.56282
1.57444
1.63006
1.65119
1.68668
1.70818
1.74932
1.76962
1.81107
1.82682
1.84708
1.88406
1.90346
1.95631
1.98656
1.99803
2.00784
2.03397
2.03886
2.05976
2.06962
2.07994
2.08612
2.08575
2.09154
2.09066
2.09064
2.09139
2.09081
2.08564
2.08153
2.07625
2.07024
2.06012
2.05028
2.03006
2.01902
1.99358
1.97271
1.95734
1.95208
1.92715
1.91539
1.89487
1.88566
1.85952
1.8487
1.82793
1.81838
1.80731
1.78709
1.77662
1.76112
1.751
1.73552
1.72497
1.70816
1.70472
1.69408
1.6931
1.68308
1.67882
1.67897
1.67195
1.6722
1.67343
1.66675
1.66844
1.66781
1.66752
1.66675
1.66307
1.663
1.66704
1.66194
1.66293
1.66221
1.66237
1.6626
1.65721
1.65753
1.65716
1.65725
1.65292
1.64745
1.64237
1.64198
1.63685
1.6323
1.63094
1.62123
1.62125
1.61118
1.61062
1.60526
1.60128
1.59548
1.58965
1.58623
1.5809
1.57431
1.56977
1.56452
1.5644
1.55424
1.55393
1.54375
1.54382
1.52895
1.52781
1.51784
1.51802
1.50802
1.50739
1.50327
1.49834
1.49214
1.48751
1.48197
1.47691
1.47164
1.47169
1.46191
1.46064
1.45564
1.45137
1.44655
1.44504
1.43548
1.43519
1.43066
1.42977
1.42604
1.42424
1.41567
1.41481
1.40981
1.40923
1.40841
1.41037
1.41485
1.41904
1.43509
1.4448
1.48061
1.49194
1.52741
1.54271
1.57916
1.60349
1.65008
1.67231
1.69677
1.74868
1.7745
1.83138
1.86202
1.94552
1.97548
2.02689
2.05387
2.10533
2.13051
2.15677
2.19817
2.21904
2.25533
2.27568
2.30239
2.31709
2.33795
2.3489
2.35387
2.36952
2.37007
2.37567
2.37942
2.37486
2.37517
2.37487
2.36496
2.36006
2.34969
2.34438
2.32928
2.3235
2.3144
2.30235
2.29859
2.28264
2.26204
2.25171
2.23645
2.21569
2.20024
2.17464
2.15881
2.13299
2.12264
2.09186
2.08149
2.06603
2.04021
2.02987
2.00412
1.99336
1.96835
1.95689
1.94749
1.91092
1.89564
1.88497
1.8748
1.86382
1.85469
1.83218
1.82215
1.8185
1.80825
1.80173
1.79761
1.79647
1.79252
1.7909
1.78093
1.78149
1.77146
1.77061
1.76632
1.76035
1.75593
1.75081
1.7503
1.73539
1.73434
1.72905
1.72531
1.71478
1.70914
1.70371
1.69457
1.68929
1.68312
1.67285
1.66757
1.65696
1.65326
1.64848
1.64143
1.63247
1.6272
1.62092
1.60543
1.60107
1.58575
1.58496
1.58068
1.56426
1.55424
1.54909
1.54405
1.53395
1.52852
1.5175
1.50741
1.50295
1.48666
1.48722
1.47659
1.47217
1.46164
1.46083
1.45074
1.44647
1.44053
1.43029
1.42568
1.41552
1.41407
1.40008
1.39407
1.38924
1.38373
1.36911
1.36429
1.36347
1.35784
1.35305
1.35288
1.35261
1.35712
1.35845
1.36194
1.36834
1.37749
1.38371
1.40398
1.41887
1.44548
1.4599
1.47623
1.51149
1.53235
1.58921
1.61444
1.66042
1.6823
1.72877
1.75341
1.80089
1.8257
1.85237
1.87303
1.89813
1.92006
1.96114
1.98153
2.02267
2.03872
2.08554
2.10031
2.12185
2.13635
2.14707
2.15811
2.16825
2.16878
2.16382
2.15811
2.14745
2.14331
2.12236
2.1173
2.09699
2.09115
2.06526
2.06079
2.03516
2.02919
2.01478
1.99367
1.98321
1.95723
1.94723
1.92123
1.91124
1.89559
1.87472
1.86446
1.82893
1.8175
1.79652
1.78277
1.76224
1.75491
1.73952
1.73104
1.7188
1.7035
1.69967
1.6837
1.67832
1.66804
1.66295
1.65829
1.65182
1.6524
1.64192
1.63737
1.63227
1.63093
1.62608
1.62213
1.62085
1.61528
1.61661
1.61133
1.60605
1.6055
1.59997
1.59655
1.596
1.59015
1.58543
1.5803
1.57503
1.57445
1.57012
1.56921
1.56538
1.56368
1.55405
1.55417
1.54425
1.54338
1.52888
1.52777
1.51781
1.51317
1.50233
1.49804
1.48708
1.48243
1.47157
1.46659
1.46164
1.45591
1.45126
1.44048
1.43613
1.43068
1.42495
1.4154
1.41411
1.40414
1.40457
1.39935
1.3887
1.38905
1.3833
1.37919
1.37411
1.36796
1.36844
1.36287
1.35842
