1.81706
1.79677
1.78784
1.76687
1.76053
1.74017
1.7353
1.71931
1.7105
1.7033
1.6883
1.68352
1.67407
1.67189
1.66233
1.66271
1.65752
1.65218
1.65215
1.65205
1.65233
1.65204
1.65207
1.65227
1.65265
1.65636
1.65685
1.65767
1.66289
1.66224
1.66739
1.66786
1.66756
1.67211
1.673
1.67316
1.67263
1.67804
1.678
1.67777
1.67774
1.67299
1.67271
1.66787
1.66755
1.66318
1.66202
1.65789
1.65689
1.65153
1.65317
1.64256
1.63644
1.6314
1.62171
1.6159
1.611
1.61084
1.60095
1.59584
1.59586
1.59015
1.58584
1.57987
1.5751
1.56461
1.56437
1.55991
1.54928
1.54876
1.53901
1.53873
1.52847
1.52361
1.51273
1.51292
1.50814
1.50333
1.50188
1.49745
1.49706
1.49757
1.49756
1.5015
1.50626
1.51839
1.53326
1.53843
1.57369
1.58484
1.61057
1.62531
1.65606
1.67209
1.68754
1.72335
1.73906
1.77447
1.79117
1.82699
1.84198
1.87316
1.88912
1.93526
1.94575
1.97186
1.98153
2.00842
2.0342
2.03866
2.05436
2.0595
2.0605
2.05968
2.05452
2.05529
2.05041
2.0492
2.03509
2.02919
2.01905
2.01403
1.99823
1.99359
1.97281
1.96709
1.95792
1.94226
1.93129
1.90584
1.90027
1.87052
1.82873
1.80794
1.79748
1.77172
1.76062
1.74479
1.73556
1.72451
1.71522
1.70432
1.69411
1.68902
1.68296
1.67885
1.67305
1.66788
1.66338
1.66181
1.6621
1.66316
1.65725
1.65743
1.65721
1.65759
1.65712
1.65717
1.65752
1.65798
1.65643
1.6519
1.65693
1.65222
1.65214
1.65224
1.65194
1.64786
1.6425
1.64151
1.63737
1.63614
1.63269
1.63194
1.63121
1.62627
1.62164
1.61675
1.61053
1.6063
1.60526
1.60014
1.59601
1.59042
1.58563
1.58013
1.57477
1.56974
1.56952
1.55934
1.55433
1.54942
1.54366
1.53914
1.5338
1.52852
1.52358
1.51312
1.51252
1.50712
1.50324
1.49148
1.49305
1.48274
1.48151
1.47601
1.47228
1.46708
1.46581
1.46063
1.45709
1.45561
1.45045
1.45111
1.45098
1.4556
1.46101
1.46116
1.47056
1.48612
1.49196
1.51765
1.5324
1.5632
1.5794
1.59936
1.65051
1.69196
1.71327
1.73338
1.78
1.80083
1.84658
1.86832
1.91512
1.93404
1.99773
2.02196
2.05802
2.08059
2.11113
2.12593
2.15169
2.16328
2.17753
2.19316
2.20484
2.21484
2.21953
2.23055
2.2308
2.23064
2.22528
2.22084
2.22015
2.21037
2.20455
2.18991
2.18408
2.16862
2.16394
2.14801
2.13852
2.11159
2.09759
2.07658
2.07003
2.0449
2.03501
2.01478
2.00337
1.9943
1.96211
1.93233
1.92557
1.90485
1.89566
1.88006
1.87452
1.85953
1.85357
1.84875
1.83353
1.83241
1.82225
1.81835
1.8131
1.81199
1.80193
1.79748
1.7927
1.79076
1.79152
1.78679
1.78049
1.78187
1.77718
1.77525
1.77081
1.77095
1.77104
1.76117
1.76021
1.7556
1.75531
1.75045
1.74473
1.74581
1.74012
1.73556
1.73454
1.72884
1.72537
1.72008
1.71382
1.71447
1.70409
1.70366
1.69336
1.6888
1.68348
1.67809
1.6678
1.66308
1.65788
1.65208
1.64203
1.6372
1.63193
1.62214
1.62049
1.61027
1.60683
1.59654
1.58971
1.59098
1.58493
1.58038
1.56996
1.56929
1.55903
1.55507
1.55328
1.54396
1.53351
1.52845
1.51783
1.51363
1.50807
1.50273
1.49803
1.49719
1.48754
1.48653
1.4918
1.49639
1.50244
1.52159
1.55838
1.56918
1.60002
1.61472
1.66182
1.69832
1.71759
1.73912
1.7799
1.80091
1.83645
1.85786
1.87795
1.91456
1.9348
1.97049
1.98777
2.02333
2.03374
2.07419
2.09078
2.10639
2.12084
2.13639
2.14328
2.15326
2.15766
2.1585
2.16346
2.15829
2.15808
2.15866
2.14856
2.14735
2.1328
2.11737
2.11126
2.10275
2.08682
2.07584
2.06073
2.05027
2.02977
2.01881
1.99378
1.95643
1.94789
1.92669
1.91586
1.87462
1.85895
1.84925
1.82841
1.82281
1.80725
1.79204
1.78159
1.77661
1.76653
1.76078
1.75505
1.75092
1.74495
1.73933
1.74041
1.73486
1.73476
1.72998
1.72933
1.72936
1.72995
1.72449
1.71968
1.71912
1.71945
1.71395
1.7143
1.71379
1.7086
1.7048
1.70439
1.69893
1.69844
1.694
1.69315
1.68891
1.68788
1.68278
1.68383
1.67781
1.67265
1.66844
1.6635
1.66228
1.65249
1.652
1.6414
1.63734
1.62711
1.62632
1.61696
1.61024
1.60073
1.59592
1.58511
1.58508
1.58027
1.57475
1.57031
1.56554
1.5636
1.55834
1.55508
1.5502
1.54799
1.54479
1.53994
1.53798
1.52939
1.52742
1.52264
1.51896
1.51395
1.51196
1.50746
1.50779
1.50181
1.50293
1.49696
1.49723
1.49184
1.48755
1.48224
1.47735
1.47614
1.47124
1.4716
1.46623
1.46642
1.46147
1.46091
1.46101
