1.65728
1.66226
1.65786
1.66301
1.66214
1.65729
1.66222
1.66277
1.66229
1.66313
1.66241
1.66289
1.65771
1.65722
1.65746
1.65725
1.65743
1.65249
1.65188
1.65252
1.64704
1.64171
1.63746
1.63654
1.63135
1.62713
1.62178
1.61603
1.61653
1.61114
1.61076
1.60525
1.60119
1.59567
1.59032
1.58538
1.5849
1.57518
1.57439
1.56979
1.56491
1.56402
1.55844
1.55509
1.55326
1.54325
1.54458
1.53399
1.533
1.52295
1.52361
1.51792
1.51311
1.50806
1.50732
1.50242
1.49764
1.4918
1.49279
1.4868
1.48664
1.48234
1.47172
1.47143
1.47161
1.47096
1.47116
1.47652
1.48124
1.49659
1.50708
1.52764
1.54291
1.58455
1.59959
1.63599
1.65578
1.69685
1.71378
1.75477
1.77455
1.79542
1.84213
1.86753
1.90866
1.93022
1.97185
1.99611
2.01291
2.04948
2.06855
2.09935
2.11706
2.13053
2.14298
2.15707
2.16334
2.17907
2.18798
2.19908
2.20422
2.20916
2.21036
2.20932
2.20997
2.20968
2.20495
2.19944
2.18912
2.18478
2.17888
2.17436
2.16386
2.15844
2.14276
2.13332
2.11226
2.10675
2.09231
2.07193
2.05981
2.0391
2.03043
1.99315
1.97872
1.95733
1.9419
1.9163
1.90599
1.89565
1.88499
1.87
1.86387
1.85457
1.84351
1.8337
1.8129
1.80733
1.78631
1.78172
1.77148
1.76568
1.76101
1.75009
1.74595
1.73473
1.72915
1.7255
1.72413
1.71977
1.71444
1.70914
1.70877
1.70308
1.70438
1.70376
1.69842
1.69402
1.68899
1.68745
1.68898
1.68342
1.68305
1.67802
1.67792
1.67855
1.67295
1.67283
1.66796
1.66257
1.66252
1.65289
1.64804
1.64675
1.64232
1.63175
1.62697
1.62195
1.61575
1.6163
1.61102
1.60594
1.60106
1.59546
1.59054
1.57998
1.57003
1.56971
1.55969
1.559
1.55491
1.55354
1.54395
1.54358
1.53313
1.53364
1.52885
1.52289
1.52338
1.51836
1.50867
1.49756
1.49706
1.48719
1.48725
1.47734
1.47121
1.46677
1.46641
1.46174
1.45616
1.45136
1.45104
1.44589
1.4508
1.44594
1.44997
1.45533
1.46087
1.476
1.48644
1.50224
1.51677
1.53296
1.5792
1.61518
1.6357
1.69734
1.72276
1.77453
1.80071
1.85187
1.87789
1.93465
1.96068
2.0378
2.06409
2.11067
2.13107
2.17314
2.19264
2.21459
2.24004
2.25555
2.28181
2.2866
2.29712
2.31258
2.31792
2.32342
2.32828
2.32366
2.32319
2.31885
2.31282
2.2984
2.28759
2.27816
2.26672
2.24637
2.23585
2.21493
2.20574
2.19449
2.16863
2.15424
2.12882
2.11669
2.09192
2.07617
2.06627
2.04056
2.02435
1.99874
1.98835
1.96242
1.95229
1.9367
1.9264
1.91616
1.90082
1.88014
1.8694
1.85415
1.8483
1.83912
1.82301
1.81257
1.80231
1.7968
1.78198
1.77582
1.76538
1.76651
1.75596
1.75502
1.7452
1.74025
1.73974
1.73506
1.73495
1.72937
1.72509
1.71968
1.71446
1.70899
1.70903
1.70893
1.69898
1.69848
1.69908
1.69344
1.68816
1.68358
1.68289
1.67317
1.67259
1.66703
1.66331
1.65776
1.65224
1.64719
1.63761
1.62739
1.62604
1.6221
1.61137
1.60608
1.59581
1.59549
1.58471
1.58085
1.57439
1.57047
1.56899
1.56548
1.5592
1.55454
1.54431
1.5433
1.53315
1.52918
1.52762
1.52429
1.51775
1.51853
1.50841
1.50212
1.50278
1.49224
1.4871
1.48205
1.47717
1.47175
1.4668
1.46598
1.46174
1.45623
1.45136
1.44587
1.44098
1.43585
1.43048
1.42997
1.42586
1.42436
1.42064
1.42033
1.41461
1.40928
1.4097
1.41499
1.41442
1.41491
1.4193
1.42521
1.43369
1.44974
1.46054
1.48632
1.49635
1.51217
1.54792
1.56377
1.60029
1.62431
1.69225
1.71268
1.7648
1.78987
1.83668
1.86745
1.91397
1.93971
1.96601
1.98616
2.00763
2.02798
2.06911
2.09002
2.12077
2.14159
2.15239
2.18288
2.18926
2.20971
2.21426
2.22471
2.23018
2.23068
2.23026
2.23584
2.23582
2.23073
2.23033
2.22054
2.21537
2.20506
2.19952
2.19046
2.17481
2.1688
2.14345
2.13766
2.11231
2.10189
2.09218
2.0665
2.05496
2.04598
2.0201
2.00886
1.98292
1.96821
1.94251
1.9311
1.90564
1.89559
1.87465
1.86454
1.85369
1.84375
1.83314
1.82302
1.80781
1.79681
1.77704
1.77091
1.75574
1.75044
1.7399
1.72993
1.72522
1.72032
1.71942
1.71466
1.70884
1.70905
1.7037
1.70393
1.69848
1.69922
1.69345
1.69344
1.68813
1.68364
1.68319
1.68314
1.67838
1.67765
1.67327
1.67256
1.66756
1.66776
1.66254
1.65766
1.65664
1.65115
1.64852
1.63657
1.63227
1.62703
1.62062
1.61026
1.61141
1.606
1.60061
1.59572
1.59027
1.58572
1.58014
1.57475
1.56987
1.56497
1.55946
1.55396
1.54938
1.54371
1.53802
1.53912
