1.61514
1.60967
1.60706
1.60138
1.59502
1.59089
1.58555
1.57982
1.56966
1.56953
1.55919
1.55984
1.55387
1.54867
1.54427
1.53394
1.53347
1.52856
1.52357
1.52323
1.51813
1.50817
1.50718
1.49703
1.49796
1.49191
1.48289
1.47223
1.47127
1.46114
1.46119
1.45663
1.44541
1.44581
1.44076
1.43574
1.43015
1.4248
1.42036
1.41984
1.4099
1.40929
1.39995
1.39856
1.39304
1.39034
1.38778
1.38313
1.38407
1.374
1.37277
1.36786
1.36855
1.36297
1.36314
1.36313
1.36787
1.36806
1.37792
1.38342
1.39844
1.41395
1.43424
1.45033
1.48616
1.50134
1.5219
1.53738
1.55773
1.58347
1.62489
1.65051
1.69733
1.72275
1.74923
1.80105
1.82601
1.87241
1.89899
1.94555
1.97071
1.99203
2.03314
2.05373
2.08991
2.10601
2.132
2.14639
2.16765
2.17845
2.18841
2.20464
2.20905
2.21426
2.21506
2.21496
2.21499
2.21046
2.20565
2.19947
2.18448
2.1638
2.1536
2.13773
2.12813
2.09171
2.08121
2.06019
2.04586
2.02005
2.00853
1.98334
1.96782
1.95783
1.93217
1.91586
1.89488
1.88603
1.86007
1.84339
1.83389
1.81281
1.80738
1.77694
1.76055
1.75638
1.74521
1.73427
1.7305
1.71959
1.70978
1.70469
1.69872
1.69855
1.69377
1.68854
1.68366
1.68769
1.67815
1.68274
1.67744
1.67847
1.67805
1.67313
1.67265
1.67278
1.67286
1.67286
1.67281
1.67251
1.67347
1.66747
1.66783
1.6676
1.66237
1.66259
1.65735
1.65246
1.65206
1.65235
1.64209
1.63674
1.63679
1.63174
1.63103
1.62707
1.62156
1.61606
1.6061
1.6055
1.59054
1.58551
1.56964
1.56474
1.55937
1.5547
1.54921
1.54384
1.52848
1.5282
1.51838
1.5132
1.50736
1.503
1.49754
1.49226
1.48722
1.47662
1.47668
1.47214
1.46166
1.4608
1.4507
1.44609
1.43582
1.43496
1.42455
1.42051
1.41029
1.409
1.40358
1.4001
1.39319
1.3894
1.38918
1.3838
1.37887
1.37835
1.37844
1.37868
1.37836
1.37823
1.37881
1.37873
1.38284
1.39823
1.40476
1.41336
1.43435
1.44984
1.49576
1.52718
1.54778
1.56831
1.60956
1.63574
1.68184
1.70763
1.75356
1.77985
1.80588
1.85744
1.88271
1.93481
1.96021
2.01235
2.03271
2.05405
2.10092
2.11998
2.15178
2.16766
2.19905
2.20906
2.21963
2.24036
2.24545
2.25603
2.26099
2.26613
2.26689
2.26685
2.26181
2.25623
2.24568
2.24166
2.22601
2.21551
2.19012
2.17957
2.15868
2.14844
2.12271
2.10738
2.06592
2.0558
2.02472
2.01454
1.96747
1.95276
1.94153
1.92214
1.91033
1.87977
1.87014
1.83933
1.82785
1.81827
1.80756
1.79735
1.78221
1.76152
1.75544
1.73496
1.73023
1.71526
1.70848
1.7049
1.69427
1.69254
1.68271
1.68388
1.67771
1.67345
1.67272
1.66849
1.66862
1.66337
1.66227
1.66266
1.65774
1.65699
1.65701
1.65808
1.65741
1.65195
1.65239
1.64713
1.64746
1.64228
1.63767
1.63598
1.63721
1.63187
1.63128
1.62693
1.62198
1.61564
1.6108
1.61096
1.59541
1.59539
1.58967
1.58586
1.57567
1.57402
1.57049
1.56482
1.55921
1.54898
1.54394
1.53851
1.53914
1.52821
1.52349
1.51796
1.50829
1.50712
1.49723
1.4969
1.48709
1.48205
1.47686
1.47192
1.46134
1.46103
1.44593
1.44586
1.44551
1.43497
1.43565
1.42451
1.42009
1.41461
1.40995
1.40919
1.39937
1.39912
1.3945
1.38877
1.38432
1.38328
1.38358
1.38373
1.38375
1.39419
1.39865
1.40901
1.41438
1.43548
1.44935
1.4661
1.4922
1.51112
1.54197
1.5592
1.59501
1.61437
1.63583
1.67697
1.69734
1.7391
1.75924
1.79498
1.81667
1.83701
1.86798
1.88851
1.91961
1.9352
1.97148
1.98217
2.00811
2.01842
2.02872
2.03383
2.04422
2.04485
2.04883
2.05408
2.05066
2.05026
2.04937
2.04405
2.04022
2.03393
2.02388
2.01954
2.00394
1.99311
1.97813
1.96762
1.95752
1.93197
1.92584
1.89059
1.86479
1.84901
1.83862
1.82873
1.81281
1.80739
1.78111
1.76719
1.74587
1.73527
1.71472
1.7048
1.69859
1.67772
1.67337
1.65765
1.65272
1.64239
1.64152
1.63244
1.6264
1.62154
1.616
1.61124
1.60604
1.61038
1.60566
1.60124
1.60082
1.60084
1.60024
1.60026
1.60082
1.60075
1.60039
1.60045
1.60064
1.6006
1.60052
1.60058
1.60057
1.60055
1.60062
1.60042
1.59556
1.59529
1.5958
1.59109
1.58958
1.58503
1.58511
1.57479
1.57475
1.56985
1.56944
1.5648
1.56402
1.55508
1.54807
1.54362
1.53896
1.53422
1.52798
1.5228
1.51886
1.50832
1.50708
1.50246
1.49794
1.49189
1.48754
1.48645
1.47692
1.46651
1.46169
1.45659
1.45074
1.45086
1.44084
1.44033
1.43551
1.43031
1.42531
1.41955
