1.73065
1.72435
1.70894
1.70944
1.69874
1.69407
1.69312
1.69373
1.6885
1.68367
1.68377
1.68271
1.68335
1.6785
1.67805
1.67862
1.67752
1.67773
1.683
1.6783
1.6779
1.68249
1.67881
1.68336
1.68307
1.67772
1.67865
1.67322
1.66802
1.66336
1.66224
1.65748
1.65722
1.65149
1.64793
1.64631
1.64278
1.63628
1.63259
1.62769
1.62092
1.61592
1.61128
1.60611
1.59621
1.59473
1.58466
1.58096
1.57527
1.56991
1.56446
1.55435
1.54903
1.53932
1.53805
1.52375
1.52264
1.51301
1.50773
1.49755
1.4971
1.48687
1.4875
1.47186
1.46632
1.46179
1.4611
1.45091
1.44625
1.44528
1.43479
1.43622
1.43041
1.42501
1.42503
1.42948
1.43072
1.44928
1.46496
1.47659
1.52224
1.53742
1.57335
1.59442
1.63521
1.66123
1.70736
1.73367
1.75908
1.81566
1.84169
1.8987
1.92854
2.01211
2.03791
2.08981
2.11493
2.1617
2.18816
2.22457
2.2443
2.26108
2.2874
2.30128
2.32263
2.32841
2.3485
2.35419
2.35422
2.35972
2.35446
2.34981
2.33426
2.31294
2.30836
2.29826
2.2721
2.24624
2.2369
2.22043
2.19049
2.17885
2.14816
2.13349
2.1028
2.08611
2.04085
2.02938
1.99798
1.97925
1.95253
1.93675
1.92162
1.89598
1.88512
1.85962
1.84865
1.82849
1.82248
1.80177
1.78598
1.7707
1.76136
1.74532
1.74049
1.72996
1.72981
1.71871
1.71492
1.70919
1.70437
1.69873
1.69381
1.68856
1.68811
1.67795
1.6781
1.66823
1.66768
1.66205
1.65802
1.64706
1.64218
1.63722
1.63181
1.62155
1.62095
1.61111
1.6112
1.60085
1.59529
1.59067
1.58027
1.57513
1.56501
1.55954
1.54937
1.54411
1.54384
1.52776
1.5287
1.51292
1.51272
1.49673
1.49291
1.4871
1.47778
1.47574
1.46623
1.46151
1.45118
1.44611
1.44597
1.43013
1.42578
1.41488
1.40978
1.40408
1.39971
1.39427
1.38452
1.38311
1.37394
1.36354
1.3627
1.3585
1.35306
1.34269
1.33805
1.33666
1.32712
1.3268
1.32735
1.32645
1.3265
1.33697
1.34734
1.35702
1.36823
1.3931
1.40892
1.44456
1.46552
1.50674
1.53165
1.56315
1.61965
1.65027
1.71685
1.74911
1.82075
1.85628
1.89292
1.92377
1.96505
1.99613
2.10475
2.20294
2.25984
2.28568
2.31193
2.35902
2.38327
2.42036
2.44101
2.47773
2.48764
2.50337
2.50905
2.51964
2.51998
2.515
2.51927
2.51494
2.49995
2.49329
2.47844
2.46884
2.42263
2.39649
2.38125
2.35011
2.33436
2.30379
2.2833
2.26704
2.23091
2.21638
2.18016
2.16403
2.12776
2.1131
2.09194
2.06058
2.04556
2.01494
1.99835
1.97299
1.95805
1.94166
1.93223
1.91584
1.90599
1.86977
1.83904
1.82839
1.81317
1.80668
1.78647
1.78189
1.76603
1.76115
1.74073
1.7345
1.72937
1.72014
1.71007
1.70818
1.69435
1.68843
1.67828
1.67777
1.66756
1.66329
1.65108
1.64821
1.63758
1.63163
1.61665
1.61084
1.60073
1.59553
1.58466
1.57568
1.55947
1.55416
1.54349
1.53916
1.52381
1.52261
1.50347
1.48713
1.48205
1.47217
1.46648
1.44644
1.43034
1.42561
1.41538
1.40979
1.39972
1.39424
1.37833
1.37871
1.36877
1.36293
1.3526
1.3421
1.33813
1.33174
1.32706
1.32194
1.31175
1.30627
1.30127
1.2961
1.29133
1.28101
1.27512
1.27057
1.26028
1.25485
1.25459
1.25515
1.25531
1.25414
1.26464
1.26967
1.28543
1.29546
1.30996
1.3407
1.35783
1.39862
1.42272
1.50046
1.53156
1.5932
1.62937
1.73309
1.77327
1.84562
1.88327
1.95539
1.9951
2.10464
2.13546
2.20299
2.23411
2.29099
2.31661
2.36811
2.39015
2.44139
2.45686
2.47816
2.49254
2.50902
2.51465
2.51418
2.50976
2.5036
2.48859
2.48416
2.46875
2.44862
2.43657
2.39693
2.37075
2.35543
2.3046
2.28724
2.25135
2.23227
2.19635
2.17906
2.14267
2.12408
2.10634
2.07006
2.05696
2.02068
2.0032
1.9579
1.94712
1.91667
1.90527
1.87903
1.8655
1.84452
1.82353
1.80268
1.792
1.77633
1.77154
1.75664
1.74972
1.74587
1.72951
1.72982
1.71509
1.71382
1.6994
1.68835
1.68344
1.67251
1.66822
1.65787
1.65249
1.64753
1.64178
1.63166
1.6266
1.61093
1.60605
1.59589
1.59012
1.57955
1.57532
1.55991
1.54376
1.53923
1.52347
1.52288
1.51303
1.50781
1.48711
1.47674
1.47195
1.45652
1.4511
1.44555
1.43604
1.42592
1.42476
1.4094
1.40994
1.39912
1.39484
1.38894
1.37831
1.37914
1.36894
1.36328
1.35835
1.35315
1.35233
1.34209
1.3427
1.33218
1.32715
1.32225
1.3214
1.31722
1.30677
1.30634
1.29647
1.29597
1.28061
1.27546
1.27002
1.2657
1.26
1.25473
1.25455
1.24994
1.249
1.24428
1.2443
1.24921
