1.86958
1.8549
1.84325
1.8175
1.80356
1.77792
1.76546
1.73521
1.72523
1.69853
1.68294
1.67365
1.65755
1.65227
1.64269
1.6372
1.63174
1.63113
1.63232
1.62637
1.6267
1.62619
1.62145
1.6262
1.62624
1.62657
1.62607
1.62625
1.62656
1.62659
1.62616
1.62694
1.6263
1.6211
1.62128
1.62117
1.62091
1.61544
1.61649
1.61572
1.61148
1.61038
1.60683
1.60188
1.60002
1.59001
1.59045
1.5856
1.58017
1.57974
1.5699
1.56938
1.56445
1.55999
1.54951
1.54396
1.53879
1.52811
1.51817
1.51299
1.50777
1.50748
1.49221
1.49211
1.47654
1.46659
1.46114
1.45578
1.4514
1.44025
1.42538
1.41988
1.41501
1.4096
1.39954
1.38859
1.38426
1.37958
1.37328
1.3676
1.3691
1.3631
1.36304
1.36875
1.37272
1.38296
1.39359
1.42926
1.43967
1.47074
1.48548
1.52747
1.54293
1.58925
1.61445
1.63581
1.66079
1.69213
1.71797
1.8316
1.88831
1.90928
1.96574
1.99125
2.04331
2.0641
2.08917
2.13077
2.15213
2.18273
2.19868
2.22433
2.24019
2.26082
2.26188
2.27654
2.28168
2.28184
2.28227
2.27739
2.27204
2.25652
2.25158
2.23051
2.22111
2.18911
2.17989
2.15352
2.14339
2.10274
2.05532
2.01446
1.99886
1.96315
1.95173
1.92106
1.91151
1.86935
1.8546
1.82829
1.81809
1.77119
1.7555
1.74608
1.72557
1.71915
1.70347
1.69337
1.68317
1.67873
1.67316
1.66775
1.65808
1.65674
1.65127
1.6533
1.64712
1.6425
1.63741
1.63575
1.62733
1.6256
1.61636
1.60659
1.60539
1.60606
1.59606
1.59529
1.58501
1.58521
1.57513
1.57483
1.56467
1.55972
1.55512
1.54841
1.54383
1.53882
1.52852
1.52812
1.52355
1.51278
1.51328
1.50327
1.50223
1.4871
1.48234
1.47186
1.47159
1.46039
1.45729
1.44656
1.44501
1.44133
1.43112
1.42466
1.41957
1.41517
1.40439
1.40475
1.39461
1.38915
1.38372
1.37918
1.37398
1.36815
1.35889
1.3572
1.34745
1.33765
1.33727
1.32729
1.32665
1.322
1.32636
1.32111
1.3267
1.33197
1.33653
1.35176
1.3782
1.39267
1.42395
1.43949
1.50578
1.53205
1.58357
1.61407
1.68055
1.71314
1.85701
1.9295
1.96008
2.03328
2.07217
2.17716
2.20796
2.2697
2.29632
2.35356
2.37355
2.4207
2.44066
2.45706
2.48809
2.50305
2.52426
2.52948
2.53976
2.5451
2.54558
2.54543
2.54539
2.5309
2.50947
2.49498
2.47414
2.46265
2.4374
2.4225
2.39664
2.37634
2.35987
2.32934
2.3138
2.27737
2.26292
2.22164
2.20512
2.18579
2.15472
2.13259
2.09644
2.07741
2.0457
2.02514
1.96246
1.93154
1.92175
1.88005
1.86462
1.83936
1.82771
1.80706
1.79789
1.78162
1.77168
1.75593
1.75032
1.74047
1.72957
1.72488
1.70843
1.70499
1.69488
1.68755
1.68451
1.67471
1.67134
1.65838
1.6517
1.64177
1.63741
1.62681
1.6265
1.61051
1.60641
1.60021
1.58965
1.58583
1.5758
1.57439
1.55861
1.55977
1.54394
1.5392
1.53324
1.52308
1.51871
1.50826
1.50268
1.49243
1.4871
1.48205
1.46645
1.45614
1.44658
1.44049
1.4307
1.42531
1.41503
1.4096
1.39934
1.39458
1.38922
1.37881
1.37385
1.36861
1.36344
1.36279
1.35275
1.34827
1.34228
1.33769
1.33203
1.32146
1.31705
1.30656
1.3061
1.29664
1.29145
1.28544
1.27974
1.27205
1.2615
1.25855
1.25622
1.24973
1.24452
1.23942
1.23841
1.23854
1.2441
1.25963
1.29002
1.30071
1.33217
1.34561
1.40853
1.48013
1.50643
1.53196
1.59349
1.68659
1.71753
1.7746
1.80959
1.87143
1.90426
1.96103
1.99022
2.04278
2.06899
2.09453
2.14099
2.16258
2.19893
2.2136
2.25066
2.26567
2.27589
2.28254
2.29246
2.29241
2.29235
2.29225
2.28812
2.278
2.27127
2.25637
2.25176
2.22103
2.21013
2.18468
2.17461
2.14917
2.13259
2.10745
2.09173
2.07636
2.04531
2.03482
1.99894
1.98372
1.95807
1.93722
1.92647
1.89527
1.88031
1.83924
1.82292
1.79729
1.78712
1.76674
1.7558
1.73532
1.72508
1.70956
1.69931
1.67909
1.67278
1.6624
1.65804
1.64709
1.64255
1.62588
1.62683
1.6166
1.61557
1.6112
1.61114
1.60614
1.59539
1.59048
1.59007
1.57962
1.58014
1.57524
1.5705
1.56893
1.56362
1.56013
1.55392
1.54948
1.54374
1.53923
1.53377
1.52906
1.52274
1.51265
1.50843
1.50274
1.49741
1.49237
1.48244
1.47682
1.47178
1.4668
1.46109
1.45121
1.44574
1.43568
1.43503
1.42444
1.42068
1.40396
1.40505
1.38914
1.3887
1.3785
1.37413
1.3623
1.35917
1.3534
1.34743
1.33721
1.33733
1.32718
1.32715
1.32188
1.31137
1.30696
1.29636
1.2957
1.28105
1.28001
1.27037
1.26988
1.25997
1.25969
