2.18423
2.15374
2.13837
2.11294
2.09695
2.08199
2.05106
2.03449
2.0036
1.98897
1.95123
1.93786
1.91174
1.90001
1.87429
1.85992
1.84855
1.82859
1.82255
1.80158
1.79778
1.78213
1.77611
1.76049
1.75625
1.75038
1.74024
1.73527
1.72971
1.72508
1.71418
1.71421
1.70411
1.69836
1.69371
1.68836
1.68381
1.67772
1.67252
1.67355
1.66313
1.6575
1.64774
1.64652
1.63618
1.6323
1.62676
1.62154
1.61104
1.6112
1.59553
1.59579
1.59018
1.57987
1.57548
1.56523
1.56429
1.54932
1.54374
1.53892
1.52739
1.51732
1.51385
1.50763
1.50208
1.49298
1.48161
1.47159
1.46693
1.45666
1.45112
1.44566
1.44068
1.43591
1.4255
1.42465
1.41428
1.41052
1.40923
1.39952
1.39896
1.38878
1.38933
1.37322
1.37345
1.36787
1.36817
1.36279
1.36326
1.36834
1.37299
1.38343
1.38866
1.40902
1.41925
1.45021
1.46508
1.52273
1.54161
1.58783
1.61548
1.66569
1.6927
1.72185
1.7791
1.81086
1.93543
1.9915
2.02159
2.07362
2.1045
2.1772
2.19866
2.23538
2.25435
2.28565
2.29734
2.31806
2.32767
2.34357
2.35475
2.35409
2.34857
2.34518
2.33445
2.33363
2.29835
2.27711
2.26306
2.23712
2.22561
2.18483
2.1691
2.13807
2.12826
2.09178
2.07631
2.05028
2.0356
2.01903
1.99309
1.97868
1.94787
1.93615
1.90106
1.88504
1.86442
1.85415
1.82844
1.80168
1.79324
1.78248
1.77548
1.76554
1.75011
1.74013
1.73533
1.73056
1.72942
1.71447
1.70838
1.70462
1.69437
1.69286
1.6877
1.684
1.67855
1.67309
1.66286
1.66225
1.65174
1.64767
1.64659
1.63655
1.63187
1.62141
1.61624
1.61097
1.606
1.59076
1.58985
1.57524
1.56949
1.56431
1.55466
1.54367
1.54396
1.52837
1.52308
1.51312
1.51289
1.49746
1.48247
1.47694
1.46686
1.46096
1.45611
1.44663
1.4449
1.43503
1.4311
1.42015
1.41474
1.40448
1.3943
1.38938
1.38361
1.3791
1.37818
1.36812
1.36824
1.35819
1.35776
1.35345
1.34692
1.34733
1.34733
1.34741
1.35249
1.35737
1.37754
1.39929
1.41291
1.46031
1.47559
1.51689
1.54176
1.59305
1.62066
1.64459
1.70646
1.73881
1.79563
1.83038
1.89267
1.92396
2.01718
2.04295
2.10032
2.13054
2.20326
2.22425
2.26547
2.28124
2.31232
2.32771
2.3426
2.35492
2.36509
2.36916
2.37504
2.37489
2.37002
2.36526
2.34958
2.33958
2.3238
2.31373
2.27774
2.23116
2.2206
2.1893
2.17987
2.14375
2.13267
2.09685
2.0815
2.0616
2.0359
2.01922
1.98843
1.97311
1.94205
1.93147
1.89486
1.88029
1.85945
1.84399
1.8287
1.81765
1.79243
1.78605
1.77023
1.76174
1.75113
1.74474
1.73025
1.72468
1.71442
1.70912
1.70435
1.69852
1.69377
1.6884
1.68342
1.67845
1.67763
1.66781
1.6676
1.66216
1.65313
1.65146
1.6461
1.64323
1.63093
1.62714
1.61688
1.61063
1.60032
1.59584
1.58495
1.58037
1.5697
1.56462
1.54979
1.54338
1.53419
1.5284
1.51342
1.50782
1.49792
1.49724
1.48214
1.48157
1.4667
1.46153
1.45104
1.44588
1.43571
1.43503
1.42484
1.42555
1.40976
1.40439
1.39939
1.39424
1.37848
1.37357
1.36879
1.36778
1.35802
1.35785
1.34739
1.34286
1.3321
1.33204
1.32184
1.32173
1.3115
1.30686
1.30586
1.29579
1.29607
1.29117
1.29042
1.29592
1.31123
1.32042
1.34128
1.35215
1.38297
1.3981
1.45965
1.48047
1.53166
1.55298
1.6447
1.67181
1.73345
1.76862
1.83092
1.86182
1.95531
1.99071
2.04269
2.07384
2.12575
2.15667
2.19807
2.21918
2.25585
2.26589
2.28123
2.30202
2.31747
2.32808
2.33328
2.339
2.33875
2.33431
2.32841
2.31391
2.30272
2.28772
2.27761
2.25155
2.2415
2.21058
2.20027
2.16929
2.14929
2.13783
2.10178
2.0918
2.06053
2.04107
2.00977
1.99333
1.95215
1.93263
1.90714
1.89436
1.86352
1.85493
1.84321
1.81746
1.80805
1.7828
1.78059
1.75146
1.74505
1.72445
1.71996
1.70902
1.70414
1.68884
1.68833
1.68391
1.67793
1.67324
1.66834
1.6622
1.65292
1.64812
1.64623
1.64313
1.63086
1.62544
1.62226
1.60565
1.60578
1.59496
1.59578
1.58491
1.5807
1.56477
1.56416
1.554
1.54931
1.53888
1.52827
1.52377
1.51816
1.50795
1.50243
1.49747
1.49236
1.47694
1.47189
1.46593
1.46183
1.4461
1.44538
1.43504
1.43102
1.42516
1.42038
1.41455
1.40441
1.39949
1.38877
1.38411
1.37912
1.37324
1.3627
1.36338
1.35801
1.35292
1.34314
1.34219
1.33263
1.32219
1.32141
1.31754
1.30652
1.30657
1.29622
1.29577
1.29112
1.28598
1.28582
1.28045
1.28038
1.28523
1.2855
1.29616
1.30013
1.33209
1.3414
1.37224
