2.46753
2.4887
2.49291
2.49812
2.49956
2.49379
2.47857
2.47355
2.45289
2.44281
2.42746
2.41679
2.40179
2.38105
2.34016
2.32373
2.29265
2.28296
2.21587
2.16924
2.13831
2.12316
2.07644
2.06106
2.03496
2.01997
1.9988
1.98828
1.96269
1.95213
1.94158
1.92058
1.91145
1.89602
1.88903
1.87417
1.86981
1.85367
1.84863
1.83338
1.822
1.81819
1.80773
1.80661
1.79689
1.7967
1.79195
1.78655
1.78145
1.7709
1.77112
1.7616
1.76021
1.75043
1.7453
1.73474
1.73033
1.7198
1.71472
1.70421
1.69905
1.6828
1.66785
1.66311
1.64612
1.64326
1.63231
1.62169
1.61136
1.60571
1.59054
1.58558
1.56959
1.56476
1.55453
1.54918
1.53836
1.53399
1.52261
1.51424
1.50752
1.49725
1.49292
1.47163
1.46099
1.45638
1.44597
1.44102
1.42569
1.42448
1.41474
1.41024
1.40517
1.40367
1.40389
1.40917
1.42458
1.43465
1.45479
1.46625
1.49728
1.51106
1.55311
1.57336
1.67042
1.73266
1.7643
1.86221
1.89782
1.9648
2.00165
2.09982
2.16177
2.19239
2.28111
2.30626
2.34784
2.37366
2.40953
2.42624
2.46218
2.47295
2.48358
2.49306
2.49864
2.49408
2.48896
2.47851
2.47372
2.45241
2.43836
2.41668
2.4068
2.38166
2.36973
2.33874
2.32485
2.28269
2.26787
2.23186
2.22051
2.18456
2.16973
2.12271
2.10734
2.06091
2.01984
2.00374
1.97763
1.96848
1.9431
1.92175
1.90093
1.86947
1.85898
1.84373
1.83844
1.82314
1.81772
1.8074
1.79719
1.78196
1.78072
1.77029
1.76175
1.75975
1.74985
1.74613
1.73514
1.73006
1.71976
1.7145
1.70373
1.69905
1.68863
1.68362
1.67295
1.66828
1.65737
1.64163
1.63274
1.62205
1.61568
1.60561
1.60138
1.58494
1.58064
1.56465
1.54886
1.54423
1.53432
1.52822
1.51351
1.49746
1.48729
1.48234
1.47161
1.47141
1.46118
1.4563
1.44119
1.43512
1.42539
1.42471
1.41034
1.39868
1.35303
1.3481
1.34265
1.33773
1.33681
1.33214
1.33685
1.33755
1.3428
1.35144
1.36709
1.37346
1.3994
1.41331
1.42446
1.43927
1.46041
1.47506
1.49648
1.54214
1.56354
1.61479
1.64006
1.6971
1.72818
1.78554
1.8199
1.88238
1.91396
2.00214
2.03201
2.08389
2.11536
2.16195
2.18791
2.209
2.24465
2.26066
2.29246
2.30128
2.32232
2.33394
2.33796
2.34853
2.3546
2.34959
2.34897
2.34435
2.33881
2.33907
2.32892
2.32391
2.31849
2.30239
2.29371
2.26778
2.26129
2.24736
2.23567
2.22133
2.20998
2.18429
2.16953
2.1434
2.12803
2.08674
2.07109
2.04586
2.02945
2.00931
1.994
1.98288
1.95665
1.94278
1.92186
1.91044
1.88508
1.87972
1.85831
1.84977
1.84284
1.82215
1.81845
1.80321
1.7965
1.78687
1.78647
1.78201
1.77189
1.76529
1.75523
1.75566
1.74555
1.74029
1.73525
1.72998
1.72506
1.71915
1.70973
1.70844
1.69877
1.69409
1.68899
1.68333
1.67358
1.66699
1.66376
1.65711
1.65263
1.64822
1.64132
1.63181
1.62641
1.62158
1.61075
1.60612
1.58542
1.58035
1.57024
1.56421
1.56461
1.54946
1.54815
1.52925
1.51854
1.50823
1.50266
1.49237
1.49198
1.48179
1.47698
1.46659
1.46126
1.45113
1.44568
1.44575
1.43551
1.43075
1.41998
1.41978
1.40973
1.40488
1.404
1.39854
1.39519
1.38434
1.37883
1.37829
1.36385
1.35872
1.3528
1.34743
1.34282
1.33788
1.33668
1.32803
1.32604
1.32313
1.32073
1.31598
1.31214
1.30181
1.30065
1.30179
1.29123
1.29039
1.29087
1.28998
1.29584
1.29602
1.31148
1.32035
1.34634
1.36224
1.37745
1.39312
1.4085
1.42884
1.46981
1.48684
1.53273
1.5574
1.60916
1.63563
1.66085
1.71791
1.74828
1.80025
1.82612
1.88314
1.9087
1.93007
1.99669
2.03317
2.05375
2.06951
2.10052
2.11091
2.13654
2.14264
2.15307
2.16274
2.168
2.16879
2.16855
2.16848
2.16852
2.16279
2.15406
2.14829
2.1382
2.11726
2.10682
2.08626
2.07634
2.04007
2.00908
1.99376
1.96827
1.95696
1.93111
1.91674
1.89037
1.87999
1.86463
1.83986
1.83229
1.80672
1.80297
1.78221
1.77081
1.76139
1.74523
1.73565
1.72503
1.71961
1.70978
1.7039
1.69931
1.69334
1.6881
1.67226
1.67332
1.66748
1.66779
1.66282
1.6629
1.65729
1.65726
1.65264
1.64811
1.65105
1.64822
1.64124
1.64273
1.6412
1.63633
1.63693
1.63147
1.63119
1.62699
1.62585
1.62235
1.62034
1.61566
1.61632
1.60537
1.60151
1.59585
1.59054
1.58537
1.58
1.57008
1.56919
1.56506
1.5591
1.55446
1.549
1.54452
1.53827
1.53348
1.52859
1.52286
1.51845
1.51275
1.50288
1.49771
1.49267
1.48681
1.48266
1.48154
1.47272
1.47052
1.4564
