1.79198
1.78691
1.76619
1.76071
1.75001
1.7408
1.7356
1.73459
1.72406
1.71993
1.71919
1.71454
1.70995
1.70826
1.70861
1.70444
1.69977
1.69781
1.69927
1.69415
1.693
1.68857
1.68337
1.6782
1.6737
1.67215
1.66698
1.66377
1.65664
1.65797
1.65202
1.64783
1.64261
1.63645
1.62642
1.62633
1.61672
1.61554
1.61162
1.60581
1.5955
1.59087
1.58002
1.57541
1.564
1.5599
1.54442
1.54333
1.53331
1.52867
1.52316
1.51269
1.5079
1.4979
1.49773
1.4869
1.48737
1.47673
1.47216
1.4709
1.46079
1.45654
1.45088
1.44598
1.44027
1.43582
1.42442
1.42103
1.41068
1.40866
1.40358
1.40017
1.39357
1.39442
1.38925
1.38904
1.38428
1.38808
1.38803
1.39391
1.39863
1.41397
1.4196
1.44551
1.45988
1.50678
1.56248
1.58938
1.63502
1.66146
1.71296
1.74334
1.82619
1.85184
1.90871
1.92938
1.98645
2.01183
2.03354
2.08001
2.09983
2.13646
2.15202
2.18337
2.19861
2.21942
2.22508
2.23479
2.24002
2.24617
2.24684
2.2502
2.24554
2.24126
2.24056
2.23055
2.22584
2.19981
2.1848
2.17399
2.16415
2.13855
2.13233
2.10672
2.09256
2.06666
2.05522
2.04065
2.00971
1.99807
1.96692
1.95765
1.92632
1.91134
1.90069
1.86938
1.85464
1.83348
1.81789
1.78244
1.77113
1.75073
1.74058
1.71958
1.70976
1.6887
1.68311
1.67322
1.66764
1.66185
1.65825
1.65281
1.65208
1.64257
1.64122
1.6361
1.6367
1.63212
1.63115
1.63183
1.63135
1.63118
1.62694
1.62713
1.6254
1.6162
1.61609
1.61157
1.61169
1.60542
1.60054
1.59573
1.5907
1.59025
1.58007
1.58024
1.57476
1.56938
1.56524
1.55999
1.55349
1.54894
1.54438
1.54337
1.53352
1.53332
1.528
1.52367
1.5072
1.50805
1.50231
1.49805
1.49237
1.48715
1.47677
1.47662
1.46684
1.4659
1.46217
1.45689
1.45081
1.44595
1.44541
1.43997
1.43616
1.43014
1.42481
1.42525
1.42024
1.41467
1.40895
1.40518
1.40494
1.40396
1.39879
1.39946
1.39903
1.39872
1.40438
1.42022
1.42891
1.44455
1.46062
1.48552
1.50679
1.56345
1.58369
1.62989
1.65583
1.71239
1.74332
1.76957
1.83153
1.86134
1.89373
1.95544
2.04808
2.07919
2.13597
2.16173
2.2089
2.23392
2.28066
2.29735
2.34242
2.35412
2.37463
2.38458
2.39504
2.40061
2.4067
2.40544
2.40066
2.39612
2.38027
2.37572
2.36076
2.34931
2.33983
2.3034
2.26283
2.25146
2.22066
2.20592
2.17471
2.15874
2.12764
2.11268
2.06593
2.05056
2.02016
2.00842
1.97831
1.96745
1.94228
1.92646
1.91602
1.89499
1.88549
1.86405
1.85439
1.8229
1.81253
1.80716
1.79118
1.78696
1.77634
1.77604
1.77125
1.76114
1.75544
1.74546
1.74481
1.74096
1.73467
1.73495
1.72472
1.7194
1.71429
1.70964
1.70496
1.69846
1.69433
1.68947
1.68301
1.67207
1.65825
1.65223
1.64735
1.64186
1.63152
1.62674
1.61125
1.6106
1.6063
1.59591
1.59046
1.58011
1.57537
1.56527
1.559
1.54333
1.53976
1.52919
1.52308
1.51283
1.50833
1.49231
1.4823
1.47668
1.46158
1.46087
1.45074
1.44603
1.43024
1.42001
1.40497
1.40394
1.39852
1.39484
1.38289
1.3743
1.36788
1.35717
1.35232
1.34852
1.34259
1.33753
1.3327
1.33648
1.33622
1.33809
1.35183
1.35826
1.37308
1.38299
1.42371
1.46011
1.48098
1.50092
1.5425
1.56783
1.61961
1.64991
1.70666
1.73825
1.83607
1.86744
1.93388
1.96132
2.05273
2.07952
2.13595
2.16179
2.20898
2.22901
2.26599
2.28566
2.30222
2.32769
2.33851
2.35419
2.35894
2.3691
2.37042
2.37072
2.36436
2.35438
2.35434
2.32974
2.31835
2.29766
2.2833
2.25746
2.24652
2.20028
2.18509
2.15943
2.14347
2.10721
2.0968
2.06047
2.04562
2.02968
1.99916
1.98802
1.95735
1.94224
1.90605
1.88004
1.86991
1.85913
1.82832
1.80267
1.792
1.77679
1.77111
1.75581
1.75524
1.74538
1.73997
1.73414
1.73053
1.72442
1.71995
1.7188
1.71384
1.71476
1.70902
1.70454
1.7036
1.69788
1.69927
1.69422
1.69287
1.68331
1.67763
1.67346
1.65753
1.64741
1.64238
1.63212
1.62661
1.61131
1.6062
1.59554
1.59085
1.58003
1.57017
1.56461
1.55396
1.54446
1.5393
1.52835
1.52378
1.51861
1.51254
1.49693
1.4865
1.4824
1.48145
1.47144
1.46662
1.46073
1.45179
1.44512
1.4306
1.42514
1.42074
1.41915
1.40955
1.40995
1.40469
1.3997
1.39439
1.38375
1.38369
1.37317
1.37358
1.35811
1.35315
1.35237
1.34256
1.34236
1.33256
1.33173
1.32744
1.32652
1.33186
1.33178
1.33659
1.33773
1.34655
1.36201
1.37308
1.41398
1.44511
1.46461
1.48144
1.52259
