2.13122
2.18853
2.23458
2.25046
2.27098
2.28175
2.29187
2.29722
2.30275
2.30737
2.29859
2.28697
2.28299
2.26756
2.26584
2.24572
2.24162
2.22074
2.21035
2.17998
2.16819
2.14238
2.13408
2.09143
2.05034
2.0404
2.01421
1.99941
1.94229
1.91661
1.90579
1.87979
1.86972
1.83867
1.82824
1.80756
1.79734
1.78161
1.77658
1.76078
1.75569
1.74575
1.74018
1.73437
1.73033
1.72533
1.71926
1.71419
1.714
1.70916
1.70376
1.70434
1.69881
1.69849
1.69369
1.69336
1.68344
1.68307
1.67795
1.67791
1.67205
1.66904
1.66141
1.66375
1.65334
1.65136
1.64141
1.64227
1.63188
1.62641
1.61106
1.60573
1.5964
1.59066
1.58506
1.5699
1.56442
1.55898
1.55508
1.54486
1.53845
1.52798
1.52853
1.52325
1.51332
1.50791
1.5025
1.49758
1.48719
1.48196
1.47724
1.46677
1.466
1.4561
1.44662
1.44976
1.45167
1.4565
1.46632
1.48178
1.507
1.54841
1.56341
1.59982
1.6197
1.66597
1.69245
1.76425
1.79004
1.84681
1.87291
1.9293
1.96028
2.06395
2.11037
2.13128
2.17845
2.19804
2.25086
2.26058
2.28627
2.29284
2.30833
2.31723
2.32904
2.32807
2.32816
2.32853
2.31833
2.3132
2.29364
2.28703
2.26675
2.26203
2.21584
2.19021
2.035
2.00398
1.97744
1.94709
1.92188
1.91093
1.90057
1.87378
1.86522
1.8443
1.83789
1.81744
1.81293
1.79784
1.78636
1.77603
1.77136
1.75547
1.751
1.74624
1.73979
1.73538
1.73434
1.72909
1.72517
1.72396
1.71927
1.71928
1.70867
1.70962
1.70398
1.69808
1.69918
1.68866
1.68815
1.67313
1.67314
1.66818
1.65754
1.65266
1.64752
1.64183
1.63741
1.63173
1.62658
1.62127
1.61094
1.61085
1.60008
1.59609
1.58555
1.57985
1.5755
1.56494
1.56408
1.55443
1.54892
1.53893
1.53361
1.52877
1.52352
1.51862
1.50828
1.50262
1.49774
1.4921
1.48769
1.47764
1.47585
1.46587
1.46217
1.45082
1.44063
1.44048
1.43003
1.43029
1.43067
1.42495
1.42503
1.42987
1.42999
1.43449
1.44492
1.45065
1.46613
1.48069
1.50645
1.52226
1.55815
1.57872
1.6402
1.66619
1.71743
1.74866
1.80559
1.83123
1.91908
2.00666
2.03285
2.08441
2.11041
2.1623
2.1827
2.22405
2.24002
2.25988
2.28601
2.30235
2.31749
2.32818
2.33318
2.33869
2.3438
2.34423
2.34953
2.3437
2.33939
2.3385
2.31846
2.31368
2.29794
2.28842
2.26312
2.25041
2.21637
2.19972
2.16985
2.15859
2.12785
2.11249
2.06604
2.05045
2.01946
2.00405
1.97885
1.96221
1.93714
1.92127
1.91092
1.88491
1.87529
1.85434
1.8437
1.82328
1.81745
1.80822
1.79292
1.78604
1.77109
1.77084
1.76131
1.75567
1.75035
1.74083
1.73542
1.72946
1.72975
1.71929
1.71944
1.71501
1.71385
1.7041
1.70362
1.69806
1.69425
1.69294
1.68899
1.68791
1.68415
1.67834
1.67773
1.66771
1.66765
1.66281
1.6574
1.65733
1.64681
1.64726
1.63244
1.62634
1.61615
1.61149
1.60062
1.59569
1.58498
1.58517
1.5802
1.56988
1.56485
1.55444
1.54942
1.53295
1.52421
1.51775
1.50274
1.50229
1.4923
1.48722
1.47658
1.47228
1.46109
1.44642
1.44507
1.44133
1.43095
1.42463
1.41937
1.41983
1.40422
1.4045
1.39437
1.38886
1.38897
1.38426
1.38337
1.37873
1.38322
1.38337
1.38878
1.39345
1.40843
1.41485
1.43521
1.44471
1.49074
1.50699
1.54337
1.56255
1.60899
1.63543
1.66063
1.68706
1.71229
1.74388
1.79582
1.82575
1.88287
1.90876
1.96554
1.99184
2.01151
2.03836
2.05874
2.08416
2.12091
2.14178
2.17801
2.19324
2.20396
2.21448
2.22491
2.23495
2.25619
2.26097
2.26675
2.26154
2.26151
2.2561
2.24589
2.24116
2.22544
2.21546
2.20536
2.18502
2.17875
2.15243
2.13924
2.11341
2.10124
2.0562
2.04464
2.01393
2.00448
1.95729
1.90054
1.87481
1.85955
1.8388
1.8282
1.80222
1.79235
1.78661
1.76621
1.7557
1.74497
1.73597
1.7253
1.71942
1.71441
1.7092
1.70395
1.69396
1.69318
1.68851
1.68812
1.68408
1.68413
1.67759
1.67286
1.67289
1.66813
1.67216
1.66164
1.66316
1.65767
1.6571
1.65265
1.65191
1.65198
1.64755
1.64211
1.6417
1.63681
1.63655
1.63103
1.6272
1.62562
1.61542
1.61666
1.61204
1.60511
1.60659
1.6051
1.60133
1.59554
1.58958
1.58476
1.57562
1.57409
1.56873
1.56571
1.55974
1.55408
1.54364
1.54386
1.53358
1.5288
1.52365
1.51828
1.51767
1.50781
1.50755
1.49704
1.49754
1.49225
1.48717
1.48687
1.48742
1.47694
1.47151
1.46654
1.46131
1.45592
1.4512
1.4407
1.44043
1.43521
1.43089
1.42972
1.43087
1.42486
1.42548
1.41982
1.42025
