1.79716
1.77657
1.76647
1.73996
1.73027
1.71462
1.70932
1.69414
1.68853
1.67337
1.65273
1.64734
1.63232
1.62644
1.61078
1.59603
1.59048
1.58014
1.57042
1.54939
1.5442
1.53395
1.52822
1.51356
1.50771
1.48768
1.47226
1.46647
1.46136
1.45116
1.44124
1.41967
1.41548
1.39954
1.39408
1.38386
1.37882
1.35816
1.34253
1.33746
1.3271
1.32194
1.30666
1.30148
1.28617
1.2803
1.27016
1.26524
1.25492
1.24998
1.23924
1.23463
1.22478
1.22277
1.20877
1.20355
1.19777
1.19785
1.19249
1.18798
1.1777
1.17793
1.17218
1.16713
1.16757
1.16586
1.16586
1.1721
1.17686
1.18724
1.22187
1.23871
1.26972
1.2891
1.33561
1.36183
1.45442
1.48992
1.56196
1.60349
1.68615
1.72707
1.85679
1.90178
1.94987
2.03683
2.11952
2.16113
2.27486
2.31094
2.3735
2.40446
2.45625
2.4817
2.54452
2.55985
2.58069
2.59634
2.60638
2.60818
2.61177
2.61314
2.60211
2.59255
2.57232
2.5611
2.5514
2.52115
2.50913
2.47365
2.45904
2.40231
2.38116
2.34
2.3194
2.27848
2.25753
2.21099
2.19031
2.14908
2.12827
2.10781
2.0665
2.0501
2.01397
1.99467
1.96306
1.94251
1.93154
1.8956
1.88501
1.87
1.8442
1.83331
1.80744
1.79745
1.78085
1.77231
1.745
1.72938
1.72015
1.71421
1.70964
1.70405
1.69913
1.68765
1.68411
1.6686
1.66247
1.65813
1.64768
1.64164
1.63152
1.62673
1.61634
1.60652
1.60021
1.58971
1.58582
1.56994
1.56453
1.544
1.53913
1.52369
1.51828
1.50277
1.49734
1.48229
1.47695
1.45615
1.45146
1.44067
1.43553
1.41952
1.41524
1.39938
1.38977
1.38855
1.37302
1.36925
1.36261
1.35228
1.34375
1.33302
1.3265
1.31648
1.31224
1.29153
1.27521
1.2709
1.2608
1.25455
1.2451
1.23426
1.22936
1.22837
1.21824
1.21422
1.20295
1.19798
1.19323
1.1878
1.18286
1.1819
1.17131
1.17261
1.16075
1.158
1.15291
1.15024
1.14531
1.14209
1.13515
1.13645
1.13077
1.13073
1.13568
1.13599
1.15606
1.16573
1.1913
1.20269
1.26277
1.34122
1.36671
1.42807
1.46457
1.54253
1.58184
1.66485
1.71181
1.75804
1.85112
1.89737
1.98987
2.03696
2.12498
2.17095
2.29069
2.33092
2.39913
2.43484
2.49201
2.52262
2.56922
2.6055
2.63215
2.64806
2.66855
2.67438
2.67479
2.67421
2.6641
2.65932
2.64386
2.63396
2.62329
2.59206
2.57764
2.54652
2.53037
2.48976
2.47394
2.41258
2.39635
2.35008
2.32998
2.26755
2.24241
2.20074
2.175
2.13438
2.11223
2.0766
2.05578
2.04087
2.0041
1.9886
1.95691
1.94293
1.91117
1.90086
1.87475
1.86492
1.85378
1.83327
1.8229
1.80722
1.79729
1.7761
1.77172
1.75552
1.75051
1.73565
1.72969
1.72513
1.7147
1.70888
1.69435
1.69325
1.67829
1.67333
1.66334
1.65705
1.65313
1.64253
1.6316
1.62136
1.61666
1.60121
1.59566
1.59071
1.57997
1.57055
1.54901
1.53885
1.52872
1.52348
1.51307
1.50326
1.48792
1.48138
1.47137
1.46232
1.45575
1.44077
1.43584
1.42506
1.42014
1.40483
1.39913
1.37962
1.37288
1.36342
1.36321
1.34766
1.34755
1.33243
1.32738
1.31705
1.31624
1.30114
1.29661
1.28539
1.28093
1.27057
1.26535
1.25951
1.25552
1.24028
1.23822
1.23291
1.23031
1.21298
1.20894
1.208
1.19743
1.19813
1.1868
1.18143
1.18301
1.18272
1.18252
1.19224
1.19793
1.21307
1.21783
1.24823
1.25931
1.2955
1.31036
1.33562
1.3819
1.40327
1.45507
1.48946
1.54143
1.57834
1.64024
1.6758
1.70758
1.77386
1.80568
1.86775
1.89791
1.93434
1.99129
2.02217
2.07359
2.10052
2.16769
2.21435
2.25028
2.261
2.27211
2.27637
2.28212
2.28199
2.2774
2.27201
2.25674
2.25115
2.21557
2.1892
2.17492
2.14865
2.13309
2.10225
2.06648
2.04057
2.01995
1.98362
1.9681
1.93744
1.91653
1.86988
1.85463
1.82813
1.81323
1.78688
1.7769
1.7509
1.74092
1.72953
1.70983
1.68911
1.68291
1.67362
1.6679
1.66267
1.6523
1.6472
1.64255
1.63692
1.63174
1.63132
1.62687
1.62711
1.62096
1.61632
1.61575
1.61133
1.61055
1.61155
1.60582
1.60123
1.59623
1.59466
1.58616
1.58427
1.57472
1.57516
1.56508
1.56391
1.55999
1.54927
1.54379
1.53354
1.5285
1.52353
1.51796
1.50748
1.50285
1.48694
1.4825
1.472
1.46668
1.45608
1.45104
1.44585
1.43548
1.43075
1.41509
1.40473
1.39959
1.39448
1.38454
1.37858
1.37369
1.36829
1.3581
1.35774
1.3532
1.34313
1.34184
1.33212
1.33254
1.32254
1.31622
1.30285
1.29972
1.29016
1.29117
1.28059
1.28084
1.26492
1.25929
1.25569
1.24889
1.25028
