1.54386
1.54367
1.54385
1.53882
1.53366
1.53369
1.53317
1.52838
1.53317
1.528
1.52843
1.52819
1.5283
1.52827
1.52825
1.52823
1.52831
1.53318
1.5337
1.53312
1.53377
1.53756
1.54436
1.54283
1.55325
1.56861
1.57973
1.58926
1.61544
1.62579
1.65143
1.66687
1.69799
1.71304
1.72902
1.7598
1.77543
1.80155
1.82085
1.84729
1.85892
1.87266
1.89365
1.90509
1.92079
1.92982
1.94619
1.95157
1.95609
1.96073
1.96298
1.96828
1.96671
1.96738
1.96236
1.96171
1.95663
1.9524
1.94626
1.94189
1.93159
1.92562
1.9265
1.91609
1.91054
1.89988
1.89565
1.88012
1.87439
1.86913
1.85845
1.85447
1.84394
1.83337
1.82306
1.81775
1.80246
1.79708
1.79203
1.78155
1.77175
1.75642
1.75027
1.74541
1.7347
1.73003
1.71937
1.7144
1.70408
1.6991
1.69387
1.69321
1.68926
1.6876
1.6776
1.67339
1.67277
1.67257
1.66816
1.66735
1.66788
1.66275
1.66279
1.66224
1.6623
1.66269
1.66236
1.66685
1.66387
1.66878
1.66682
1.6724
1.6736
1.67333
1.67694
1.6788
1.67886
1.68215
1.6825
1.68856
1.68274
1.68877
1.68797
1.68862
1.6881
1.68851
1.68843
1.68825
1.68827
1.68842
1.68778
1.6879
1.6887
1.68882
1.68798
1.68315
1.6832
1.68312
1.67792
1.68298
1.67771
1.6782
1.67326
1.66764
1.66756
1.66787
1.66252
1.65798
1.65759
1.65241
1.6467
1.64234
1.63715
1.63642
1.62673
1.62609
1.62659
1.61655
1.61568
1.61057
1.60658
1.60118
1.60023
1.59121
1.59482
1.59137
1.58544
1.57992
1.57497
1.57466
1.56915
1.56536
1.56481
1.55938
1.55385
1.55417
1.54966
1.54425
1.54337
1.53899
1.53914
1.53345
1.53337
1.53333
1.53398
1.5281
1.52779
1.5282
1.52252
1.52355
1.52334
1.52338
1.51805
1.51803
1.52276
1.51751
1.51828
1.51813
1.51782
1.51804
1.51788
1.51799
1.51792
1.51794
1.51795
1.51818
1.5178
1.5229
1.52199
1.52399
1.52809
1.52839
1.53814
1.53856
1.54307
1.55365
1.55889
1.56393
1.58448
1.59442
1.60539
1.62014
1.63134
1.64545
1.65708
1.67174
1.68735
1.71822
1.73401
1.7601
1.77471
1.79092
1.82143
1.83232
1.85832
1.87278
1.88459
1.90467
1.91478
1.936
1.94566
1.96123
1.96729
1.97693
1.98237
1.98727
1.99281
1.99754
2.00231
2.00399
2.00852
2.00352
2.00334
2.0032
1.9982
1.99355
1.99255
1.98285
1.97797
1.96756
1.96238
1.95201
1.94696
1.93664
1.93134
1.91083
1.90513
1.89011
1.88937
1.87353
1.86986
1.85356
1.84381
1.83835
1.82332
1.81747
1.8019
1.79754
1.78136
1.77646
1.76619
1.76091
1.75068
1.74566
1.74463
1.73486
1.73489
1.72979
1.72457
1.71965
1.71901
1.71868
1.7148
1.71435
1.71405
1.714
1.71421
1.71843
1.71996
1.72007
1.7187
1.72495
1.71929
1.71926
1.71938
1.71921
1.71921
1.71939
1.71937
1.71925
1.71935
1.71927
1.71934
1.71928
1.71384
1.71888
1.71363
1.71458
1.71444
1.70945
1.70866
1.70927
1.70876
1.70339
1.69928
1.69986
1.69324
1.69406
1.69256
1.68313
1.6832
1.67833
0
1.67398
1.67193
1.66686
1.66341
1.66332
1.65711
1.65255
1.65179
1.64769
1.64652
1.64739
1.64196
1.63637
1.63687
1.6312
1.62706
1.62065
1.6167
1.61632
1.61587
1.61118
1.61063
1.60554
1.60583
1.60094
1.59984
1.60092
1.60027
1.60077
1.60082
1.6003
1.60035
1.60073
1.60075
1.59997
1.60026
1.59541
1.59586
1.59574
1.59513
1.59525
1.59592
1.58989
1.59052
1.58998
1.59102
1.5849
1.58529
1.58538
1.58477
1.58006
1.57951
1.57971
1.57555
1.58018
1.57975
1.58477
1.59029
1.59048
1.59006
1.60535
1.61037
1.6257
1.63621
1.64634
1.65686
1.66702
1.68231
1.70259
1.71892
1.75427
1.766
1.77493
1.7911
1.80133
1.82207
1.83222
1.84792
1.85853
1.86801
1.87439
1.88285
1.89075
1.90051
1.90455
1.91554
1.92024
1.92528
1.92582
1.93032
1.93092
1.93104
1.93101
1.93098
1.92616
1.92563
1.92636
1.91594
1.91111
1.90482
1.90064
1.89066
1.88898
1.87991
1.86405
1.85934
1.85336
1.8387
1.83799
1.81757
1.8129
1.79768
1.79158
1.77132
1.76619
1.75054
1.74516
1.73444
1.73068
1.71382
1.70955
1.6994
1.6933
1.68354
1.67802
1.67804
1.67285
1.67318
1.66765
1.66279
1.65721
1.65747
1.6522
1.6522
1.65219
1.65214
1.65224
1.65224
1.65702
1.65167
1.65716
1.65742
1.65736
1.6573
1.65777
1.66284
1.66273
1.66234
1.66754
1.66752
1.67258
1.66718
1.6681
1.67224
1.67324
1.67223
1.67322
1.67262
1.67295
1.67283
1.67288
1.67345
1.67237
1.67319
1.67303
1.6727
1.67286
