2.18908
2.19855
2.21005
2.21001
2.20962
2.20488
2.1996
2.18451
2.17495
2.15388
2.14309
2.12259
2.1119
2.08641
2.0713
2.02984
2.01431
1.98333
1.96797
1.93741
1.92104
1.89033
1.87542
1.82855
1.81335
1.78675
1.77212
1.75624
1.73009
1.7204
1.69463
1.68822
1.67307
1.66334
1.64754
1.64222
1.63668
1.63106
1.62718
1.61663
1.61519
1.61546
1.61652
1.61582
1.61622
1.62102
1.62095
1.62583
1.63146
1.6316
1.63125
1.63176
1.63218
1.63548
1.63115
1.6318
1.6314
1.63154
1.63149
1.62629
1.62642
1.62071
1.622
1.61578
1.61151
1.61038
1.60484
1.60195
1.58994
1.58599
1.57443
1.55937
1.5592
1.54364
1.54388
1.52852
1.51794
1.51308
1.50811
1.4974
1.4927
1.48221
1.47708
1.4668
1.4659
1.45535
1.44675
1.44489
1.435
1.43072
1.42052
1.41494
1.4041
1.40011
1.39458
1.38877
1.38836
1.39375
1.40949
1.41883
1.44001
1.45503
1.49064
1.50701
1.56814
1.63962
1.66663
1.72313
1.7534
1.81013
1.84179
1.93466
1.97012
2.06843
2.12582
2.16066
2.18836
2.24465
2.26999
2.31722
2.34248
2.37908
2.38981
2.43153
2.44127
2.45216
2.45754
2.45763
2.45758
2.44804
2.44235
2.43157
2.41788
2.39686
2.38548
2.34495
2.32962
2.29323
2.28255
2.24144
2.22618
2.16996
2.1536
2.11741
2.09743
2.05605
2.04026
1.98923
1.96802
1.93693
1.92189
1.87051
1.83288
1.82364
1.79791
1.79146
1.77151
1.75038
1.7453
1.7346
1.73498
1.72987
1.725
1.71959
1.71941
1.71446
1.71445
1.7135
1.70827
1.70955
1.70389
1.70382
1.69894
1.69849
1.69362
1.69341
1.68874
1.68332
1.67855
1.6738
1.66723
1.66776
1.66279
1.65194
1.6476
1.63754
1.63123
1.62154
1.61606
1.60537
1.60161
1.59525
1.58476
1.57555
1.56492
1.55927
1.54448
1.53863
1.52314
1.51859
1.50209
1.48286
1.47626
1.46134
1.45648
1.44641
1.44061
1.43063
1.42016
1.40979
1.40484
1.39976
1.39922
1.3942
1.40917
1.41906
1.43976
1.45518
1.4856
1.51155
1.53261
1.58387
1.61434
1.67635
1.71194
1.78875
1.83058
1.95916
2.00131
2.0944
2.144
2.23741
2.28503
2.42355
2.46619
2.55429
2.59399
2.6769
2.71445
2.77614
2.8073
2.83765
2.88376
2.9066
2.92111
2.95233
2.96821
2.98449
2.98846
2.99449
2.99516
2.97458
2.95399
2.90766
2.89235
2.85612
2.84073
2.77422
2.70613
2.68192
2.63452
2.60393
2.55201
2.52597
2.49555
2.41736
2.34062
2.26803
2.24696
2.20063
2.17994
2.13858
2.11814
2.08162
2.0615
2.01485
1.99892
1.97337
1.96223
1.93683
1.92667
1.89053
1.88458
1.85444
1.83374
1.82778
1.80301
1.79665
1.77627
1.77154
1.74485
1.72521
1.71469
1.69981
1.68842
1.67782
1.6636
1.642
1.63282
1.61636
1.60659
1.58618
1.57983
1.54479
1.52911
1.51839
1.49858
1.49147
1.48334
1.4667
1.45676
1.43569
1.42536
1.40974
1.40457
1.38891
1.37957
1.36843
1.35283
1.34827
1.3272
1.32225
1.30615
1.29668
1.27553
1.2703
1.25464
1.24985
1.24429
1.23399
1.2295
1.22406
1.22331
1.22393
1.22789
1.24921
1.28991
1.30995
1.356
1.37716
1.43907
1.4739
1.58843
1.62873
1.7221
1.77276
1.86503
1.91864
2.07176
2.12492
2.23333
2.28383
2.38229
2.42483
2.47003
2.55863
2.59979
2.70908
2.79714
2.85956
2.87963
2.90595
2.91637
2.93223
2.93777
2.94339
2.94312
2.93788
2.92234
2.9179
2.88203
2.8303
2.81457
2.77398
2.75283
2.70622
2.68638
2.60342
2.57345
2.52163
2.49496
2.44306
2.41801
2.39204
2.34041
2.31426
2.26302
2.24164
2.19052
2.16957
2.14946
2.10762
2.08671
2.04547
2.03025
1.98935
1.97277
1.92762
1.91019
1.88452
1.87532
1.84878
1.83881
1.81322
1.80216
1.7924
1.77141
1.76626
1.7462
1.73973
1.71574
1.68878
1.68314
1.66277
1.65782
1.63231
1.62162
1.6064
1.6008
1.57994
1.57541
1.54959
1.53913
1.52403
1.51259
1.4976
1.48731
1.47158
1.46174
1.45624
1.43535
1.43092
1.41477
1.4049
1.38953
1.384
1.35811
1.35337
1.33819
1.33158
1.32116
1.31292
1.30543
1.2902
1.28642
1.27091
1.26468
1.24916
1.24527
1.23475
1.22851
1.21935
1.20839
1.20317
1.19258
1.18825
1.17773
1.17234
1.1673
1.16227
1.15642
1.14658
1.14594
1.13127
1.13069
1.13028
1.13111
1.13078
1.13551
1.13612
1.1512
1.16123
1.18675
1.2022
1.23812
1.26374
1.34069
1.37159
1.44382
1.48424
1.56695
1.61322
1.70619
1.75798
1.8091
1.90795
1.95858
2.11416
2.26342
2.31103
2.39895
2.44465
2.51696
2.55401
2.62146
2.64688
2.71985
2.74032
2.76569
2.7829
