1.79724
1.76621
1.76104
1.74009
1.73539
1.72016
1.71418
1.69935
1.68847
1.66813
1.66734
1.65274
1.64732
1.63248
1.62601
1.61151
1.60557
1.59653
1.58055
1.57538
1.55917
1.55001
1.52397
1.51764
1.49692
1.49308
1.47221
1.4616
1.44586
1.43627
1.41385
1.40602
1.38967
1.37859
1.36401
1.35784
1.33299
1.32688
1.31207
1.30612
1.2812
1.27499
1.2655
1.25527
1.24544
1.23368
1.22892
1.2239
1.21267
1.20902
1.20265
1.19254
1.18793
1.17234
1.1667
1.16208
1.1515
1.15097
1.14557
1.1418
1.13609
1.13083
1.12503
1.12151
1.11514
1.1152
1.10936
1.11066
1.10503
1.10479
1.10445
1.10571
1.11499
1.11984
1.13508
1.14574
1.17647
1.19638
1.23789
1.26308
1.29472
1.36095
1.39698
1.48445
1.53042
1.68566
1.74159
1.85965
1.92335
2.04659
2.10791
2.29896
2.36138
2.47492
2.53217
2.63574
2.68678
2.77991
2.82277
2.85756
2.93089
2.96676
3.01904
3.04483
3.08654
3.10694
3.14391
3.14906
3.16007
3.1496
3.14493
3.12462
3.1137
3.06847
3.04702
3.00132
2.92861
2.90314
2.85147
2.82592
2.76886
2.73842
2.6455
2.61407
2.55224
2.52627
2.46439
2.43852
2.32465
2.2677
2.24273
2.16957
2.14946
2.10223
2.08215
2.04564
2.02477
1.98811
1.97334
1.92659
1.91598
1.88476
1.87507
1.85403
1.83944
1.80764
1.79774
1.77656
1.76651
1.73975
1.73042
1.71408
1.70004
1.67913
1.67229
1.65203
1.64304
1.62678
1.61153
1.59628
1.57521
1.56514
1.53391
1.5079
1.49812
1.48746
1.46671
1.45666
1.43145
1.41986
1.39984
1.38943
1.37873
1.34792
1.32741
1.3123
1.28555
1.2714
1.25574
1.24455
1.22938
1.21408
1.18777
1.1668
1.15727
1.14158
1.13619
1.12085
1.11564
1.10006
1.08984
1.07456
1.06377
1.05858
1.04828
1.04802
1.03798
1.03261
1.02783
1.01714
1.01704
1.00636
1.0076
0.996511
0.990964
0.987176
0.982367
0.97548
0.971167
0.965701
0.965745
0.955386
0.955158
0.94993
0.951239
0.953952
0.959408
0.965863
0.97549
0.985008
1.031
1.04766
1.09451
1.1224
1.18967
1.22729
1.36961
1.42312
1.53555
1.59669
1.721
1.79223
2.06715
2.20158
2.26755
2.45961
2.52092
2.62927
2.68265
2.78085
2.82128
2.9042
2.94116
3.00859
3.03909
3.10726
3.12743
3.15869
3.16994
3.1905
3.19562
3.19141
3.17093
3.12956
3.11933
3.08301
3.06326
3.01688
2.99549
2.91887
2.89294
2.83642
2.80553
2.74348
2.71716
2.6553
2.62526
2.53577
2.50181
2.44471
2.41716
2.36004
2.33123
2.22694
2.18031
2.15425
2.1085
2.09135
2.0305
2.01427
1.97286
1.95772
1.9111
1.87003
1.85417
1.8336
1.82305
1.79711
1.78717
1.77661
1.75598
1.74575
1.72514
1.71466
1.6842
1.65296
1.64263
1.6218
1.61109
1.59058
1.58068
1.54407
1.53462
1.51381
1.50268
1.47173
1.44631
1.43594
1.40394
1.3954
1.3749
1.36285
1.33816
1.32725
1.30139
1.29644
1.27089
1.26514
1.24437
1.23982
1.21387
1.20318
1.18763
1.18251
1.16261
1.14134
1.13646
1.12122
1.11528
1.09999
1.08474
1.08388
1.07971
1.06956
1.0582
1.05372
1.04895
1.04754
1.03796
1.03259
1.03306
1.02269
1.01701
1.01196
1.0121
1.01257
1.00662
1.00114
1.00204
0.996024
0.992032
0.987368
0.985216
0.981962
0.981474
0.975803
0.97146
0.969985
0.97111
0.969832
0.96472
0.96609
0.965826
0.965257
0.96538
0.970371
0.980495
0.985899
0.995552
1.0162
1.03163
1.06271
1.08288
1.15039
1.18041
1.24245
1.2784
1.36081
1.40642
1.55649
1.60823
1.7217
1.77749
1.89605
1.95394
2.13455
2.19547
2.30941
2.36232
2.46631
2.51568
2.60925
2.65175
2.76024
2.79126
2.84878
2.86958
2.927
2.94165
2.95773
2.96339
2.96374
2.94838
2.93904
2.91789
2.90277
2.86715
2.8505
2.78958
2.71691
2.69188
2.63572
2.60815
2.54658
2.52147
2.45935
2.43328
2.40286
2.346
2.3147
2.25799
2.23191
2.12358
2.07155
2.04569
1.99989
1.98345
1.92178
1.90126
1.86527
1.84873
1.81812
1.80266
1.77685
1.76184
1.75034
1.72492
1.71493
1.68392
1.66355
1.65722
1.64331
1.62807
1.62065
1.59571
1.56561
1.55412
1.53906
1.52897
1.51372
1.50279
1.49781
1.47675
1.46724
1.44596
1.43582
1.41531
1.40973
1.38872
1.37971
1.35282
1.34296
1.32769
1.31664
1.30136
1.28713
1.2597
1.2502
1.22396
1.19379
1.18746
1.17265
1.16175
1.14666
1.1414
1.12566
1.12065
1.10047
1.08986
1.07991
1.07397
1.06368
1.05913
1.04315
1.03792
1.02759
1.02739
1.01271
1.01147
1.00612
1.00245
0.996355
0.996596
0.986186
0.986229
0.986001
0.975213
0.976411
0.976356
0.970556
