2.0351
1.99302
1.98401
1.9522
1.9375
1.90065
1.88539
1.86531
1.82965
1.8125
1.78179
1.76186
1.7258
1.70938
1.66338
1.6477
1.62162
1.60672
1.57025
1.54962
1.53909
1.52853
1.51248
1.5086
1.49334
1.49167
1.48261
1.48119
1.47579
1.47724
1.47657
1.4767
1.47662
1.47664
1.48229
1.48142
1.48646
1.48698
1.49189
1.49233
1.49732
1.49728
1.50252
1.50695
1.50215
1.50268
1.50236
1.50258
1.50234
1.49686
1.49759
1.49243
1.49194
1.49216
1.48251
1.48297
1.47161
1.46678
1.46143
1.45125
1.44045
1.42498
1.42505
1.41964
1.41065
1.39951
1.38397
1.37374
1.3731
1.36326
1.36296
1.3481
1.34719
1.33752
1.3374
1.3274
1.32656
1.31255
1.31053
1.30087
1.30131
1.2913
1.29085
1.28018
1.28108
1.27538
1.27523
1.28014
1.28065
1.29571
1.30545
1.33609
1.35225
1.38805
1.41256
1.43489
1.48605
1.51562
1.5724
1.59956
1.66662
1.69634
1.76418
1.79971
1.83598
1.90806
1.94435
2.01142
2.05247
2.11951
2.15635
2.18251
2.27014
2.31734
2.34232
2.40067
2.41506
2.44134
2.45201
2.46764
2.47267
2.47822
2.47833
2.47335
2.47337
2.46282
2.45792
2.44259
2.43248
2.40181
2.38587
2.36057
2.34956
2.30387
2.28775
2.25188
2.23155
2.19605
2.17926
2.12313
2.10221
2.06618
2.04553
2.00395
1.98904
1.94193
1.89669
1.87973
1.85389
1.83945
1.80256
1.79692
1.77633
1.7715
1.75084
1.74038
1.7348
1.72996
1.72508
1.72435
1.71895
1.71958
1.7149
1.71396
1.70907
1.70892
1.70352
1.70404
1.69948
1.69804
1.69804
1.69952
1.68858
1.68807
1.68267
1.67876
1.66731
1.66799
1.65736
1.65771
1.64725
1.64204
1.62703
1.62144
1.60578
1.60573
1.59054
1.58553
1.57522
1.56992
1.55441
1.54896
1.53411
1.52855
1.51838
1.51313
1.49267
1.48683
1.47245
1.45145
1.44589
1.43557
1.4307
1.42014
1.41483
1.39974
1.39389
1.37896
1.37379
1.36873
1.36293
1.35267
1.34832
1.33747
1.33218
1.32675
1.3275
1.32192
1.32201
1.33205
1.35168
1.36283
1.40851
1.47024
1.49592
1.54225
1.57284
1.62951
1.66548
1.72715
1.76465
1.79932
1.87174
1.90876
1.98041
2.01669
2.05264
2.12536
2.16131
2.22339
2.25947
2.3433
2.36314
2.4103
2.4304
2.46256
2.47663
2.5142
2.51902
2.52921
2.53528
2.53061
2.52935
2.51901
2.52006
2.50442
2.4945
2.46338
2.45337
2.42224
2.41168
2.36096
2.28772
2.25151
2.2322
2.16922
2.14968
2.108
2.08688
2.05051
2.0307
1.9732
1.91738
1.90483
1.86945
1.85493
1.82911
1.81252
1.78183
1.76674
1.74602
1.74001
1.71475
1.6943
1.68833
1.67808
1.67314
1.66831
1.6623
1.65223
1.64732
1.63707
1.63638
1.62652
1.62634
1.62153
1.61111
1.6058
1.60083
1.59552
1.58523
1.56969
1.56945
1.55977
1.53889
1.53424
1.52356
1.51807
1.50283
1.50211
1.48726
1.48233
1.46647
1.44622
1.44528
1.43514
1.42621
1.40947
1.39432
1.38452
1.37385
1.34744
1.33728
1.33278
1.32199
1.31666
1.30635
1.29699
1.29505
1.28008
1.27629
1.26529
1.25995
1.24985
1.24468
1.2445
1.23425
1.23412
1.21886
1.21827
1.21314
1.21336
1.21345
1.21799
1.24342
1.27991
1.29945
1.33547
1.3572
1.40407
1.43248
1.48964
1.52176
1.62008
1.65961
1.72648
1.76926
1.84684
1.88185
1.99613
2.03756
2.10398
2.13594
2.20323
2.22873
2.33234
2.37379
2.38967
2.41564
2.43105
2.45157
2.46287
2.46289
2.46267
2.45851
2.4485
2.44195
2.43298
2.41198
2.40084
2.37544
2.36063
2.3351
2.31399
2.29862
2.26301
2.24654
2.19017
2.16944
2.12855
2.10795
2.06664
2.04554
2.00429
1.98881
1.9319
1.91172
1.87524
1.85436
1.82304
1.80808
1.78159
1.76727
1.73004
1.72036
1.69874
1.69374
1.6688
1.65177
1.64769
1.63729
1.6314
1.62186
1.61618
1.61107
1.61076
1.60576
1.60088
1.59043
1.59017
1.58047
1.57956
1.57432
1.57026
1.55959
1.54877
1.54379
1.53357
1.53337
1.51328
1.5031
1.49718
1.4821
1.48161
1.46698
1.46134
1.45658
1.44585
1.44064
1.43028
1.42571
1.40987
1.4048
1.38926
1.38413
1.37381
1.36861
1.35825
1.35315
1.33749
1.33257
1.31732
1.29621
1.29569
1.28588
1.28055
1.26535
1.25981
1.24943
1.23428
1.22887
1.22315
1.21921
1.21323
1.2086
1.20283
1.20349
1.19756
1.19803
1.20733
1.23343
1.24855
1.27895
1.29535
1.33639
1.36093
1.41245
1.43938
1.53151
1.56234
1.63427
1.67093
1.74325
1.78374
1.82564
1.90295
1.93915
2.0171
2.05235
2.12485
2.16172
2.28507
2.33605
2.35964
2.42019
2.43619
2.45682
2.47249
2.48787
2.4936
