1.59996
1.59512
1.59557
1.59048
1.58519
1.58492
1.57454
1.5754
1.56533
1.55884
1.55399
1.54937
1.54371
1.53442
1.53267
1.51809
1.51787
1.50281
1.49775
1.49206
1.48223
1.47702
1.4619
1.45607
1.44046
1.43566
1.41956
1.41556
1.3943
1.38887
1.37344
1.36894
1.35857
1.35329
1.33748
1.33257
1.32176
1.31247
1.30614
1.29028
1.28669
1.27605
1.27027
1.2601
1.2547
1.24975
1.2394
1.23408
1.21364
1.20821
1.2029
1.19261
1.19314
1.18283
1.17715
1.17188
1.16719
1.16746
1.16153
1.16224
1.16089
1.16106
1.16219
1.17638
1.18715
1.21258
1.22276
1.25945
1.27864
1.32468
1.35203
1.37631
1.47533
1.54731
1.5829
1.66549
1.70649
1.75294
1.84011
1.88722
1.9804
2.02635
2.11389
2.16121
2.28953
2.33144
2.40419
2.44009
2.50216
2.53836
2.5902
2.61168
2.63666
2.67382
2.68905
2.73037
2.74009
2.73824
2.73295
2.72518
2.71609
2.71102
2.70108
2.67595
2.65919
2.62842
2.61357
2.57229
2.5518
2.48951
2.4644
2.41822
2.39641
2.35002
2.32512
2.2476
2.22608
2.17969
2.15469
2.08626
2.06701
2.02502
2.00453
1.9681
1.94773
1.91158
1.8957
1.8694
1.85495
1.83837
1.81787
1.80286
1.78241
1.77105
1.76076
1.74633
1.73976
1.72472
1.71981
1.709
1.69926
1.69376
1.68438
1.6822
1.66696
1.66826
1.65767
1.64735
1.63693
1.63212
1.62627
1.61628
1.61096
1.60029
1.59595
1.58016
1.57527
1.56988
1.55454
1.54936
1.53875
1.52869
1.51825
1.50846
1.48772
1.47672
1.46127
1.45628
1.43569
1.43064
1.42048
1.41002
1.39986
1.38485
1.37839
1.36289
1.3584
1.33743
1.33262
1.3268
1.31171
1.30683
1.29189
1.28545
1.27029
1.26559
1.26
1.24436
1.24434
1.2288
1.2186
1.20793
1.20393
1.19367
1.18711
1.17692
1.17244
1.16729
1.15659
1.15199
1.14183
1.13599
1.13031
1.12618
1.12025
1.11495
1.11059
1.10516
1.10469
1.09995
1.10404
1.1089
1.11583
1.11915
1.14461
1.15664
1.19208
1.21206
1.25327
1.28358
1.31016
1.37685
1.41251
1.49016
1.53564
1.62851
1.67545
1.72681
1.82968
1.88176
1.98446
2.03634
2.13953
2.19197
2.24258
2.3362
2.38289
2.47575
2.51703
2.59392
2.62688
2.66161
2.71944
2.74507
2.78648
2.80789
2.82311
2.84896
2.86012
2.86501
2.87039
2.86572
2.86531
2.84993
2.84567
2.83494
2.80904
2.7946
2.76318
2.74749
2.70595
2.68648
2.61876
2.59376
2.5418
2.51602
2.48488
2.45891
2.43364
2.40738
2.35084
2.32495
2.27338
2.2523
2.19495
2.17038
2.12389
2.10243
2.07715
2.03571
2.0093
1.95258
1.91689
1.90024
1.89065
1.85419
1.84384
1.81752
1.80313
1.77088
1.76164
1.74494
1.73553
1.71951
1.70955
1.70403
1.68385
1.67336
1.66762
1.6521
1.6478
1.63695
1.62723
1.62568
1.60509
1.60176
1.59111
1.58473
1.56933
1.56493
1.55467
1.5389
1.53356
1.51307
1.4979
1.48715
1.48239
1.46744
1.45571
1.44083
1.43575
1.41439
1.41049
1.39988
1.39422
1.3846
1.37855
1.35886
1.35231
1.33709
1.33253
1.32727
1.31111
1.30195
1.29166
1.28082
1.26514
1.26037
1.23975
1.23386
1.21837
1.21414
1.19884
1.19258
1.19321
1.17711
1.17765
1.16231
1.15675
1.14678
1.14171
1.13068
1.12589
1.11498
1.11059
1.10023
1.09981
1.08848
1.0856
1.08329
1.073
1.07471
1.06875
1.06879
1.0633
1.06386
1.06858
1.07339
1.09377
1.10447
1.11901
1.13516
1.15021
1.17078
1.21204
1.23736
1.29461
1.3248
1.42347
1.4589
1.53614
1.5776
1.66018
1.70594
1.79329
1.83658
1.8808
2.0117
2.09409
2.13015
2.20249
2.23901
2.27485
2.33723
2.36319
2.41457
2.43623
2.45615
2.49282
2.50331
2.52976
2.53448
2.55595
2.55601
2.551
2.55024
2.5401
2.5306
2.51523
2.50455
2.4691
2.45339
2.42208
2.40207
2.3665
2.34915
2.289
2.27176
2.22519
2.20679
2.16506
2.14345
2.09734
2.08126
2.04048
2.02003
1.99919
1.96312
1.94704
1.91104
1.89595
1.86467
1.85445
1.83908
1.80288
1.77241
1.76497
1.7449
1.74079
1.72471
1.70884
1.70417
1.69875
1.69392
1.68823
1.68338
1.67818
1.6725
1.67347
1.65775
1.65707
1.65192
1.64752
1.63669
1.63678
1.61632
1.61052
1.60667
1.59528
1.59071
1.57472
1.56505
1.55548
1.54856
1.5385
1.5343
1.51846
1.51311
1.50318
1.49265
1.48693
1.47191
1.46669
1.45174
1.44572
1.44076
1.42506
1.42016
1.39911
1.39479
1.37878
1.37392
1.35826
1.35319
0
1.33732
1.32249
1.32163
1.31216
1.2966
1.29056
1.28007
1.27592
1.26543
1.25975
1.24413
1.24001
1.23402
1.22421
1.21831
