1.68107
1.74809
1.78455
1.85647
1.89277
2.00662
2.04208
2.10866
2.14684
2.20827
2.23879
2.32213
2.34746
2.39396
2.411
2.44724
2.46119
2.48243
2.49345
2.50891
2.50947
2.50931
2.50435
2.49399
2.44825
2.40689
2.35528
2.33497
2.29838
2.27843
2.21058
2.13898
2.07211
2.05041
2.00477
1.98878
1.92223
1.86483
1.84937
1.81825
1.80307
1.77209
1.76109
1.71966
1.69863
1.69383
1.68331
1.67381
1.6624
1.66262
1.6571
1.65276
1.64768
1.64614
1.65221
1.64771
1.6417
1.64192
1.63694
1.64145
1.63687
1.63166
1.63141
1.62198
1.61563
1.616
1.61132
1.6056
1.60093
1.59053
1.58554
1.56972
1.5695
1.55439
1.54943
1.53866
1.53371
1.523
1.51837
1.49737
1.48757
1.47719
1.47177
1.45593
1.45165
1.42591
1.4098
1.40493
1.38457
1.3786
1.36843
1.36326
1.35298
1.3428
1.33195
1.32667
1.3275
1.32639
1.33623
1.34291
1.35738
1.3724
1.42892
1.44967
1.49574
1.5317
1.67025
1.7529
1.79904
1.89701
1.94427
2.04767
2.09816
2.25847
2.30973
2.41372
2.46959
2.56807
2.61521
2.70859
2.74938
2.79135
2.86352
2.89979
2.95726
2.98722
3.03388
3.05124
3.06555
3.10347
3.11343
3.11333
3.1133
3.10308
3.09811
3.083
3.0677
3.04207
3.0266
2.98543
2.9643
2.89838
2.8716
2.82566
2.79477
2.74305
2.71754
2.68649
2.62527
2.59307
2.53676
2.50546
2.42295
2.36648
2.34028
2.3148
2.26337
2.24136
2.17056
2.1483
2.10728
2.09217
2.05567
2.04059
2.00911
1.9938
1.95677
1.94752
1.92613
1.91635
1.89519
1.89015
1.87519
1.86861
1.86005
1.83751
1.81795
1.79727
1.79195
1.77664
1.77093
1.75601
1.74571
1.72422
1.71573
1.69976
1.68818
1.67361
1.66294
1.64243
1.63698
1.62723
1.6062
1.60093
1.5804
1.57019
1.52873
1.5081
1.49796
1.47137
1.45735
1.44176
1.43027
1.4049
1.37409
1.34775
1.3222
1.32154
1.30087
1.29646
1.28061
1.27592
1.27026
1.26443
1.26532
1.27467
1.29527
1.31024
1.32638
1.37741
1.40739
1.47975
1.52005
1.61256
1.66529
1.83907
1.90225
2.03175
2.09679
2.22607
2.29445
2.41831
2.47928
2.53791
2.65107
2.70726
2.80573
2.85257
3.02337
3.09025
3.12252
3.1993
3.22114
3.2627
3.27707
3.29846
3.30946
3.31968
3.3248
3.32481
3.32522
3.32041
3.30965
3.29527
3.26939
3.25329
3.21798
3.1973
3.17636
3.13069
3.10401
3.01686
2.98579
2.92444
2.89233
2.82564
2.79518
2.72728
2.69746
2.59311
2.55821
2.49564
2.46448
2.40207
2.37168
2.31516
2.28803
2.26363
2.2114
2.18548
2.14394
2.12318
2.08194
2.06607
2.04559
1.9993
1.97309
1.95753
1.94738
1.92631
1.91575
1.88493
1.86977
1.85915
1.84333
1.83388
1.8075
1.80226
1.78125
1.77198
1.74539
1.7147
1.70937
1.68399
1.67809
1.63143
1.6057
1.59154
1.56567
1.55459
1.51365
1.50327
1.47763
1.46668
1.43597
1.42514
1.38578
1.34776
1.33854
1.31289
1.30103
1.26107
1.24995
1.22442
1.21375
1.17814
1.15758
1.14146
1.11528
1.10103
1.0801
1.07385
1.05789
1.04957
1.03384
1.02238
1.01772
1.00683
1.00232
1.00206
1.00169
1.01186
1.02135
1.0323
1.06809
1.08783
1.14979
1.18488
1.36412
1.47745
1.54097
1.6642
1.73054
1.93286
1.99882
2.12799
2.1918
2.30958
2.36701
2.47524
2.52704
2.57856
2.67161
2.71384
2.79131
2.83198
2.89984
2.93083
3.00863
3.02974
3.0762
3.11307
3.11803
3.12893
3.12862
3.12427
3.11826
3.10808
3.10013
3.06872
3.05665
3.02082
2.99652
2.93287
2.85683
2.83056
2.77339
2.74401
2.68211
2.65471
2.52607
2.46982
2.43898
2.3512
2.32458
2.27264
2.24766
2.20037
2.17498
2.13809
2.11849
2.08666
2.06635
2.05545
2.0294
2.01958
1.99344
1.98817
1.97268
1.96752
1.96244
1.95239
1.94624
1.93601
1.93623
1.92535
1.92619
1.91607
1.91515
1.91054
1.90039
1.89027
1.88474
1.86936
1.86392
1.84882
1.84362
1.81333
1.78134
1.77188
1.74604
1.73519
1.71461
1.70002
1.68347
1.6536
1.6418
1.61117
1.59655
1.58037
1.54964
1.53914
1.49286
1.46189
1.44164
1.41645
1.39917
1.38539
1.3539
1.34301
1.31225
1.30147
1.26982
1.25616
1.21359
1.20383
1.17245
1.1628
1.12569
1.1113
1.08547
1.07408
1.04879
1.04315
1.00814
1.00133
0.981081
0.971611
0.950345
0.940107
0.925034
0.919107
0.90965
0.893606
0.883667
0.868409
0.857332
0.847486
0.836456
0.831539
0.821715
0.815901
0.800768
0.79572
0.789815
0.790018
0.789822
0.794953
0.809891
0.840688
0.860896
0.942582
0.983808
1.07138
1.1178
1.23132
1.29185
1.42631
1.4981
1.57087
