2.26924
2.38303
2.4773
2.50646
2.55405
2.57567
2.63211
2.6429
2.66402
2.669
2.67919
2.67999
2.66892
2.66476
2.6495
2.63385
2.60794
2.59278
2.54081
2.52112
2.4749
2.45333
2.40789
2.38591
2.33448
2.31505
2.24155
2.21677
2.14346
2.07169
2.00966
1.98931
1.94789
1.93168
1.88059
1.83339
1.82321
1.79803
1.7864
1.76106
1.74035
1.72993
1.71918
1.71502
1.70413
1.70405
1.69876
1.68877
1.68312
1.67287
1.67286
1.66278
1.66229
1.6579
1.64715
1.64741
1.63196
1.6263
1.6214
1.61137
1.60079
1.59066
1.58031
1.5751
1.55966
1.54401
1.54397
1.53432
1.52366
1.51341
1.50783
1.49169
1.47165
1.4617
1.44613
1.4404
1.42519
1.41526
1.40496
1.39414
1.38955
1.37453
1.36762
1.35279
1.3478
1.33748
1.32775
1.30683
1.30089
1.2905
1.28176
1.27119
1.26476
1.26072
1.25508
1.25422
1.2537
1.25498
1.27464
1.28457
1.30998
1.33163
1.37263
1.39738
1.45918
1.49045
1.60915
1.64896
1.74213
1.789
1.89134
1.94443
2.11282
2.17124
2.27418
2.33039
2.48055
2.52725
2.60993
2.65658
2.72452
2.76007
2.84446
2.91012
2.92749
2.95319
2.96266
2.97828
2.98461
2.97873
2.97947
2.96466
2.9531
2.92784
2.91305
2.86168
2.84119
2.79478
2.76851
2.72225
2.69168
2.60852
2.58339
2.52612
2.49582
2.43853
2.40751
2.35558
2.32552
2.29876
2.24693
2.22167
2.16984
2.14932
2.10247
2.08161
2.02004
2.00373
1.96726
1.95285
1.91124
1.89507
1.86907
1.85981
1.83853
1.82838
1.80192
1.79265
1.77732
1.77066
1.75557
1.75096
1.73535
1.7143
1.71446
1.69965
1.69342
1.68322
1.67387
1.66712
1.65708
1.65281
1.64235
1.63197
1.61619
1.60671
1.60044
1.57989
1.57506
1.55942
1.54974
1.53909
1.52857
1.50314
1.49748
1.47723
1.47135
1.45115
1.42614
1.41483
1.40019
1.39395
1.37866
1.3688
1.34837
1.33764
1.3276
1.32158
1.30619
1.30183
1.29085
1.28105
1.27515
1.26472
1.26067
1.25551
1.25879
1.26504
1.27464
1.29025
1.3053
1.34169
1.36628
1.45467
1.57152
1.61887
1.77311
1.88599
1.9487
2.00482
2.12926
2.19085
2.30487
2.36107
2.41841
2.52173
2.57398
2.66689
2.71311
2.79127
2.83197
2.8995
2.93118
2.95677
3.00885
3.03002
3.06106
3.0812
3.09668
3.10802
3.11854
3.11852
3.10839
3.10311
3.07797
3.06284
3.02726
3.01093
2.96487
2.94411
2.89262
2.86687
2.84149
2.7846
2.75854
2.69654
2.67109
2.60428
2.57759
2.48503
2.45398
2.39736
2.36607
2.28408
2.2575
2.2055
2.1855
2.13386
2.11218
2.05092
1.99939
1.98288
1.95161
1.93761
1.90033
1.86985
1.85911
1.83851
1.82836
1.813
1.80728
1.78177
1.77163
1.76553
1.75055
1.72466
1.71941
1.69843
1.68955
1.67409
1.65771
1.64297
1.63209
1.60123
1.59069
1.56457
1.55546
1.52964
1.51792
1.49748
1.48793
1.47202
1.45123
1.4413
1.41484
1.40529
1.39437
1.36853
1.35863
1.33287
1.32227
1.30148
1.27614
1.25554
1.21861
1.20909
1.18869
1.18185
1.16174
1.15232
1.12121
1.11495
1.09466
1.09044
1.06949
1.06871
1.04353
1.03802
1.02222
1.01765
1.01661
1.02113
1.02769
1.06221
1.10305
1.12943
1.22642
1.26827
1.35486
1.40668
1.57173
1.7628
1.82818
1.95823
2.02504
2.21214
2.26804
2.37733
2.42885
2.5272
2.5691
2.69342
2.7291
2.79655
2.82773
2.8745
2.89502
2.95272
2.98922
2.99453
3.00042
3.00399
2.99944
2.99472
2.97922
2.9697
2.95884
2.92853
2.90797
2.89222
2.85103
2.82584
2.77458
2.74796
2.6915
2.66574
2.57352
2.51137
2.47485
2.4488
2.38704
2.3561
2.29441
2.26789
2.20648
2.18018
2.10264
2.07733
2.03032
2.00477
1.96344
1.94221
1.88604
1.86965
1.83836
1.82371
1.78222
1.75076
1.7406
1.71993
1.70955
1.6942
1.6833
1.6574
1.65292
1.63738
1.63217
1.61641
1.60645
1.59548
1.58044
1.57014
1.55432
1.54468
1.53367
1.51803
1.50891
1.48785
1.47742
1.45685
1.43632
1.41566
1.4046
1.37858
1.37417
1.34806
1.33788
1.30713
1.28674
1.27543
1.26591
1.24514
1.22944
1.20351
1.18291
1.17262
1.16228
1.13638
1.1153
1.11077
1.10021
1.0844
1.07438
1.05909
1.04861
1.03814
1.0283
1.01204
0.991802
0.986031
0.975818
0.971431
0.961239
0.955244
0.940234
0.934447
0.923956
0.924369
0.908516
0.898208
0.89862
0.893405
0.893039
0.897744
0.907742
0.918785
0.944228
0.954532
0.995199
1.01598
1.10804
1.14394
1.22599
1.26811
1.42653
1.60212
1.66916
1.86468
2.06227
2.12812
2.24744
2.30963
2.41872
2.47013
2.56904
2.60962
2.65193
2.72997
2.76462
2.82708
