1.76649
1.75151
1.72457
1.71023
1.68901
1.67855
1.65235
1.64281
1.63236
1.62603
1.6154
1.61171
1.61064
1.60047
1.60106
1.59019
1.59031
1.58498
1.58559
1.57516
1.57441
1.56989
1.5694
1.56405
1.55991
1.54832
1.54453
1.53402
1.52856
1.51831
1.5181
1.5025
1.49794
1.47684
1.47167
1.46202
1.44672
1.44035
1.42445
1.41622
1.4052
1.39435
1.37939
1.37314
1.35254
1.34837
1.32737
1.31688
1.30175
1.2909
1.27547
1.27034
1.24541
1.23415
1.22392
1.2142
1.1989
1.19254
1.18796
1.17188
1.16726
1.15089
1.14198
1.12587
1.11594
1.10536
1.09978
1.08422
1.07979
1.06911
1.06371
1.04839
1.04353
1.03863
1.03223
1.03247
1.02779
1.03184
1.03766
1.05802
1.06802
1.12903
1.22142
1.25319
1.33579
1.38483
1.47821
1.53549
1.69569
1.74743
1.8507
1.90178
1.99478
2.04239
2.17616
2.22335
2.29556
2.33668
2.40478
2.43486
2.51878
2.53834
2.60232
2.64835
2.65856
2.67422
2.684
2.68967
2.69468
2.69487
2.69086
2.68574
2.67962
2.67484
2.6539
2.63963
2.61414
2.59713
2.56198
2.54145
2.48401
2.4596
2.41234
2.38683
2.36079
2.30432
2.2834
2.22689
2.20099
2.14446
2.11829
2.0402
1.96932
1.94646
1.89491
1.88113
1.83959
1.82319
1.76712
1.75065
1.72513
1.71466
1.6887
1.67878
1.6531
1.64669
1.6262
1.61105
1.61086
1.60105
1.60063
1.59496
1.5957
1.59003
1.58565
1.57911
1.58059
1.57538
1.56972
1.56508
1.56399
1.55416
1.54947
1.54862
1.53893
1.53356
1.51845
1.51314
1.50183
1.49371
1.47842
1.4708
1.44634
1.4408
1.42621
1.41477
1.40015
1.394
1.37863
1.37355
1.34808
1.33786
1.32218
1.31703
1.30162
1.29144
1.27622
1.26973
1.24969
1.23961
1.21885
1.20885
1.19831
1.19314
1.17833
1.17147
1.1565
1.14685
1.1364
1.13114
1.11052
1.10491
1.09024
1.08429
1.07402
1.06908
1.05316
1.04892
1.03931
1.03702
1.02749
1.02259
1.01764
1.01668
1.02133
1.02748
1.0526
1.06747
1.10795
1.12988
1.19565
1.22693
1.31448
1.36511
1.51977
1.57702
1.68479
1.73746
1.8459
1.90123
2.05758
2.10359
2.20202
2.25351
2.34128
2.38332
2.50198
2.53792
2.60497
2.64197
2.72425
2.75109
2.79247
2.81232
2.84394
2.85926
2.89094
2.90704
2.91106
2.91268
2.91766
2.91682
2.90676
2.89711
2.88139
2.87138
2.86088
2.83579
2.81944
2.7841
2.76865
2.70623
2.68143
2.63007
2.60295
2.55195
2.52648
2.44322
2.4134
2.36114
2.33485
2.27752
2.25306
2.18027
2.16441
2.11775
2.0976
2.06064
2.04596
2.01025
1.99784
1.95788
1.94183
1.91088
1.8903
1.87986
1.8639
1.85948
1.84933
1.84282
1.83231
1.8236
1.80736
1.80235
1.79217
1.78645
1.77104
1.76633
1.75139
1.74501
1.74074
1.72981
1.72468
1.70424
1.69899
1.66243
1.64261
1.63686
1.60654
1.59583
1.57533
1.56497
1.52916
1.49282
1.46173
1.45142
1.42604
1.4193
1.39015
1.36382
1.3536
1.34313
1.32212
1.31253
1.27602
1.26535
1.2447
1.23964
1.21944
1.20885
1.19356
1.1823
1.16633
1.15796
1.14575
1.13102
1.12595
1.11005
1.10036
1.07946
1.074
1.05794
1.05443
1.03829
1.03301
1.01224
1.00691
0.996676
0.991884
0.976245
0.960551
0.960179
0.950367
0.954978
0.959885
0.965543
0.980304
0.990364
1.05659
1.08282
1.14935
1.19016
1.27738
1.32927
1.48356
1.53601
1.70026
1.7989
1.85556
2.0059
2.052
2.1499
2.19208
2.27454
2.31594
2.42886
2.46199
2.52436
2.55292
2.60596
2.63148
2.69411
2.71444
2.74033
2.75674
2.77741
2.7876
2.80316
2.79901
2.78873
2.78305
2.75795
2.74714
2.71662
2.701
2.64923
2.60812
2.58864
2.56177
2.51544
2.49543
2.41715
2.34058
2.31903
2.26714
2.24309
2.17487
2.15414
2.10781
2.08696
2.04592
2.02947
1.99347
1.97834
1.93773
1.90029
1.89051
1.8752
1.8686
1.85416
1.85302
1.83857
1.83316
1.82823
1.82207
1.81745
1.81242
1.80194
1.7967
1.79199
1.77642
1.7714
1.75614
1.75055
1.72996
1.7048
1.67268
1.66862
1.643
1.63134
1.60614
1.59654
1.55901
1.54529
1.51934
1.50276
1.46201
1.44682
1.42082
1.40529
1.37945
1.36866
1.33758
1.3228
1.31211
1.28129
1.27086
1.23988
1.22933
1.20359
1.19323
1.1571
1.14682
1.12128
1.11041
1.09475
1.08036
1.05326
1.04394
1.02843
1.01705
1.00168
0.997067
0.981981
0.966693
0.960102
0.94522
0.939695
0.924402
0.919189
0.903465
0.899191
0.883088
0.878237
0.867395
0.862595
0.846821
0.841076
0.841956
0.847141
0.855716
0.91208
0.953381
0.984896
1.05605
1.08778
1.22021
1.26791
1.37073
1.42151
