1.50722
1.48211
1.47228
1.45162
1.4409
1.41455
1.40554
1.39416
1.36881
1.36335
1.33736
1.33278
1.30725
1.30069
1.28722
1.27198
1.25938
1.23869
1.23017
1.21418
1.20335
1.19835
1.18292
1.17258
1.15685
1.15191
1.14643
1.13104
1.126
1.11056
1.10523
1.09014
1.08392
1.07464
1.0734
1.06949
1.06336
1.05893
1.0528
1.04813
1.04318
1.03273
1.02807
1.01721
1.01756
1.01189
1.0069
1.00687
0.996884
0.991855
0.990357
0.992213
0.986353
0.981103
0.975369
0.971348
0.96632
0.96479
0.959505
0.961032
0.959755
0.959958
0.965088
0.975497
0.985363
1.00611
1.02104
1.03702
1.0786
1.1029
1.16452
1.2062
1.28323
1.32949
1.38041
1.43284
1.54619
1.66972
1.73058
1.79866
1.9225
1.98412
2.10815
2.17013
2.28381
2.34083
2.49032
2.538
2.62579
2.66695
2.73451
2.76585
2.82825
2.8484
2.86986
2.9067
2.92057
2.94705
2.95336
2.95807
2.96342
2.95889
2.95294
2.9443
2.92385
2.89795
2.86124
2.8002
2.77834
2.72689
2.70214
2.64014
2.60905
2.51658
2.47999
2.41281
2.382
2.28406
2.18582
2.1547
2.09275
2.06188
2.00485
1.97413
1.95273
1.90119
1.87604
1.83437
1.81322
1.77693
1.75648
1.7145
1.69969
1.67433
1.66235
1.64198
1.63698
1.6121
1.60552
1.59069
1.58537
1.57061
1.55809
1.55568
1.54438
1.54338
1.5332
1.52901
1.52341
1.51425
1.5071
1.49729
1.48808
1.47269
1.47058
1.45532
1.44239
1.43455
1.42019
1.41513
1.39478
1.38905
1.3734
1.36402
1.35309
1.32674
1.30639
1.30168
1.26591
1.25977
1.22967
1.2138
1.20404
1.18249
1.16801
1.15249
1.14604
1.13058
1.126
1.11019
1.10516
1.08953
1.08484
1.07455
1.06422
1.05821
1.04352
1.0377
1.02763
1.02284
1.01243
1.01201
1.00207
0.996902
0.992307
0.986059
0.986262
0.97637
0.975415
0.970551
0.965873
0.960049
0.955709
0.954776
0.949537
0.945536
0.940783
0.938828
0.933524
0.934879
0.934323
0.929579
0.929462
0.929284
0.943902
0.954912
0.975487
0.994592
1.03062
1.05279
1.14391
1.18512
1.27254
1.32918
1.43749
1.4936
1.62732
1.69499
1.76607
1.91088
1.98412
2.12356
2.19541
2.45971
2.58447
2.6396
2.80113
2.84698
2.93531
2.97684
3.04926
3.0805
3.13228
3.15833
3.19971
3.21109
3.22583
3.24721
3.25756
3.26262
3.26332
3.2527
3.24848
3.2371
3.21673
3.2076
3.15609
3.11969
3.09905
3.07384
3.02212
2.99558
2.93877
2.91401
2.84624
2.81595
2.75363
2.72312
2.68168
2.61445
2.57824
2.51137
2.47496
2.37721
2.34996
2.28815
2.25379
2.19638
2.16973
2.06627
2.02591
2.00377
1.94771
1.93182
1.89536
1.88081
1.85455
1.83898
1.81303
1.80724
1.78196
1.77629
1.77152
1.75608
1.75011
1.73459
1.73018
1.71488
1.70913
1.70441
1.69366
1.6885
1.66734
1.65821
1.64807
1.63695
1.62128
1.61186
1.59095
1.58042
1.56979
1.55467
1.53943
1.5336
1.51956
1.50734
1.48699
1.47763
1.45649
1.44634
1.43586
1.42566
1.41036
1.39955
1.37902
1.36894
1.3484
1.33764
1.32803
1.30671
1.29658
1.2706
1.26056
1.24949
1.22893
1.21912
1.19327
1.17247
1.16693
1.14608
1.13652
1.111
1.10481
1.08981
1.08465
1.06974
1.06356
1.04797
1.04334
1.02785
1.0223
1.00762
1.0062
0.99596
0.991996
0.986267
0.981273
0.970962
0.965556
0.965486
0.955586
0.954853
0.944676
0.945003
0.934951
0.929376
0.924825
0.923692
0.91327
0.919185
0.91359
0.914132
0.913746
0.909383
0.912743
0.919001
0.934496
0.94417
0.954716
0.985695
1.005
1.08303
1.15447
1.19523
1.23703
1.28758
1.33971
1.39092
1.50894
1.57594
1.70976
1.78268
1.92229
1.98863
2.0618
2.19555
2.26306
2.39187
2.45481
2.61899
2.67714
2.76427
2.8118
2.88977
2.92526
3.01392
3.03934
3.08092
3.09723
3.1236
3.12772
3.13887
3.13941
3.14414
3.13395
3.12962
3.10926
3.09839
3.06749
3.0478
3.0313
2.98491
2.96514
2.88767
2.83121
2.80007
2.7692
2.70678
2.67655
2.60944
2.57346
2.50117
2.46444
2.42887
2.36203
2.3297
2.26259
2.22778
2.1655
2.13388
2.10362
2.07145
2.0465
2.01491
1.9635
1.93724
1.89097
1.86979
1.84502
1.78702
1.7506
1.73625
1.68945
1.67323
1.65261
1.6426
1.62189
1.61586
1.58977
1.58616
1.56417
1.5598
1.54439
1.5388
1.52819
1.51858
1.50218
1.50262
1.48686
1.48225
1.45675
1.45056
1.44007
1.43152
1.41546
1.40479
1.38913
1.37936
1.34763
1.3431
1.32238
1.31235
1.29158
1.2809
1.25111
1.2438
1.21824
1.21419
1.19332
1.18294
1.16271
1.15641
1.14741
1.12009
1.09122
1.08365
1.06874
1.06424
1.04805
1.04377
