2.0052
1.95303
1.9276
1.87585
1.85434
1.82948
1.79278
1.77204
1.72549
1.68408
1.67323
1.65229
1.64278
1.61594
1.60076
1.59561
1.59076
1.58475
1.57939
1.57552
1.56918
1.56915
1.56515
1.56049
1.55826
1.55022
1.53914
1.53337
1.53386
1.52332
1.51819
1.50298
1.50208
1.48752
1.48174
1.477
1.45644
1.45074
1.43538
1.42569
1.3999
1.39418
1.3781
1.3696
1.34852
1.33719
1.32225
1.31207
1.30166
1.28073
1.27092
1.25553
1.24462
1.2295
1.22345
1.19876
1.18784
1.17238
1.16683
1.1517
1.1467
1.12497
1.12124
1.10008
1.08464
1.07949
1.06897
1.06902
1.05341
1.04333
1.03326
1.02181
1.02266
1.01239
1.01155
1.00223
0.996644
0.991618
0.991111
0.985504
0.986262
0.980489
0.981375
0.985703
0.986408
1.00144
1.01114
1.0423
1.05741
1.0783
1.12486
1.15437
1.22153
1.26246
1.34451
1.38708
1.54037
1.59282
1.71068
1.77295
1.89175
1.95301
2.07253
2.12878
2.18635
2.29469
2.34628
2.53241
2.61507
2.65208
2.71406
2.74461
2.79715
2.82236
2.84424
2.87471
2.91152
2.91676
2.92259
2.92209
2.91232
2.90237
2.88216
2.87082
2.82574
2.76311
2.73824
2.6869
2.66016
2.59881
2.56782
2.4698
2.37114
2.33611
2.26888
2.23735
2.16969
2.13482
2.0454
2.01603
1.95335
1.9269
1.87022
1.84953
1.75655
1.72067
1.70413
1.67342
1.6583
1.64285
1.61706
1.60604
1.58566
1.57978
1.55948
1.54336
1.5396
1.53341
1.52814
1.52349
1.5173
1.51252
1.51262
1.50662
1.50838
1.49714
1.48659
1.4877
1.4773
1.47167
1.46668
1.45671
1.451
1.44031
1.43087
1.41044
1.39449
1.38397
1.36368
1.35325
1.33808
1.32686
1.31182
1.30187
1.27618
1.24944
1.23978
1.21413
1.19889
1.18767
1.18258
1.1674
1.16201
1.14632
1.14128
1.12543
1.1164
1.09486
1.0899
1.07955
1.07388
1.05342
1.04873
1.0384
1.03247
1.02265
1.01754
1.00655
0.991962
0.990892
0.986005
0.986181
0.981255
0.991465
1.00654
1.01627
1.04697
1.06713
1.11304
1.14484
1.25189
1.29878
1.39156
1.44241
1.55573
1.61771
1.8083
1.87547
2.01014
2.07192
2.20116
2.26311
2.3254
2.43923
2.49534
2.59971
2.65053
2.73882
2.781
2.85866
2.89438
2.93082
2.98787
3.00872
3.05535
3.07125
3.09713
3.10803
3.11801
3.12358
3.12863
3.12361
3.11883
3.07812
3.04708
3.03184
2.99053
2.97005
2.92398
2.89753
2.87236
2.81087
2.77913
2.71777
2.68637
2.61421
2.57889
2.547
2.46964
2.43882
2.36619
2.33613
2.26372
2.23181
2.1342
2.10307
2.01506
1.93281
1.91097
1.85902
1.83992
1.79828
1.78226
1.73
1.68941
1.67828
1.65784
1.64766
1.62687
1.62162
1.60017
1.59121
1.58551
1.57987
1.56912
1.5651
1.5488
1.53876
1.53399
1.52802
1.52367
1.50271
1.49742
1.48755
1.48172
1.46709
1.4609
1.43581
1.43053
1.40951
1.40511
1.38429
1.37888
1.35793
1.3535
1.34276
1.32209
1.31182
1.28039
1.27126
1.25538
1.24475
1.2242
1.21351
1.18803
1.1826
1.16202
1.15254
1.13697
1.13032
1.11544
1.10573
1.08409
1.07954
1.06404
1.0584
1.04299
1.04291
1.0273
1.02315
1.00682
1.00233
0.991664
0.98665
0.976349
0.97095
0.970469
0.96528
0.960812
0.960638
0.960095
0.965493
0.974797
1.01643
1.03093
1.08226
1.10925
1.17978
1.21175
1.34446
1.39142
1.49975
1.56073
1.74715
1.94302
2.00931
2.13835
2.20181
2.37732
2.4337
2.53716
2.58905
2.68162
2.72443
2.80195
2.83713
2.89948
2.93157
2.95692
2.9985
3.01924
3.04571
3.05555
3.07707
3.07735
3.07176
3.05633
3.04741
3.03605
3.00538
2.99038
2.92873
2.88284
2.85661
2.80505
2.77489
2.74779
2.68131
2.65047
2.58312
2.54756
2.48026
2.44404
2.41323
2.34614
2.30969
2.24269
2.21112
2.11896
2.08743
2.03063
2.00478
1.95272
1.92777
1.85927
1.83968
1.79816
1.78156
1.74514
1.73095
1.70477
1.69385
1.66309
1.6528
1.63661
1.62745
1.61155
1.60596
1.59022
1.59031
1.57987
1.56944
1.55473
1.54878
1.53868
1.53854
1.51819
1.50236
1.49766
1.48189
1.47729
1.45117
1.4352
1.42613
1.41448
1.39958
1.38962
1.36927
1.34926
1.33342
1.32126
1.30091
1.29646
1.27042
1.26062
1.24988
1.22923
1.22411
1.2031
1.19361
1.17332
1.16658
1.14173
1.13084
1.11538
1.11065
1.09561
1.08938
1.06886
1.06419
1.04868
1.04275
1.02272
1.01246
1.00672
0.997146
0.99595
0.98129
0.975848
0.970907
0.970887
0.965182
0.965685
0.965538
0.970381
0.990652
1.03677
1.05709
1.10812
1.13954
1.25203
1.38646
1.43721
1.54022
1.60184
1.79279
1.86038
1.98922
2.05635
2.1798
