2.91813
2.90757
2.84606
2.82539
2.7734
2.74403
2.6603
2.56296
2.53193
2.46503
2.4287
2.36122
2.32552
2.26333
2.22735
2.1292
2.09777
2.03542
2.01036
1.94788
1.92687
1.8496
1.8243
1.78259
1.76174
1.70468
1.66304
1.64755
1.62159
1.61605
1.58603
1.57505
1.56436
1.55509
1.53889
1.53848
1.52786
1.5237
1.5134
1.50796
1.50729
1.49739
1.49775
1.48689
1.47232
1.46597
1.45601
1.4515
1.43545
1.40507
1.39467
1.38384
1.3637
1.35811
1.34202
1.33341
1.31758
1.30617
1.29064
1.28152
1.25547
1.24498
1.22916
1.22367
1.20267
1.19888
1.18287
1.1723
1.15249
1.14563
1.13145
1.10988
1.1053
1.08925
1.0748
1.06838
1.05838
1.04803
1.04823
1.03273
1.03293
1.02241
1.01773
1.01752
1.01192
1.00668
1.00646
1.00695
1.00666
1.0069
1.00677
1.02167
1.04201
1.04802
1.0979
1.12456
1.17551
1.20635
1.27802
1.31988
1.44786
1.59203
1.64447
1.74759
1.79882
1.91241
1.96881
2.13928
2.1962
2.29962
2.35158
2.49175
2.53239
2.60972
2.64746
2.70445
2.73409
2.80288
2.81291
2.84392
2.84999
2.86562
2.8654
2.85546
2.83054
2.81434
2.78361
2.76823
2.70677
2.68098
2.62941
2.60353
2.5729
2.4853
2.42863
2.39731
2.33581
2.30426
2.21164
2.14963
2.11861
2.03077
1.94814
1.92184
1.87029
1.84501
1.79814
1.77713
1.71527
1.69916
1.66298
1.64804
1.61077
1.59679
1.57596
1.56944
1.55395
1.54452
1.52869
1.52306
1.52341
1.51802
1.50729
1.50789
1.50236
1.49774
1.49126
1.49326
1.48293
1.48094
1.47119
1.47168
1.46089
1.45683
1.44526
1.42592
1.4195
1.40429
1.39956
1.38921
1.37895
1.3694
1.36252
1.33854
1.33139
1.31626
1.31201
1.29614
1.28651
1.2605
1.25478
1.23998
1.22882
1.21906
1.21322
1.20366
1.19309
1.18797
1.17189
1.17213
1.15629
1.15187
1.14156
1.13582
1.13056
1.12631
1.12019
1.11611
1.11056
1.10967
1.10557
1.09971
1.0997
1.08932
1.08957
1.084
1.07969
1.07819
1.07858
1.0844
1.08852
1.09459
1.11001
1.12464
1.16623
1.23732
1.34046
1.38103
1.51552
1.66425
1.83436
1.89658
2.02039
2.08242
2.27336
2.44952
2.50564
2.60879
2.66144
2.75482
2.79555
2.91043
2.94106
3.00358
3.02935
3.08667
3.10685
3.1279
3.13391
3.14461
3.14905
3.13904
3.13438
3.10849
3.09372
3.04211
3.00081
2.98037
2.95473
2.89864
2.87174
2.81001
2.77987
2.68195
2.57809
2.5428
2.47575
2.44321
2.37617
2.34136
2.27871
2.24772
2.21668
2.15475
2.12869
2.0721
2.05055
1.97844
1.95813
1.91682
1.89589
1.84482
1.82788
1.80234
1.79228
1.76666
1.75583
1.74019
1.73043
1.70961
1.69344
1.68859
1.68349
1.6736
1.66844
1.66264
1.65216
1.6478
1.63122
1.61665
1.60619
1.59089
1.58533
1.55883
1.55514
1.53375
1.50342
1.49693
1.47232
1.46629
1.44526
1.43184
1.39919
1.38994
1.36371
1.35325
1.33222
1.32271
1.27585
1.24944
1.2398
1.20391
1.19787
1.17297
1.16197
1.14682
1.13643
1.1055
1.09996
1.07973
1.07417
1.05356
1.04872
1.03365
1.02249
1.00152
0.996885
0.98188
0.980346
0.960811
0.950687
0.940297
0.934747
0.924308
0.919644
0.909213
0.90344
0.903875
0.898402
0.898391
0.902808
0.907756
0.919173
0.939491
0.958893
0.975108
1.02057
1.04668
1.10854
1.14352
1.26754
1.40705
1.45338
1.60344
1.76754
1.8248
1.93369
1.98894
2.09311
2.14996
2.24835
2.29521
2.41894
2.45608
2.52323
2.55379
2.60553
2.62703
2.6639
2.67846
2.69025
2.7103
2.71571
2.71064
2.68548
2.67542
2.64531
2.62844
2.56697
2.54681
2.49484
2.46954
2.41784
2.39172
2.33533
2.30905
2.22635
2.19654
2.13946
2.10824
2.02493
1.93742
1.91177
1.83464
1.78856
1.761
1.72009
1.69974
1.67924
1.63788
1.62206
1.59082
1.58051
1.53942
1.52862
1.51339
1.50786
1.49742
1.49275
1.48216
1.48144
1.47619
1.47695
1.47669
1.47666
1.4817
1.48177
1.48181
1.48182
1.48177
1.48122
1.48222
1.48243
1.47608
1.47687
1.47104
1.46225
1.46036
1.45063
1.45093
1.44067
1.43101
1.42573
1.42
1.40421
1.39412
1.38951
1.37896
1.37339
1.35811
1.35287
1.34299
1.33749
1.33254
1.32688
1.317
1.31147
1.29636
1.29563
1.28037
1.27565
1.26535
1.26017
1.25477
1.24477
1.22884
1.21813
1.21886
1.2081
1.20367
1.19835
1.19285
1.18726
1.1921
1.20314
1.21216
1.23268
1.2536
1.28904
1.31033
1.36205
1.39162
1.4242
1.50054
1.54107
1.71117
1.7986
1.85128
1.94344
1.99537
2.09819
2.1454
2.29535
2.42982
2.47496
2.54771
2.58996
2.65693
2.68355
2.7092
