3.06143
3.04189
3.01621
2.99585
2.94357
2.91945
2.87281
2.84556
2.7892
2.75888
2.72827
2.66594
2.63034
2.56347
2.53153
2.4595
2.42819
2.29421
2.20128
2.11358
2.08723
2.03603
2.00943
1.93712
1.87572
1.82363
1.80796
1.77652
1.76654
1.74581
1.73531
1.70956
1.70408
1.69346
1.68864
1.67335
1.66829
1.66716
1.66227
1.65826
1.64774
1.64204
1.63219
1.62611
1.61683
1.611
1.60047
1.59085
1.58035
1.57031
1.56007
1.54476
1.53852
1.51814
1.50809
1.47812
1.45044
1.43702
1.40431
1.39026
1.36931
1.35805
1.32799
1.30228
1.2958
1.26106
1.24958
1.22429
1.21873
1.19776
1.19348
1.17271
1.16224
1.14074
1.13208
1.11642
1.10501
1.0841
1.07996
1.06908
1.06367
1.04894
1.04252
1.03328
1.02276
1.01726
1.0126
1.00226
0.996655
0.986202
0.980796
0.97626
0.976014
0.975705
0.986027
0.990655
1.01606
1.03169
1.09282
1.15474
1.19063
1.22649
1.31381
1.36037
1.46358
1.51933
1.63775
1.70069
1.90124
1.96873
2.10294
2.16985
2.35611
2.47517
2.52668
2.58373
2.68247
2.72865
2.8578
2.98763
3.03488
3.0548
3.10275
3.11243
3.12912
3.13314
3.13506
3.11903
3.10888
3.07237
3.02199
3.00066
2.95437
2.92899
2.84175
2.74765
2.71861
2.61333
2.50161
2.46419
2.39224
2.36131
2.25864
2.16016
2.06676
2.04103
1.98474
1.95756
1.91191
1.89061
1.82892
1.81276
1.77709
1.76612
1.73038
1.68855
1.66831
1.66235
1.64763
1.64216
1.63194
1.63122
1.6214
1.61664
1.61137
1.60569
1.59062
1.58512
1.57498
1.56975
1.55958
1.54969
1.5288
1.52342
1.50247
1.498
1.46684
1.45668
1.43648
1.42478
1.40378
1.39511
1.36352
1.3485
1.31651
1.28648
1.2505
1.21823
1.18885
1.17717
1.16163
1.15244
1.13154
1.12529
1.10031
1.08962
1.07427
1.06887
1.04837
1.04349
1.02735
1.02303
1.00741
1.00191
0.98681
0.971052
0.965833
0.955011
0.955389
0.944682
0.945382
0.929378
0.92935
0.923628
0.92017
0.914279
0.908707
0.908708
0.913558
0.929657
0.938408
0.968973
0.985711
1.0312
1.0612
1.12816
1.17471
1.31382
1.36515
1.47858
1.54001
1.7464
1.95805
2.03039
2.23673
2.43393
2.49505
2.60915
2.66611
2.76481
2.81579
2.90485
2.94057
3.04464
3.07042
3.12178
3.1437
3.17487
3.18456
3.21093
3.21676
3.21164
3.19611
3.19105
3.13482
3.09901
3.07841
3.00636
2.92435
2.89322
2.83127
2.79518
2.72793
2.69728
2.62504
2.58878
2.4753
2.43871
2.36698
2.33505
2.23289
2.1385
2.11376
2.03018
1.95349
1.93165
1.89015
1.8703
1.83333
1.81813
1.7724
1.73559
1.7249
1.70889
1.69974
1.68391
1.6826
1.66897
1.66189
1.65216
1.64763
1.6378
1.61671
1.60622
1.6005
1.5846
1.58055
1.55482
1.54911
1.52819
1.51904
1.49187
1.46182
1.45171
1.43064
1.42053
1.3949
1.38409
1.34913
1.33712
1.31685
1.30709
1.26032
1.23489
1.22392
1.20376
1.19308
1.16298
1.15173
1.13564
1.12681
1.10597
1.09435
1.07903
1.07432
1.0589
1.04883
1.03279
1.02766
1.00705
0.990749
0.976604
0.970378
0.961223
0.944762
0.944913
0.934568
0.934555
0.924645
0.918698
0.919392
0.919353
0.918335
0.928763
0.934271
0.970035
0.989652
1.03525
1.06278
1.12955
1.16878
1.35397
1.46789
1.52996
1.66401
1.73559
1.87547
2.01508
2.15442
2.22166
2.41383
2.58898
2.73884
2.78539
2.86811
2.90983
3.0133
3.08585
3.1074
3.15386
3.17974
3.18059
3.18051
3.17597
3.16553
3.15531
3.11859
3.06246
3.04706
3.00024
2.97591
2.92401
2.89803
2.80531
2.76948
2.70256
2.67066
2.59871
2.55851
2.41326
2.34567
2.30527
2.20564
2.10931
2.0814
2.02442
1.99563
1.94306
1.9215
1.87502
1.85493
1.79721
1.78223
1.75117
1.73589
1.70988
1.69899
1.69394
1.67279
1.66841
1.65181
1.63241
1.61577
1.61143
1.60634
1.60046
1.58555
1.56446
1.56444
1.54852
1.54436
1.51834
1.49286
1.48226
1.46703
1.45651
1.43679
1.4249
1.37872
1.36301
1.34935
1.31141
1.30219
1.26563
1.2408
1.22852
1.20784
1.19917
1.17251
1.16237
1.15226
1.13142
1.12049
1.09039
1.07486
1.06438
1.05847
1.04272
1.03345
1.01235
0.991665
0.986606
0.976287
0.971051
0.960702
0.955196
0.935076
0.923841
0.924452
0.913149
0.909641
0.898194
0.888716
0.887177
0.882097
0.883947
0.87189
0.867421
0.867457
0.86698
0.87199
0.88237
0.888093
0.90846
0.923026
0.964379
0.989377
1.0514
1.08739
1.22147
1.26688
1.37476
1.43765
1.56621
1.6323
1.84387
1.91649
2.05607
2.12336
2.38227
2.50142
2.55709
2.66098
2.71344
2.84291
2.879
2.94678
2.97701
3.02971
3.05014
