3.08289
3.04218
3.02202
2.97068
2.91885
2.85687
2.82605
2.75921
2.72718
2.66052
2.62549
2.51633
2.48065
2.4135
2.37667
2.31448
2.27887
2.24749
2.1855
2.15458
2.09724
2.07241
2.0205
1.99925
1.90716
1.87104
1.85367
1.81314
1.77642
1.76661
1.74589
1.73484
1.71972
1.69927
1.6986
1.6887
1.6881
1.67852
1.67754
1.66818
1.65748
1.65245
1.64758
1.62662
1.62131
1.60616
1.6006
1.58512
1.57525
1.55948
1.54938
1.53934
1.51923
1.48744
1.47731
1.44629
1.42531
1.4155
1.40478
1.37875
1.36914
1.34812
1.33783
1.31183
1.30678
1.27084
1.26522
1.23448
1.20379
1.193
1.17779
1.16746
1.15233
1.14574
1.12132
1.1152
1.09959
1.09545
1.08486
1.07406
1.05899
1.0433
1.03823
1.0279
1.02712
1.01698
1.01275
1.00201
0.99689
0.991318
0.982097
0.980119
0.980574
0.980796
0.985615
0.986586
1.00167
1.01578
1.06818
1.08779
1.13948
1.17452
1.28941
1.3338
1.42129
1.47438
1.5774
1.63308
1.87571
1.99958
2.0619
2.18578
2.24267
2.35602
2.45475
2.55328
2.59963
2.68242
2.71852
2.78606
2.81753
2.89009
2.91085
2.94199
2.95782
2.97871
2.97916
2.95394
2.92309
2.90792
2.8511
2.77436
2.74819
2.65551
2.59413
2.55732
2.45474
2.42282
2.35078
2.3201
2.25271
2.21711
2.11939
2.08667
2.02565
1.99918
1.91727
1.89559
1.84332
1.82455
1.7616
1.71019
1.69386
1.66822
1.65312
1.63201
1.62668
1.60611
1.60061
1.58047
1.56979
1.55951
1.55907
1.54436
1.53351
1.52886
1.51847
1.50774
1.49273
1.48687
1.47604
1.47226
1.45633
1.45133
1.42561
1.42006
1.39974
1.39401
1.37331
1.34324
1.33243
1.31233
1.30636
1.28596
1.27604
1.2343
1.20874
1.17749
1.15224
1.14101
1.11614
1.10506
1.09554
1.07915
1.07467
1.05422
1.04768
1.03773
1.03337
1.02288
1.02231
1.00717
1.00203
0.991177
0.980779
0.976713
0.971079
0.965837
0.960872
0.954631
0.949857
0.940675
0.938889
0.934459
0.934911
0.929248
0.929449
0.93374
0.938491
0.945057
0.979875
1.06188
1.12336
1.15955
1.24204
1.28802
1.44295
1.499
1.62282
1.68974
1.82889
1.89606
2.10853
2.17955
2.31356
2.38203
2.50585
2.56763
2.73338
2.78558
2.87874
2.91995
3.039
3.07053
3.12262
3.14749
3.1891
3.20621
3.2369
3.24681
3.25768
3.25767
3.24753
3.24313
3.22233
3.21208
3.16541
3.10991
3.08342
3.03202
3.01115
2.91882
2.88839
2.78528
2.68128
2.57839
2.54211
2.46989
2.43377
2.33014
2.23778
2.14975
2.12293
2.07146
2.04616
1.99957
1.97837
1.92173
1.90606
1.87001
1.85411
1.80282
1.78257
1.77575
1.76018
1.75171
1.73425
1.73074
1.71501
1.70905
1.70458
1.69353
1.68392
1.66292
1.65775
1.64193
1.6374
1.6114
1.58624
1.5745
1.54987
1.51347
1.48227
1.47221
1.44668
1.43596
1.3992
1.36329
1.35362
1.32793
1.31639
1.29597
1.28666
1.24997
1.23982
1.2186
1.20422
1.18866
1.17737
1.14111
1.1111
1.09025
1.06856
1.06439
1.04838
1.04312
1.02798
1.02217
1.00686
1.00711
0.991334
0.991776
0.975689
0.965207
0.961227
0.956028
0.949676
0.945384
0.93543
0.929305
0.923788
0.920097
0.918199
0.915452
0.927767
0.934929
0.95465
0.969816
1.03117
1.1243
1.16366
1.76197
1.90142
2.10754
2.18003
2.31
2.376
2.49476
2.55302
2.66121
2.71282
2.85303
2.89436
2.97239
3.00783
3.06491
3.09186
3.12815
3.14826
3.16425
3.18544
3.19016
3.20138
3.19614
3.18601
3.18084
3.15535
3.14483
3.10919
3.09326
3.04771
3.02653
3.00141
2.94496
2.91836
2.85116
2.8262
2.72345
2.61922
2.58408
2.51201
2.47975
2.37765
2.24795
2.18591
2.15421
2.09785
2.07193
1.99386
1.97363
1.9267
1.90707
1.84871
1.80316
1.79172
1.76588
1.75602
1.7255
1.69844
1.69433
1.67862
1.67313
1.65776
1.65254
1.6422
1.63188
1.62131
1.61622
1.60065
1.60053
1.5913
1.57966
1.57525
1.56994
1.55424
1.5443
1.52907
1.51875
1.50292
1.4928
1.48231
1.46202
1.45082
1.42039
1.39972
1.38466
1.37361
1.34292
1.32233
1.30714
1.29634
1.27042
1.26554
1.23948
1.22961
1.20889
1.19827
1.17218
1.1675
1.15708
1.13645
1.12609
1.11084
1.09977
1.08422
1.07946
1.05397
1.04801
1.03298
1.02781
1.00787
1.00598
0.996891
0.991269
0.981334
0.971054
0.960584
0.95528
0.950355
0.945251
0.940188
0.939767
0.929539
0.929257
0.924792
0.924106
0.91945
0.913683
0.913949
0.908672
0.908724
0.908767
0.903842
0.903255
0.898276
0.898249
0.893611
0.89819
0.898746
0.898024
0.90886
0.924035
0.933086
0.981306
1.00415
1.05668
1.08752
1.20584
1.34364
1.39751
