1.91714
1.89123
1.84502
1.82318
1.78208
1.76206
1.73059
1.71474
1.70448
1.67851
1.66828
1.65238
1.64279
1.6332
1.63021
1.62734
1.62695
1.62593
1.63099
1.6418
1.64182
1.65194
1.65683
1.66239
1.66754
1.67329
1.68296
1.6829
1.68261
1.68363
1.6778
1.67812
1.6686
1.66219
1.65232
1.64721
1.63189
1.62655
1.60077
1.59594
1.57493
1.56535
1.53337
1.52419
1.50326
1.49221
1.46691
1.45655
1.42568
1.39479
1.38419
1.36353
1.349
1.32813
1.31662
1.28671
1.27541
1.25487
1.24519
1.22444
1.21376
1.20329
1.1877
1.17806
1.15756
1.15135
1.13094
1.12019
1.09884
1.09603
1.0798
1.06933
1.05422
1.04763
1.03312
1.02739
1.01227
1.00689
0.996518
0.991054
0.995961
1.0064
1.01154
1.05309
1.07698
1.12861
1.16504
1.25227
1.29843
1.40153
1.4575
1.57593
1.63382
1.69466
1.8188
1.88118
2.0001
2.0615
2.23223
2.28464
2.38284
2.42889
2.51747
2.55836
2.63623
2.67226
2.70407
2.75561
2.78163
2.82293
2.84379
2.88099
2.88539
2.8964
2.9015
2.89637
2.87159
2.83119
2.81911
2.78356
2.76378
2.70135
2.62477
2.59834
2.54183
2.51117
2.41821
2.39188
2.32456
2.29472
2.22776
2.1955
2.10329
2.07208
2.01478
1.98479
1.92777
1.90134
1.85023
1.82835
1.76226
1.74076
1.70406
1.68995
1.65832
1.64742
1.61115
1.60139
1.586
1.58445
1.57454
1.57002
1.56939
1.56971
1.56957
1.57447
1.58547
1.58542
1.58997
1.59529
1.6005
1.6002
1.60048
1.60057
1.60056
1.60055
1.59522
1.59553
1.58974
1.58582
1.56923
1.56496
1.55436
1.54422
1.5291
1.52314
1.49821
1.46629
1.45711
1.43734
1.42485
1.39981
1.3634
1.35345
1.33255
1.32246
1.30188
1.29077
1.28148
1.26034
1.25009
1.21864
1.19811
1.18837
1.17748
1.16177
1.15235
1.13144
1.12579
1.10497
1.10037
1.07415
1.06932
1.05421
1.04767
1.02744
1.00724
1.00161
0.98632
0.981584
0.965135
0.961327
0.950828
0.944488
0.934097
0.929989
0.919472
0.918765
0.918959
0.923892
0.944071
0.95922
0.994795
1.02119
1.12319
1.16895
1.27217
1.33343
1.45176
1.51944
1.6479
1.71603
1.78207
1.91692
1.98375
2.17562
2.23255
2.35142
2.40754
2.50661
2.55775
2.64518
2.6885
2.76103
2.79592
2.88486
2.91553
2.95167
2.9682
3.00942
3.02543
3.02514
3.02066
3.02031
2.99532
2.98482
2.93904
2.90297
2.88201
2.81586
2.79375
2.74275
2.7177
2.66095
2.62967
2.56837
2.54124
2.50675
2.44489
2.41259
2.35095
2.31992
2.25293
2.2268
2.13411
2.10799
2.05099
2.02578
1.99943
1.94743
1.92237
1.88083
1.85966
1.82335
1.80294
1.75612
1.72475
1.71496
1.70382
1.69455
1.6833
1.68371
1.68266
1.68771
1.68886
1.69356
1.69308
1.6983
1.70418
1.70366
1.70371
1.70395
1.7037
1.69828
1.69408
1.68928
1.68767
1.67236
1.67355
1.6526
1.64733
1.6267
1.62167
1.60139
1.59054
1.57472
1.56067
1.55372
1.53301
1.5244
1.49741
1.48807
1.47186
1.45152
1.43616
1.41509
1.40023
1.37948
1.35364
1.32767
1.29153
1.28057
1.25527
1.24484
1.21396
1.18281
1.17231
1.15175
1.1418
1.12158
1.11497
1.0857
1.07867
1.07016
1.05445
1.03794
1.03329
1.00758
1.00172
0.986195
0.98165
0.966122
0.960236
0.940051
0.934682
0.919058
0.919014
0.908728
0.903437
0.898413
0.89832
0.908441
0.913358
0.95928
0.979685
1.04115
1.07662
1.16419
1.21531
1.39038
1.45258
1.5809
1.64398
1.77762
1.84421
1.97413
2.03572
2.22191
2.2788
2.38785
2.43896
2.53747
2.58444
2.70392
2.7394
2.80236
2.83232
2.85925
2.9007
2.94807
2.96227
2.97304
2.97872
2.97885
2.97403
2.96464
2.95341
2.93282
2.91844
2.88795
2.87057
2.83503
2.81556
2.74722
2.72332
2.67126
2.64484
2.58824
2.55769
2.52634
2.46458
2.43385
2.37165
2.34067
2.24711
2.21231
2.15544
2.12328
2.06675
2.03574
1.98408
1.95815
1.88556
1.8652
1.82389
1.80782
1.77114
1.75665
1.7404
1.71464
1.70934
1.68834
1.68391
1.6781
1.66758
1.66809
1.65748
1.65694
1.65688
1.66207
1.66229
1.66735
1.66799
1.66793
1.66746
1.6678
1.66316
1.65748
1.65293
1.64716
1.63215
1.61123
1.60577
1.59072
1.58547
1.56496
1.5547
1.54427
1.52323
1.51376
1.49269
1.48241
1.45636
1.44638
1.41052
1.39994
1.37438
1.36372
1.34302
1.32785
1.30221
1.29126
1.25559
1.2397
1.19833
1.16288
1.13679
1.13078
1.10055
1.08984
1.06885
1.05902
1.04315
1.03352
1.01268
1.00703
0.991809
0.981586
0.955147
0.95077
0.935689
0.9292
0.909547
0.883433
0.872702
0.867685
0.852029
0.847299
0.841779
0.841881
