1.55997
1.55872
1.55898
1.55944
1.56414
1.56419
1.56913
1.57028
1.57375
1.57511
1.57503
1.5745
1.56976
1.5743
1.56902
1.56522
1.55373
1.54954
1.53916
1.53368
1.52337
1.51325
1.49244
1.48748
1.46691
1.46138
1.44085
1.43089
1.40001
1.39415
1.37368
1.36387
1.34288
1.33273
1.3009
1.29197
1.27107
1.25518
1.23934
1.22973
1.20903
1.19819
1.18831
1.16832
1.16092
1.1409
1.13175
1.11616
1.10531
1.10005
1.07943
1.06948
1.0544
1.048
1.04337
1.02801
1.02217
1.00628
1.00234
0.986086
0.981357
0.971416
0.955926
0.950193
0.940023
0.934946
0.924032
0.91956
0.909179
0.903474
0.899114
0.888196
0.883492
0.883278
0.877693
0.882287
0.888203
0.89242
0.907859
0.923465
0.938567
0.979634
1.07706
1.12311
1.22042
1.27742
1.40065
1.46746
1.60647
1.67434
1.88574
1.95285
2.08709
2.15469
2.27359
2.33531
2.50107
2.55298
2.6461
2.69215
2.76946
2.80249
2.83706
2.89444
2.92154
2.96279
2.98278
3.00892
3.01538
3.02482
3.03047
3.03052
3.02605
3.02075
3.00601
2.99516
2.95446
2.93376
2.89817
2.87656
2.80533
2.69716
2.64043
2.60402
2.51116
2.47511
2.40811
2.37162
2.26859
2.17025
2.07196
2.0413
1.98414
1.95809
1.90122
1.87569
1.80858
1.7824
1.74588
1.72605
1.67345
1.6524
1.6427
1.62644
1.62679
1.61524
1.61189
1.61123
1.61019
1.61535
1.6165
1.6215
1.62598
1.62664
1.63098
1.63619
1.63707
1.63689
1.63656
1.63233
1.63095
1.63242
1.61641
1.60596
1.59583
1.5855
1.57544
1.554
1.54492
1.52414
1.51302
1.48761
1.47764
1.44074
1.43144
1.40582
1.39391
1.36289
1.35392
1.3121
1.29684
1.26028
1.22002
1.17729
1.16299
1.13686
1.12583
1.1052
1.09099
1.07922
1.05867
1.04408
1.02363
1.01157
0.982381
0.966898
0.955109
0.945884
0.930434
0.919255
0.904632
0.898201
0.883502
0.877971
0.872707
0.847767
0.837229
0.830957
0.821765
0.810803
0.805654
0.795631
0.790324
0.779721
0.775045
0.764346
0.764251
0.764055
0.768701
0.778726
0.790049
0.825142
0.845396
0.942762
0.983653
1.08676
1.14236
1.42642
1.58097
1.6532
1.80838
1.88996
2.03484
2.10757
2.17989
2.31505
2.38615
2.51075
2.56851
2.68145
2.7343
2.87294
2.91526
2.99292
3.02328
3.08021
3.10745
3.16881
3.18002
3.20597
3.21256
3.21054
3.20065
3.19704
3.17649
3.14695
3.1151
3.09796
3.05206
3.03719
2.96537
2.91449
2.88702
2.80052
2.77334
2.71174
2.6819
2.61437
2.58327
2.4806
2.44907
2.38228
2.35071
2.28386
2.25285
2.19089
2.13381
2.07674
2.05133
1.99969
1.9783
1.91648
1.89578
1.85996
1.84808
1.81752
1.81297
1.79239
1.78122
1.77647
1.7714
1.76606
1.76099
1.76565
1.76549
1.76464
1.76632
1.76128
1.7646
1.76127
1.75562
1.75527
1.7449
1.74054
1.73016
1.72435
1.7041
1.69876
1.68281
1.67416
1.65276
1.64253
1.59082
1.56506
1.54978
1.50846
1.49781
1.46714
1.45146
1.42087
1.40532
1.37471
1.3582
1.31273
1.29627
1.2651
1.25073
1.21423
1.20335
1.15785
1.1414
1.11061
1.10076
1.04383
1.01801
1.00281
0.976671
0.965922
0.940365
0.929878
0.919674
0.893556
0.883309
0.862734
0.852569
0.832001
0.821342
0.795707
0.790164
0.773849
0.765177
0.754084
0.744354
0.733922
0.728098
0.727948
0.722505
0.723109
0.732852
0.742665
0.753439
0.783641
0.809151
0.910889
1.00309
1.06092
1.1839
1.24599
1.45731
1.53402
1.67341
1.74652
1.953
2.14978
2.21131
2.32542
2.37739
2.53174
2.57927
2.66678
2.70392
2.77562
2.80725
2.85882
2.90596
2.94232
2.95229
2.97348
2.98358
2.98916
2.99414
2.98513
2.97394
2.95903
2.94866
2.9177
2.90305
2.85124
2.83057
2.7628
2.71163
2.68678
2.66028
2.60332
2.57347
2.4744
2.4127
2.37719
2.31534
2.27858
2.2478
2.18561
2.1548
2.08786
2.0614
1.99928
1.96891
1.9477
1.89129
1.86982
1.82311
1.8037
1.73115
1.69941
1.68888
1.65784
1.6377
1.6315
1.62673
1.62603
1.62151
1.62687
1.62596
1.6267
1.63238
1.6308
1.63101
1.63646
1.63625
1.63252
1.6312
1.63174
1.63134
1.62157
1.61602
1.60604
1.60071
1.5848
1.58077
1.55979
1.5545
1.52415
1.49248
1.4825
1.45624
1.44668
1.4211
1.40463
1.36389
1.35319
1.32204
1.30699
1.28165
1.26098
1.24995
1.21866
1.2043
1.17353
1.162
1.11612
1.10528
1.07451
1.06413
1.03357
1.0275
1.00136
0.992589
0.955845
0.945379
0.919369
0.914359
0.893236
0.88392
0.857049
0.852251
0.830973
0.82225
0.800198
0.795923
0.780158
0.774722
0.759598
0.754026
0.743418
0.73359
0.722821
0.718002
0.707283
0.707445
0.707898
