2.63903
2.62868
2.61814
2.58217
2.51601
2.45305
2.37711
2.28886
2.26298
2.17517
2.08266
2.02584
1.99457
1.96344
1.907
1.88073
1.82403
1.79844
1.75162
1.72583
1.70482
1.65893
1.63713
1.58553
1.53986
1.52836
1.50227
1.49329
1.4723
1.46641
1.44667
1.43527
1.43537
1.42983
1.43049
1.42501
1.42468
1.42487
1.41949
1.42012
1.41972
1.41505
1.41496
1.40467
1.40423
1.39996
1.39413
1.38434
1.38326
1.37955
1.36329
1.35302
1.3481
1.33227
1.3275
1.30636
1.30174
1.28589
1.28101
1.26042
1.25449
1.23424
1.22934
1.22396
1.20818
1.20371
1.17742
1.17265
1.1576
1.15115
1.1359
1.13109
1.11574
1.10508
1.10517
1.08903
1.08526
1.07009
1.06775
1.05296
1.04869
1.03284
1.02802
1.02299
1.0169
1.00707
1.00176
0.996201
0.99667
0.991463
0.996916
1.0062
1.01177
1.02656
1.04181
1.07722
1.09917
1.14559
1.17456
1.24229
1.27853
1.40185
1.44791
1.54048
1.59322
1.70104
1.75728
1.92842
1.98421
2.09308
2.14469
2.33131
2.40903
2.45039
2.52185
2.54514
2.59626
2.61137
2.64772
2.66317
2.67381
2.68956
2.70003
2.7004
2.70024
2.67935
2.67025
2.64459
2.62901
2.59241
2.56831
2.50056
2.47454
2.39275
2.33584
2.30417
2.2738
2.21176
2.18078
2.0874
2.02563
1.99465
1.93755
1.90682
1.88089
1.82928
1.80318
1.75199
1.73042
1.68904
1.66427
1.64708
1.61148
1.59618
1.56505
1.54983
1.51859
1.50819
1.49236
1.48266
1.47213
1.46654
1.45696
1.45041
1.45081
1.4508
1.44587
1.44551
1.44572
1.44045
1.44052
1.43497
1.43078
1.43024
1.42531
1.42478
1.41431
1.41501
1.40396
1.39368
1.38976
1.38385
1.37402
1.3684
1.35801
1.35299
1.33733
1.33273
1.31665
1.30723
1.29168
1.28562
1.27033
1.26552
1.24462
1.23437
1.22443
1.21859
1.20819
1.19881
1.17237
1.1628
1.15643
1.1463
1.14166
1.13574
1.1255
1.12113
1.11052
1.10524
1.09486
1.0944
1.08534
1.08343
1.08382
1.08942
1.09866
1.10993
1.1504
1.17062
1.22206
1.24836
1.35543
1.39696
1.48448
1.53051
1.62859
1.68469
1.79804
1.86549
1.92751
2.05673
2.11844
2.24864
2.3038
2.41838
2.46993
2.57381
2.62036
2.67161
2.74915
2.79129
2.85881
2.88939
2.91585
2.9629
2.98275
3.00897
3.02505
3.03534
3.04084
3.03616
3.03116
3.01077
3.00032
2.97469
2.95474
2.91835
2.89806
2.82582
2.7996
2.74297
2.7126
2.6203
2.52614
2.49614
2.39733
2.26821
2.20633
2.17546
2.11354
2.08725
2.03553
2.00989
1.93696
1.91223
1.87079
1.84905
1.81269
1.79783
1.78664
1.75547
1.74606
1.7251
1.71477
1.69936
1.68876
1.68317
1.673
1.66827
1.65715
1.6469
1.64722
1.642
1.63182
1.63174
1.62161
1.61593
1.61097
1.60639
1.59027
1.58532
1.57497
1.57015
1.5598
1.55433
1.53858
1.53421
1.52803
1.51298
1.50322
1.48736
1.48227
1.45681
1.4509
1.43047
1.42058
1.40517
1.39452
1.37949
1.36847
1.35871
1.34332
1.33244
1.31735
1.30671
1.28057
1.27109
1.25034
1.24439
1.22364
1.21922
1.20303
1.19369
1.17792
1.16728
1.1617
1.14648
1.13172
1.12991
1.12166
1.11581
1.11475
1.11491
1.11991
1.15003
1.19683
1.22241
1.27841
1.31437
1.43229
1.5772
1.63298
1.74718
1.81331
2.01053
2.26862
2.38755
2.44366
2.60485
2.65084
2.7392
2.78543
2.85819
2.88951
2.9466
2.97231
3.02937
3.04598
3.06651
3.06712
3.07772
3.07229
3.0572
3.0516
3.03704
3.01039
2.97469
2.95482
2.88781
2.86147
2.81037
2.7844
2.69656
2.60404
2.56795
2.50092
2.46963
2.37217
2.27283
2.24292
2.18064
2.15937
2.09712
2.06763
2.01567
1.98864
1.96406
1.90131
1.83863
1.78774
1.77604
1.74491
1.73609
1.69912
1.6779
1.65846
1.65171
1.63685
1.63212
1.62207
1.61608
1.60114
1.59566
1.58534
1.58004
1.56449
1.54438
1.53885
1.53398
1.51819
1.50263
1.4975
1.48784
1.46732
1.46118
1.4465
1.43574
1.41524
1.40981
1.38509
1.37337
1.3533
1.34784
1.32727
1.32184
1.2916
1.28078
1.26506
1.25559
1.23433
1.22894
1.21934
1.19371
1.1782
1.1671
1.15201
1.14606
1.13657
1.121
1.11556
1.10025
1.09487
1.08481
1.07454
1.05825
1.05414
1.04362
1.038
1.0281
1.0277
1.02732
1.02751
1.03761
1.04728
1.0926
1.11018
1.16121
1.18993
1.26739
1.30486
1.39726
1.45205
1.62843
1.82869
1.90072
2.03423
2.10362
2.29925
2.48054
2.53653
2.64048
2.68776
2.77593
2.81186
2.84813
2.94225
2.98792
3.00428
3.03481
3.05027
3.05636
3.06162
3.05659
3.05197
3.03661
3.02607
2.98502
2.96464
2.92841
