1.92212
1.89614
1.82931
1.79231
1.77207
1.75592
1.73028
1.71986
1.69924
1.6885
1.68377
1.67339
1.66744
1.66786
1.66776
1.67254
1.67721
1.68346
1.69304
1.69865
1.70313
1.70431
1.70882
1.70908
1.70452
1.70459
1.69841
1.68822
1.68361
1.67795
1.66741
1.65857
1.64217
1.62746
1.61149
1.59592
1.5597
1.54484
1.51893
1.50346
1.45675
1.41091
1.39427
1.35844
1.33889
1.28563
1.26706
1.23091
1.2138
1.17766
1.16274
1.12652
1.11066
1.06448
1.0492
1.01771
1.00738
0.976087
0.961516
0.919802
0.909125
0.883517
0.873181
0.842689
0.810797
0.805937
0.77486
0.753596
0.72847
0.723266
0.707606
0.70271
0.682065
0.666186
0.661001
0.656329
0.660574
0.666178
0.700874
0.767428
0.798594
0.880582
0.92184
1.08596
1.1575
1.29595
1.37452
1.53456
1.61606
1.77602
1.85517
1.93132
2.08642
2.15968
2.29928
2.36555
2.49508
2.55809
2.66696
2.71764
2.7699
2.86255
2.90532
2.97743
3.01276
3.09185
3.11191
3.14319
3.15929
3.185
3.19097
3.19098
3.1906
3.17495
3.15999
3.13988
3.09384
3.07276
3.04194
3.01691
2.94875
2.86758
2.84087
2.77872
2.74952
2.65493
2.52112
2.45391
2.41816
2.35066
2.31539
2.22164
2.1911
2.12905
2.09784
2.04614
2.01954
1.95281
1.89528
1.87592
1.84992
1.83302
1.80276
1.79675
1.78635
1.78171
1.77572
1.77569
1.77638
1.78188
1.78531
1.78614
1.7915
1.79154
1.79208
1.79159
1.78593
1.78198
1.77099
1.75042
1.74568
1.72449
1.72007
1.68932
1.63824
1.61186
1.59634
1.56505
1.54536
1.49827
1.4779
1.44645
1.42608
1.39049
1.37352
1.31852
1.30136
1.26622
1.25021
1.20934
1.19315
1.1575
1.14169
1.1268
1.09039
1.07491
1.04385
1.02854
0.997575
0.981851
0.966527
0.940434
0.925008
0.883769
0.872943
0.852293
0.837496
0.805824
0.770244
0.75482
0.744123
0.718458
0.712574
0.691967
0.686971
0.666161
0.640647
0.635463
0.6251
0.620078
0.599422
0.59376
0.583763
0.583119
0.577685
0.578773
0.587957
0.593541
0.628322
0.644413
0.700527
0.736218
0.813453
0.86403
1.02928
1.10028
1.24507
1.32269
1.48765
1.56511
1.81247
1.89556
2.12773
2.27287
2.34023
2.53684
2.59859
2.71236
2.76001
2.85362
2.89849
2.97195
3.00809
3.03916
3.0914
3.11713
3.14816
3.16472
3.19021
3.19574
3.19594
3.19144
3.1813
3.17048
3.16061
3.11933
3.08803
3.06851
3.00065
2.97593
2.919
2.89233
2.83617
2.80537
2.74335
2.70756
2.63561
2.59865
2.56333
2.49058
2.45449
2.37742
2.34536
2.26808
2.23798
2.20151
2.12932
2.0976
2.06742
2.00545
1.97362
1.92198
1.89179
1.83956
1.81832
1.77721
1.75618
1.70507
1.65792
1.64753
1.62675
1.61686
1.59576
1.58542
1.56462
1.55936
1.53877
1.53859
1.52399
1.51794
1.49839
1.49204
1.46695
1.45154
1.44104
1.43561
1.41499
1.4052
1.37382
1.36379
1.33815
1.29596
1.28703
1.25627
1.24438
1.21845
1.20481
1.17345
1.15717
1.14683
1.11561
1.10571
1.06389
1.02373
1.007
0.981329
0.971506
0.960685
0.929827
0.924586
0.89827
0.889209
0.862969
0.852356
0.821455
0.795499
0.785044
0.769811
0.759684
0.744057
0.738584
0.718355
0.71272
0.702524
0.697398
0.686926
0.682158
0.671418
0.671499
0.666097
0.655877
0.651166
0.640725
0.639857
0.6348
0.63072
0.624872
0.620129
0.614577
0.608852
0.599069
0.599433
0.593637
0.594112
0.593524
0.588809
0.593326
0.594027
0.603648
0.613746
0.654975
0.67484
0.757689
0.834054
0.880269
0.977237
1.03029
1.20944
1.27652
1.42639
1.50784
1.66775
1.75108
1.99391
2.07077
2.22126
2.29347
2.49472
2.67676
2.73316
2.83202
2.87841
2.99301
3.0236
3.08056
3.10197
3.1383
3.15394
3.18006
3.18566
3.18078
3.16564
3.15514
3.11951
3.0991
3.06347
3.04215
2.96544
2.90849
2.87761
2.84626
2.77953
2.74394
2.67634
2.63589
2.52133
2.40404
2.36599
2.2886
2.25349
2.18057
2.14525
2.04118
1.94332
1.91716
1.86044
1.83397
1.74121
1.69949
1.67944
1.63205
1.60602
1.59171
1.5648
1.55487
1.54413
1.53369
1.51858
1.50261
1.4979
1.49275
1.48677
1.47225
1.46608
1.45151
1.44581
1.42519
1.40949
1.40033
1.39382
1.37346
1.36441
1.34272
1.33285
1.31254
1.30129
1.26121
1.24953
1.22475
1.21346
1.1872
1.17361
1.1366
1.12109
1.09581
1.08927
1.06325
1.05498
1.00757
0.976208
0.97114
0.935013
0.904298
0.893262
0.872831
0.86796
0.847254
0.841971
0.821845
0.815765
0.806065
0.79522
0.785754
0.77433
0.764834
0.748991
0.743917
0.73372
0.72794
0.712639
0.702214
0.697291
0.69709
0.692199
0.687378
0.68123
0.682032
0.675953
0.676663
0.671269
