1.76126
1.72554
1.70988
1.699
1.67388
1.66276
1.6425
1.637
1.62168
1.61637
1.61103
1.60031
1.59623
1.5848
1.5747
1.57025
1.56913
1.5599
1.54357
1.54398
1.53367
1.52841
1.51297
1.50819
1.49816
1.49217
1.46741
1.46102
1.44069
1.43552
1.40961
1.40508
1.37389
1.36371
1.34304
1.33263
1.30713
1.30113
1.26614
1.25471
1.21909
1.19842
1.18852
1.17745
1.15694
1.14693
1.11554
1.09482
1.08988
1.06909
1.05932
1.03232
1.02843
1.00787
1.00162
0.986715
0.981238
0.965712
0.960468
0.939499
0.934999
0.925263
0.92333
0.905253
0.902243
0.888882
0.879028
0.876712
0.873724
0.868477
0.871398
0.87343
0.888477
0.892589
0.938787
0.958956
1.0101
1.04618
1.1236
1.16429
1.25199
1.30795
1.36056
1.48365
1.55002
1.68913
1.76192
2.04587
2.17523
2.24217
2.42844
2.58916
2.64077
2.72884
2.77079
2.84317
2.87392
2.93131
2.95714
2.97799
3.01468
3.02987
3.04578
3.05592
3.0563
3.05668
3.05649
3.04181
3.03157
2.99025
2.97501
2.9386
2.9138
2.86752
2.8405
2.78408
2.75416
2.69217
2.65546
2.6203
2.55328
2.51614
2.43852
2.40833
2.33057
2.29475
2.25826
2.18631
2.15478
2.08224
2.05169
1.98918
1.95892
1.87016
1.84961
1.7975
1.77313
1.70971
1.69428
1.6576
1.64303
1.61711
1.60107
1.57058
1.55481
1.54465
1.5386
1.52843
1.52365
1.51315
1.51256
1.50769
1.50279
1.49289
1.4915
1.48193
1.47196
1.46728
1.46075
1.44624
1.44073
1.43044
1.42032
1.40478
1.3992
1.38993
1.37404
1.36359
1.33828
1.3174
1.30673
1.29166
1.27129
1.25997
1.23957
1.22949
1.20851
1.19863
1.18792
1.17789
1.15659
1.12991
1.12249
1.10939
1.09405
1.08087
1.06523
1.05303
1.03264
1.02818
1.01751
1.00308
0.99641
0.98048
0.976909
0.960754
0.955652
0.934961
0.929773
0.919422
0.914289
0.904082
0.89872
0.878034
0.868505
0.866569
0.85758
0.846323
0.847443
0.836895
0.836506
0.830836
0.831624
0.830328
0.832007
0.830634
0.83615
0.846026
0.860691
0.877102
0.917558
0.938351
1.03607
1.07142
1.21042
1.37562
1.43646
1.57695
1.64682
1.8022
1.88068
2.03535
2.11246
2.25713
2.3347
2.40261
2.53212
2.59756
2.7174
2.7701
2.91973
2.96134
3.03934
3.07512
3.13237
3.15864
3.18377
3.23254
3.2532
3.26217
3.26326
3.25282
3.24339
3.21687
3.20267
3.15002
3.10901
3.08413
3.05791
3.0063
2.98086
2.91431
2.88721
2.8202
2.7854
2.75355
2.68147
2.65036
2.57264
2.53792
2.42265
2.39277
2.32042
2.28868
2.22114
2.18657
2.09258
2.0104
1.98357
1.93711
1.91198
1.87049
1.84898
1.8293
1.79257
1.77714
1.75133
1.73531
1.71434
1.70475
1.69376
1.67303
1.66837
1.65301
1.64181
1.632
1.62637
1.62151
1.60621
1.60094
1.59062
1.58511
1.56998
1.56483
1.55921
1.54865
1.54428
1.52359
1.5228
1.49789
1.46729
1.45625
1.44116
1.4307
1.39999
1.38933
1.36877
1.35362
1.33282
1.32222
1.30092
1.29196
1.25487
1.24514
1.22436
1.2089
1.18807
1.17787
1.15752
1.14689
1.14122
1.12026
1.11115
1.0902
1.08403
1.06376
1.05895
1.04842
1.03337
1.02755
1.01225
1.00696
0.985764
0.981953
0.965903
0.96037
0.945441
0.944318
0.94085
0.92947
0.929696
0.92432
0.908744
0.908665
0.89871
0.893382
0.887747
0.883415
0.872775
0.872
0.86758
0.867624
0.872028
0.887593
0.897655
0.933034
0.958773
1.00991
1.0414
1.07684
1.16397
1.21066
1.31377
1.3745
1.50333
1.57114
1.79762
1.87471
2.02464
2.10239
2.24699
2.31928
2.52095
2.58337
2.75412
2.89933
2.94048
3.01854
3.05463
3.1119
3.13785
3.19464
3.21619
3.2262
3.2323
3.24252
3.23779
3.22723
3.2272
3.21246
3.19158
3.17605
3.14553
3.12472
3.07847
3.05809
3.0372
2.98073
2.95485
2.89253
2.85765
2.79551
2.75917
2.72273
2.65602
2.61456
2.54217
2.50653
2.42924
2.39192
2.3201
2.28404
2.25271
2.18583
2.15469
2.08732
2.05692
1.99988
1.97371
1.94821
1.89649
1.87499
1.85545
1.80841
1.75189
1.73497
1.7092
1.695
1.66895
1.65743
1.63675
1.62692
1.60097
1.5953
1.5793
1.57064
1.56008
1.54943
1.544
1.5287
1.52317
1.51304
1.50289
1.4881
1.48163
1.47715
1.45122
1.43511
1.4262
1.40481
1.3948
1.38892
1.36835
1.3589
1.33814
1.32724
1.29659
1.2599
1.25033
1.23011
1.21858
1.18867
1.16129
1.14779
1.13204
1.12006
1.09031
1.08436
1.06353
1.05422
1.03814
1.03319
1.01744
1.00763
1.00167
0.986146
0.981659
0.966043
0.960634
0.945557
0.939804
0.924108
0.92389
0.908068
0.904716
0.89935
0.893171
0.883217
0.8782
0.872862
