1.69399
1.68416
1.65782
1.65218
1.63147
1.63198
1.63608
1.63229
1.63691
1.64104
1.64643
1.65225
1.65702
1.66778
1.67736
1.6875
1.69343
1.70357
1.70888
1.71426
1.71855
1.72432
1.7243
1.72912
1.72459
1.72427
1.72416
1.71998
1.71867
1.70849
1.70498
1.69399
1.6838
1.66896
1.66224
1.65379
1.63264
1.62138
1.60084
1.59108
1.56461
1.55043
1.53853
1.51323
1.50324
1.47693
1.46263
1.43662
1.42029
1.40527
1.37933
1.36383
1.33776
1.32307
1.28099
1.26584
1.23473
1.21968
1.19404
1.18226
1.15236
1.14135
1.13149
1.10581
1.09498
1.06961
1.05875
1.02816
0.996379
0.986853
0.976374
0.95572
0.935058
0.924806
0.899205
0.88802
0.863366
0.841681
0.832386
0.821337
0.820723
0.819882
0.821821
0.859945
0.90651
0.943175
0.978412
1.07131
1.1224
1.23057
1.28791
1.35394
1.41144
1.47776
1.54514
1.67413
1.73661
1.86599
1.93208
1.99494
2.11315
2.17549
2.289
2.34152
2.44471
2.48604
2.53219
2.6155
2.65652
2.69358
2.72383
2.75565
2.81286
2.83816
2.87943
2.90073
2.91654
2.92686
2.93727
2.94258
2.95869
2.9582
2.95336
2.95332
2.94872
2.92782
2.91798
2.87621
2.86148
2.82553
2.79943
2.75833
2.73301
2.68157
2.65517
2.59338
2.56286
2.52662
2.49546
2.46463
2.42864
2.36124
2.32585
2.25289
2.22195
2.18635
2.1134
2.0826
1.897
1.7933
1.75707
1.72031
1.67364
1.65306
1.63694
1.62634
1.62157
1.62126
1.62066
1.62616
1.63101
1.64743
1.65201
1.66714
1.67226
1.67729
1.6775
1.67841
1.67206
1.66687
1.65865
1.65282
1.6424
1.63656
1.62115
1.61681
1.59051
1.56997
1.55509
1.54888
1.52272
1.50925
1.48294
1.47205
1.45686
1.43152
1.41989
1.38933
1.37397
1.33229
1.31779
1.29158
1.27637
1.24438
1.23015
1.18777
1.06934
1.04377
1.01188
0.986626
0.976497
0.945409
0.914537
0.903611
0.887939
0.878916
0.858017
0.851882
0.826964
0.801313
0.794608
0.779509
0.775279
0.753304
0.733354
0.728688
0.717075
0.701466
0.712002
0.717701
0.742822
0.762603
0.819086
0.859968
0.905952
1.00296
1.06065
1.18878
1.25101
1.46243
1.6794
1.75101
1.88571
1.95783
2.16462
2.35091
2.41315
2.63025
2.72893
2.77023
2.85284
2.88933
2.95681
2.98759
3.03489
3.05524
3.09172
3.10719
3.12307
3.15471
3.1551
3.14457
3.12352
3.11451
3.08907
3.07224
3.05772
3.04156
3.00543
2.9595
2.93947
2.73795
2.65032
2.58357
2.55212
2.49021
2.3975
2.25255
2.20579
2.18034
2.13344
2.11297
2.05528
2.00983
1.99844
1.97717
1.97289
1.95189
1.94657
1.93698
1.92571
1.92557
1.92614
1.92598
1.92573
1.92071
1.92067
1.91528
1.91055
1.90569
1.89022
1.87437
1.86967
1.84372
1.79261
1.74684
1.72075
1.68956
1.67323
1.56041
1.52962
1.51318
1.47762
1.4622
1.38942
1.35367
1.33828
1.28636
1.23625
1.21811
1.18765
1.16912
1.13753
1.12544
1.08443
1.04825
1.03915
1.02256
0.997311
0.986583
0.955845
0.945317
0.91984
0.909603
0.878227
0.868126
0.821985
0.801062
0.790788
0.770088
0.764239
0.743733
0.733958
0.727708
0.717317
0.707624
0.707148
0.707471
0.722653
0.737096
0.78291
0.80931
0.88592
0.92679
0.977789
1.33818
1.54043
1.7358
1.8647
1.98883
2.05189
2.16996
2.22776
2.33613
2.38299
2.5644
2.64189
2.67702
2.73971
2.77094
2.81729
2.83901
2.87534
2.88504
2.89632
2.90593
2.92217
2.92736
2.92315
2.9182
2.91145
2.90269
2.88184
2.87149
2.84092
2.82464
2.78826
2.7693
2.70192
2.65606
2.59919
2.57238
2.50578
2.47981
2.41293
2.38231
2.3153
2.28354
2.14509
2.0778
2.04157
1.94746
1.91789
1.86138
1.83318
1.7867
1.76287
1.72146
1.69907
1.6684
1.65786
1.62701
1.61614
1.60554
1.60097
1.6011
1.59569
1.60461
1.60655
1.61496
1.6261
1.63094
1.63172
1.64248
1.64578
1.65152
1.65277
1.66171
1.65739
1.65171
1.64762
1.63664
1.63206
1.61732
1.61054
1.59049
1.58563
1.54434
1.51881
1.50766
1.48238
1.47214
1.45676
1.43116
1.4202
1.38906
1.37941
1.33255
1.28653
1.20352
1.16791
1.14214
1.08509
1.05921
1.02796
1.01288
0.991789
0.981667
0.956532
0.944825
0.919527
0.914239
0.899418
0.883915
0.841713
0.816454
0.801363
0.790037
0.780704
0.769922
0.763893
0.758201
0.754353
0.764036
0.773101
0.7897
0.830345
0.859874
0.926953
0.968318
1.0141
1.11713
1.1738
1.2869
1.34421
1.46837
1.53004
1.7108
1.76765
1.88675
1.9428
2.05128
2.10416
2.2023
2.2481
2.29535
2.37861
2.4187
2.52291
2.55411
2.60626
2.62674
2.6681
2.68434
2.71034
2.71971
2.73563
2.73666
2.73626
2.73676
