1.74085
1.72958
1.72522
1.7144
1.70899
1.70886
1.70911
1.70886
1.71433
1.71359
1.71944
1.72385
1.72942
1.73444
1.73947
1.75013
1.75039
1.75502
1.76072
1.76529
1.76556
1.77071
1.77163
1.77028
1.7718
1.76599
1.76606
1.76053
1.75631
1.73985
1.73552
1.71981
1.71405
1.69857
1.69432
1.67349
1.66311
1.65266
1.63165
1.6222
1.59653
1.58567
1.57566
1.54941
1.53933
1.51332
1.49816
1.47234
1.46126
1.45172
1.43604
1.4259
1.41019
1.3895
1.37422
1.34847
1.33763
1.31714
1.30161
1.26648
1.25443
1.23376
1.22489
1.1986
1.18837
1.15669
1.14671
1.12042
1.09029
1.07947
1.05893
1.05356
1.0325
1.0235
1.00767
1.00168
0.980878
0.976638
0.97086
0.970131
0.974832
0.98627
1.03569
1.06249
1.12876
1.16409
1.29891
1.39687
1.49952
1.60845
1.66408
1.82971
1.88664
1.98989
2.04138
2.13935
2.19178
2.32133
2.43975
2.47664
2.53886
2.56953
2.62164
2.64721
2.7051
2.71506
2.74075
2.75153
2.76255
2.76157
2.75796
2.74792
2.73652
2.716
2.70636
2.67515
2.65537
2.63405
2.59831
2.5722
2.53131
2.50544
2.44907
2.42293
2.39735
2.33574
2.30427
2.24248
2.21118
2.14456
2.11334
2.08753
2.05142
1.99484
1.93242
1.90689
1.82886
1.80379
1.75666
1.73599
1.6997
1.68373
1.65772
1.64738
1.62247
1.61535
1.60987
1.61165
1.61119
1.61066
1.61607
1.62567
1.63074
1.64154
1.6518
1.65744
1.66779
1.67198
1.67761
1.68805
1.68847
1.69271
1.69947
1.69772
1.69789
1.69914
1.69313
1.68857
1.68408
1.67796
1.67363
1.66318
1.65756
1.64226
1.63186
1.61677
1.60575
1.59641
1.565
1.54422
1.53423
1.52347
1.49782
1.48766
1.44623
1.42074
1.41028
1.37349
1.36441
1.33805
1.32245
1.30178
1.28639
1.27539
1.25011
1.2396
1.21862
1.20911
1.18287
1.17719
1.14204
1.13137
1.11101
1.1001
1.07961
1.06937
1.04898
1.0378
1.03328
1.01248
1.00233
0.975959
0.960855
0.955476
0.945659
0.93511
0.929206
0.919336
0.918853
0.938409
0.968648
0.99077
1.02001
1.13328
1.27289
1.32854
1.43724
1.4987
1.68028
1.86008
1.97403
2.03085
2.08833
2.19738
2.24706
2.35074
2.39917
2.43923
2.52776
2.5643
2.6366
2.67235
2.7561
2.82258
2.83919
2.87051
2.88498
2.90728
2.91135
2.91173
2.91211
2.90185
2.89218
2.88195
2.87099
2.84551
2.83027
2.81484
2.78407
2.763
2.7269
2.70688
2.66586
2.63492
2.60838
2.5573
2.53147
2.4436
2.41835
2.3509
2.32491
2.26305
2.23232
2.17036
2.14408
2.08702
2.06168
2.03569
1.98391
1.96316
1.92243
1.90059
1.86434
1.84453
1.83333
1.80211
1.79258
1.77153
1.76607
1.75593
1.75014
1.75087
1.73942
1.74529
1.74501
1.75
1.75053
1.76071
1.76056
1.76561
1.76542
1.77035
1.77099
1.77166
1.77031
1.76562
1.76597
1.75608
1.75074
1.74503
1.74039
1.73045
1.72447
1.69978
1.69335
1.67291
1.6684
1.64289
1.63664
1.596
1.56463
1.55047
1.52905
1.51354
1.48788
1.47704
1.43551
1.42597
1.39987
1.38936
1.36304
1.34929
1.32369
1.30646
1.29685
1.26051
1.22388
1.18815
1.17774
1.15167
1.14149
1.10583
1.09042
1.0745
1.06901
1.04835
1.03871
1.01837
1.00641
0.990978
0.982323
0.971001
0.954863
0.94614
0.930591
0.923967
0.919527
0.903741
0.898475
0.898293
0.898141
0.918249
0.933307
1.01
1.12406
1.16827
1.26639
1.32435
1.43761
1.49364
1.55622
1.67486
1.73137
1.85011
1.90659
2.02031
2.07322
2.22743
2.27969
2.36771
2.41358
2.52848
2.56382
2.62647
2.65699
2.70432
2.7297
2.76662
2.78709
2.81322
2.82361
2.82916
2.83987
2.84402
2.84435
2.84078
2.83509
2.82485
2.81922
2.78881
2.75785
2.74279
2.68619
2.67003
2.62328
2.60397
2.55218
2.5259
2.44345
2.4128
2.35542
2.32567
2.26322
2.23219
2.17023
2.1393
2.10828
2.0459
2.02055
1.96335
1.93789
1.91177
1.86017
1.83905
1.77246
1.72423
1.67958
1.67241
1.65179
1.65293
1.63701
1.63203
1.63188
1.63133
1.62638
1.63173
1.63584
1.64107
1.64238
1.65224
1.65218
1.65705
1.6622
1.66718
1.66767
1.67258
1.68282
1.67853
1.67872
1.67749
1.67296
1.67271
1.66705
1.66368
1.64713
1.64201
1.62627
1.62202
1.60087
1.59553
1.56548
1.55436
1.53404
1.52361
1.48752
1.47268
1.44679
1.43554
1.40005
1.35922
1.34276
1.31671
1.30718
1.27634
1.26027
1.23962
1.22461
1.19865
1.18792
1.17309
1.15237
1.13643
1.1159
1.10545
1.07996
1.07401
1.05964
1.0435
1.03326
1.01219
1.00744
0.975995
0.966389
0.950511
0.940358
0.918316
0.905401
0.894387
0.883072
0.867889
