1.71454
1.71388
1.71431
1.7195
1.71948
1.72362
1.72511
1.72969
1.72918
1.73007
1.72983
1.72951
1.72433
1.7199
1.71874
1.70873
1.70921
1.69902
1.69392
1.67347
1.66792
1.65288
1.64228
1.61615
1.58622
1.57498
1.5543
1.54458
1.52375
1.5085
1.49759
1.47204
1.46182
1.43603
1.42592
1.40561
1.3941
1.36792
1.35429
1.34225
1.32203
1.3073
1.28639
1.27575
1.25024
1.23964
1.22943
1.19352
1.15731
1.15153
1.13105
1.12117
1.08993
1.06969
1.05873
1.03298
1.02314
1.00277
0.995879
0.980173
0.971911
0.960232
0.960394
0.965217
0.97503
1.00548
1.02678
1.1135
1.15401
1.23675
1.28314
1.43663
1.48956
1.59816
1.65364
1.76263
1.81946
1.97899
2.0827
2.13472
2.18175
2.27508
2.3154
2.39811
2.43532
2.50234
2.53813
2.5698
2.62184
2.65189
2.70984
2.72974
2.75636
2.767
2.78254
2.78756
2.79295
2.79354
2.78906
2.78283
2.77853
2.76318
2.75709
2.73091
2.72228
2.69113
2.67533
2.66048
2.61909
2.60244
2.55596
2.53701
2.48504
2.46375
2.36114
2.30442
2.2784
2.22151
2.20052
2.17079
2.11382
2.09157
2.03493
2.01521
1.96862
1.94736
1.90612
1.88589
1.86933
1.83853
1.82355
1.79819
1.78632
1.77131
1.7614
1.75551
1.7452
1.74025
1.73469
1.7397
1.73428
1.73524
1.73999
1.73949
1.73964
1.74468
1.74507
1.74509
1.75001
1.74472
1.75064
1.75033
1.74545
1.7454
1.74042
1.74001
1.73517
1.73011
1.72025
1.71859
1.70373
1.69946
1.69359
1.66882
1.65324
1.64216
1.63223
1.61104
1.60152
1.57009
1.54443
1.53397
1.50818
1.4979
1.48794
1.46175
1.45145
1.42602
1.40999
1.37902
1.34311
1.32775
1.30715
1.29624
1.24998
1.22434
1.21352
1.1927
1.18347
1.15136
1.14208
1.12606
1.11584
1.09455
1.08538
1.07008
1.0584
1.03771
1.02855
1.0131
1.0014
0.986858
0.981134
0.966094
0.960554
0.950479
0.930424
0.915211
0.908029
0.904774
0.894148
0.888044
0.88845
0.888135
0.897963
0.903074
0.933839
0.958513
0.985115
1.04665
1.08653
1.17444
1.22117
1.3756
1.42682
1.54048
1.59718
1.70564
1.76734
1.93314
1.98942
2.09296
2.14514
2.23852
2.28404
2.32695
2.41011
2.44911
2.52231
2.55408
2.61598
2.64693
2.68857
2.71401
2.73097
2.76669
2.77721
2.79791
2.80803
2.81312
2.81897
2.8144
2.80902
2.78813
2.76792
2.75296
2.7418
2.71066
2.69648
2.63944
2.57199
2.54712
2.50063
2.47425
2.42277
2.39217
2.33556
2.30932
2.28376
2.22139
2.19614
2.13955
2.1129
2.05562
2.03136
1.95787
1.93746
1.89617
1.87523
1.84415
1.82845
1.81337
1.787
1.77638
1.76046
1.75146
1.74136
1.73889
1.73429
1.7356
1.72931
1.72953
1.72923
1.735
1.73956
1.74478
1.74488
1.74984
1.75017
1.75477
1.76107
1.76032
1.76053
1.76063
1.75612
1.75532
1.75084
1.74563
1.73505
1.7347
1.71966
1.71904
1.70311
1.69999
1.67335
1.66795
1.64776
1.63673
1.61684
1.60612
1.5859
1.57517
1.53944
1.52823
1.50239
1.49327
1.47707
1.45145
1.44112
1.42027
1.40528
1.37954
1.36851
1.34262
1.32805
1.29161
1.28081
1.25455
1.24541
1.21923
1.20861
1.17261
1.16223
1.13614
1.12641
1.09992
1.09027
1.07009
1.06342
1.03811
1.03304
1.01765
1.00755
1.00169
0.9972
0.987045
0.976112
0.960082
0.956072
0.94015
0.939332
0.918639
0.919697
0.914102
0.903282
0.904117
0.898379
0.898423
0.917923
0.934087
0.948933
1.0003
1.10292
1.14361
1.23159
1.27733
1.38093
1.43232
1.54081
1.59733
1.70641
1.7619
1.81474
1.92318
1.97439
2.12404
2.21232
2.25942
2.30013
2.37754
2.41451
2.47652
2.5075
2.59057
2.6118
2.64731
2.66385
2.68984
2.69927
2.71082
2.72101
2.72532
2.72559
2.7217
2.71696
2.71049
2.6902
2.68044
2.64463
2.62842
2.59267
2.57272
2.53678
2.51514
2.44411
2.41715
2.34552
2.28395
2.25762
2.23222
2.17516
2.14947
2.06669
2.00972
1.98399
1.95817
1.91725
1.8955
1.85396
1.8347
1.80381
1.78624
1.76069
1.75092
1.74044
1.72967
1.72475
1.71428
1.71447
1.70872
1.70922
1.71439
1.71438
1.71391
1.72433
1.73401
1.73993
1.74523
1.74458
1.75535
1.75516
1.76119
1.76499
1.76526
1.76617
1.76077
1.76498
1.75503
1.75574
1.75115
1.74061
1.73498
1.71985
1.7141
1.69854
1.68942
1.67397
1.66303
1.64241
1.63698
1.62235
1.61591
1.60196
1.59026
1.56992
1.56001
1.53431
1.52349
1.4985
1.48706
1.47275
1.44659
1.43568
1.41015
1.3998
1.37915
1.36391
1.35312
1.32808
1.32118
1.29068
1.28193
1.26093
1.24475
1.21408
1.20334
1.18261
1.1725
1.1519
1.14168
