1.74562
1.73587
1.71452
1.70451
1.69317
1.68884
1.68336
1.68307
1.68869
1.68798
1.70399
1.70854
1.7135
1.71906
1.72932
1.72955
1.74507
1.74978
1.75062
1.75041
1.75022
1.74991
1.74609
1.74043
1.73515
1.73018
1.72436
1.70853
1.70487
1.69859
1.68273
1.67451
1.65325
1.64252
1.62164
1.61155
1.5709
1.55929
1.52383
1.50835
1.48236
1.4672
1.44106
1.42596
1.39499
1.37914
1.33859
1.32247
1.29095
1.27649
1.25081
1.23428
1.19343
1.14768
1.13119
1.11012
1.0963
1.06504
1.05309
1.00186
0.981317
0.966577
0.930732
0.918982
0.898565
0.888957
0.862376
0.853234
0.827361
0.820737
0.79507
0.785831
0.770603
0.763879
0.763606
0.783883
0.804128
0.84959
0.881538
1.05048
1.1583
1.21536
1.33384
1.39598
1.58081
1.64411
1.76217
1.82424
1.94279
2.00023
2.10835
2.16079
2.30497
2.35218
2.4347
2.47589
2.54334
2.57485
2.65752
2.72562
2.73532
2.77235
2.78762
2.78841
2.78338
2.7834
2.75672
2.7316
2.71681
2.7013
2.6658
2.64878
2.60219
2.5836
2.53159
2.50036
2.41297
2.38191
2.31964
2.28926
2.18653
2.14928
2.08273
2.04683
1.97979
1.94339
1.8502
1.81956
1.76293
1.73572
1.68922
1.6642
1.62307
1.60561
1.56012
1.54969
1.52852
1.52367
1.50751
1.5077
1.512
1.51839
1.53254
1.53857
1.59473
1.61084
1.61081
1.61096
1.61524
1.61607
1.6115
1.61045
1.60545
1.60102
1.59025
1.58537
1.56499
1.55463
1.54926
1.5394
1.52863
1.50801
1.50335
1.4775
1.46675
1.45667
1.44134
1.43056
1.42064
1.39494
1.37918
1.35816
1.34354
1.33226
1.30179
1.29136
1.26097
1.24954
1.23537
1.21454
1.19819
1.1731
1.16192
1.12642
1.08984
1.0749
1.0545
1.04305
1.02262
1.01276
0.986699
0.976839
0.955994
0.945226
0.935292
0.919566
0.90882
0.888186
0.883973
0.872708
0.863175
0.852235
0.841932
0.826654
0.816444
0.801264
0.795458
0.769968
0.76435
0.753932
0.748947
0.748886
0.752885
0.764243
0.789421
0.813874
0.875416
0.911753
0.998924
1.05016
1.1687
1.23031
1.29741
1.36453
1.42638
1.49853
1.63278
1.69988
1.83435
1.90144
1.96829
2.03554
2.09819
2.15953
2.34018
2.44903
2.50159
2.54756
2.64058
2.68284
2.76509
2.79675
2.8323
2.88982
2.92046
2.96218
2.98328
3.0148
3.02972
3.0454
3.05621
3.06144
3.06235
3.05186
3.04616
3.02557
3.01678
2.99983
2.95438
2.91858
2.90222
2.85553
2.83642
2.80999
2.75849
2.73298
2.67615
2.64574
2.58394
2.55223
2.45363
2.42409
2.35602
2.32481
2.26295
2.22792
2.17052
2.13866
2.11362
2.05641
2.03477
1.96892
1.94723
1.90621
1.89544
1.86452
1.85417
1.83331
1.82322
1.80802
1.80637
1.80278
1.79757
1.79616
1.79646
1.80184
1.80195
1.80675
1.80728
1.81207
1.8173
1.81744
1.82703
1.82752
1.83284
1.8329
1.83236
1.8284
1.82801
1.82799
1.82258
1.81805
1.81698
1.81323
1.80671
1.80247
1.78658
1.77702
1.76678
1.75533
1.74584
1.73526
1.73002
1.72004
1.69394
1.68427
1.65889
1.64652
1.63813
1.60684
1.59112
1.58067
1.54969
1.53912
1.51919
1.50812
1.4935
1.46229
1.44653
1.42099
1.40033
1.38907
1.37459
1.35833
1.34866
1.33301
1.31715
1.30698
1.27645
1.26019
1.23504
1.21903
1.19881
1.18337
1.17225
1.14671
1.13168
1.11084
1.10024
1.09002
1.07483
1.06393
1.05363
1.03301
1.02306
1.01241
1.00238
0.986506
0.981442
0.96089
0.95056
0.929842
0.920089
0.89922
0.893691
0.872587
0.863351
0.856834
0.847992
0.841388
0.837201
0.831492
0.831063
0.835931
0.846541
0.860971
0.901843
0.932822
1.04531
1.09676
1.19976
1.25682
1.37535
1.43673
1.56613
1.62789
1.69493
1.75727
1.81891
1.886
2.01045
2.0717
2.18579
2.24795
2.29993
2.35623
2.40849
2.45484
2.54787
2.59422
2.67208
2.71358
2.7806
2.81259
2.83824
2.88962
2.91117
2.94695
2.95824
2.9728
2.99444
2.99944
3.01007
3.01014
3.00574
2.99975
2.98988
2.97947
2.96941
2.95953
2.94859
2.93414
2.90353
2.88635
2.84985
2.83119
2.80415
2.76288
2.73832
2.68659
2.65995
2.57312
2.54679
2.48013
2.44901
2.38711
2.35607
2.29451
2.26788
2.23769
2.2062
2.18035
2.1494
2.0974
2.07223
2.02043
1.99895
1.95778
1.9427
1.92658
1.89602
1.88467
1.84939
1.83797
1.82786
1.81797
1.81141
1.80616
1.80779
1.80654
1.80678
1.80729
1.807
1.81193
1.81196
1.81737
1.81658
1.81804
1.8218
1.82283
1.82197
1.8223
1.81786
1.81275
1.8119
1.80802
1.80237
1.79671
1.78107
1.77699
1.75033
1.74586
1.73022
1.71993
1.6993
1.68887
1.67864
1.66334
1.65261
1.6426
