2.25269
2.14988
2.11359
2.04179
2.00478
1.93298
1.89232
1.82443
1.78841
1.75259
1.71576
1.68543
1.64871
1.58725
1.56037
1.49865
1.4728
1.41138
1.39432
1.34884
1.32824
1.32143
1.31761
1.30701
1.30563
1.31072
1.31681
1.33613
1.35202
1.36213
1.37269
1.39874
1.40888
1.42917
1.44507
1.46566
1.47615
1.48666
1.50683
1.51747
1.53797
1.54363
1.55441
1.5635
1.57001
1.5748
1.57986
1.57958
1.58032
1.57945
1.57949
1.57538
1.57524
1.56498
1.55982
1.54955
1.53921
1.52844
1.5237
1.508
1.49803
1.47742
1.47157
1.45089
1.43652
1.42523
1.41545
1.40493
1.38966
1.35826
1.34381
1.32723
1.31732
1.30195
1.28103
1.26616
1.23979
1.22452
1.19881
1.1829
1.17273
1.14153
1.13138
1.10008
1.09023
1.05927
1.04855
1.03356
1.00813
0.996938
0.970958
0.961084
0.94561
0.939424
0.939866
0.944317
0.954226
0.990156
1.01067
1.07677
1.11812
1.16446
1.26205
1.31374
1.42182
1.47832
1.59765
1.65377
1.8247
1.88142
1.98461
2.03656
2.13421
2.18174
2.30058
2.34164
2.40938
2.44037
2.49289
2.51791
2.55944
2.59094
2.61134
2.61786
2.62791
2.62811
2.61277
2.58685
2.57247
2.54128
2.52088
2.47955
2.45392
2.42827
2.37175
2.34048
2.27898
2.24749
2.13951
2.10369
2.03102
1.99488
1.92233
1.89155
1.78822
1.75226
1.72583
1.6641
1.60754
1.58131
1.56024
1.51866
1.49833
1.47212
1.46188
1.44136
1.4398
1.43455
1.43606
1.43467
1.44503
1.45059
1.46612
1.47623
1.48619
1.49686
1.5118
1.52242
1.56326
1.58941
1.6001
1.62613
1.63542
1.65183
1.68254
1.70324
1.70911
1.71966
1.72832
1.73904
1.74066
1.74423
1.74983
1.75071
1.75062
1.74556
1.74478
1.7405
1.73473
1.73485
1.72464
1.71994
1.69434
1.68835
1.66827
1.65749
1.6373
1.62653
1.6011
1.59088
1.56532
1.55446
1.54451
1.51348
1.50302
1.46201
1.41519
1.40026
1.37476
1.35854
1.31266
1.28108
1.2659
1.25042
1.21384
1.18748
1.18276
1.17719
1.17192
1.17656
1.18251
1.21232
1.23261
1.28928
1.32467
1.41215
1.4586
1.50473
1.60846
1.664
1.76755
1.82481
1.92846
1.98422
2.03704
2.13525
2.18609
2.27919
2.32144
2.44028
2.47631
2.54328
2.57536
2.62232
2.64631
2.68331
2.70456
2.72025
2.74115
2.75133
2.76228
2.76211
2.75758
2.7519
2.75195
2.73188
2.72104
2.69022
2.67569
2.63448
2.61364
2.58815
2.53637
2.51112
2.44872
2.41874
2.35112
2.31502
2.28374
2.21208
2.17525
2.10308
2.0629
1.99491
1.95384
1.92209
1.85578
1.82396
1.76172
1.73675
1.68522
1.66309
1.60144
1.58611
1.56491
1.5548
1.53938
1.53797
1.5327
1.53404
1.53738
1.54263
1.55438
1.56409
1.57398
1.60539
1.61531
1.63615
1.64149
1.66249
1.67186
1.69325
1.70326
1.70876
1.72415
1.72912
1.73944
1.74483
1.75556
1.75051
1.75493
1.75997
1.76112
1.75551
1.75059
1.74575
1.73974
1.73574
1.72534
1.71439
1.70392
1.69459
1.67388
1.66271
1.65305
1.62144
1.59558
1.58106
1.56984
1.54409
1.52971
1.49848
1.48745
1.4561
1.44219
1.41093
1.39431
1.38008
1.34844
1.33275
1.29598
1.28221
1.25128
1.23433
1.21959
1.19398
1.18237
1.16194
1.1566
1.1665
1.17637
1.19196
1.21181
1.24275
1.30905
1.35037
1.44313
1.48924
1.54074
1.64886
1.70084
1.8041
1.8607
1.96955
2.02529
2.07361
2.12356
2.17641
2.21784
2.31104
2.35174
2.42999
2.4659
2.56445
2.59025
2.663
2.6942
2.7096
2.72555
2.74126
2.75161
2.7573
2.74215
2.73183
2.71115
2.70132
2.67063
2.6497
2.58349
2.53213
2.50967
2.48141
2.42437
2.39146
2.32497
2.29424
2.15487
2.08264
2.05143
1.97927
1.95312
1.86017
1.82494
1.77296
1.74635
1.70469
1.68412
1.63792
1.60629
1.60085
1.59042
1.5905
1.58531
1.58974
1.59547
1.60521
1.61095
1.63048
1.65092
1.65761
1.66644
1.68732
1.69841
1.71356
1.72388
1.73413
1.73985
1.75993
1.76561
1.77051
1.77131
1.77554
1.77107
1.77087
1.76097
1.75593
1.74027
1.73531
1.71992
1.70951
1.67808
1.65787
1.64755
1.63257
1.61159
1.59572
1.56972
1.55571
1.52443
1.50832
1.48282
1.4673
1.45139
1.42089
1.40529
1.37426
1.36377
1.32708
1.31267
1.29634
1.26553
1.25077
1.21965
1.20385
1.15728
1.14674
1.12117
1.1105
1.09428
1.09978
1.10466
1.11885
1.1353
1.18083
1.21625
1.29307
1.33531
1.43307
1.48839
1.54147
1.64451
1.69978
1.80876
1.86628
2.02584
2.07804
2.18163
2.22782
2.35717
2.47112
2.50215
2.56467
2.59052
2.64212
2.66318
2.69425
2.70498
2.72005
2.73593
2.74125
