2.04096
2.00107
1.93389
1.896
1.82914
1.79386
1.76198
1.70015
1.67412
1.59626
1.57134
1.53475
1.51876
1.48787
1.47694
1.46137
1.46106
1.46159
1.4559
1.46057
1.46642
1.47111
1.48145
1.4966
1.50719
1.52791
1.54265
1.55432
1.56806
1.58006
1.59388
1.61965
1.63173
1.65141
1.66203
1.67261
1.68265
1.69291
1.69832
1.71352
1.71904
1.7343
1.73517
1.73896
1.74074
1.73934
1.73994
1.73997
1.73529
1.7295
1.71915
1.71469
1.69986
1.69323
1.678
1.66879
1.64828
1.63638
1.63247
1.61103
1.59672
1.57076
1.55933
1.53892
1.52417
1.51341
1.47289
1.44695
1.43093
1.4203
1.39428
1.38014
1.33767
1.31183
1.29702
1.26563
1.2503
1.23467
1.20893
1.19342
1.16791
1.15681
1.13634
1.12622
1.12015
1.12022
1.12047
1.14075
1.15541
1.18042
1.23665
1.27381
1.35066
1.39113
1.48418
1.53556
1.58296
1.63312
1.68104
1.73169
1.83509
1.88184
1.97969
2.03177
2.11981
2.16572
2.20782
2.29031
2.32673
2.39415
2.42465
2.48148
2.50798
2.53329
2.5551
2.56991
2.58591
2.61681
2.62278
2.63801
2.64362
2.64355
2.63902
2.62402
2.61226
2.57275
2.55598
2.52008
2.4958
2.4489
2.42262
2.36608
2.33537
2.24223
2.20736
2.13521
2.10192
1.99551
1.89655
1.86564
1.77292
1.72107
1.69453
1.66961
1.64766
1.62789
1.61111
1.58565
1.57044
1.55507
1.54847
1.53866
1.53863
1.53851
1.54376
1.54829
1.56432
1.56885
1.57987
1.58922
1.59543
1.60467
1.62598
1.63552
1.65633
1.66258
1.69289
1.6988
1.71423
1.71849
1.7285
1.73536
1.73976
1.74505
1.7452
1.74501
1.73956
1.7345
1.73047
1.72464
1.70966
1.70844
1.68946
1.68299
1.66229
1.65332
1.64209
1.6222
1.61108
1.58535
1.57596
1.56453
1.53408
1.52331
1.49221
1.48286
1.45149
1.43616
1.3949
1.37923
1.3639
1.35316
1.33864
1.30702
1.29197
1.26581
1.2506
1.21961
1.2087
1.19371
1.16276
1.15161
1.12057
1.11136
1.08545
1.07406
1.06448
1.05246
1.06317
1.0732
1.13401
1.17004
1.24719
1.28839
1.38125
1.43201
1.54078
1.59733
1.65435
1.76731
1.82462
1.93297
1.98948
2.09292
2.14517
2.19637
2.28943
2.33188
2.41535
2.45416
2.49305
2.55534
2.58392
2.63164
2.65771
2.69447
2.72581
2.74148
2.75139
2.76178
2.76224
2.75275
2.74681
2.74229
2.72156
2.71121
2.67465
2.66062
2.61431
2.59256
2.53627
2.51073
2.48512
2.42317
2.39234
2.32502
2.2894
2.21171
2.17566
2.1394
2.06173
2.02658
1.94839
1.9123
1.84043
1.80345
1.77297
1.706
1.67416
1.61724
1.59661
1.55031
1.52929
1.47702
1.46213
1.44119
1.4352
1.41993
1.41985
1.42017
1.42449
1.43013
1.43947
1.45494
1.46119
1.48126
1.48665
1.4965
1.51747
1.5277
1.54308
1.55357
1.56392
1.57417
1.57999
1.59015
1.59027
1.60053
1.60549
1.60566
1.60539
1.60595
1.60038
1.6007
1.59563
1.58506
1.58552
1.5698
1.56457
1.5444
1.53888
1.51851
1.50808
1.48727
1.4731
1.46044
1.43531
1.42127
1.39527
1.37882
1.34758
1.33877
1.32227
1.29081
1.27213
1.23528
1.21889
1.18856
1.16765
1.14771
1.11671
1.09536
1.05936
1.0437
0.987955
0.970665
0.929939
0.91507
0.878883
0.863249
0.826725
0.806877
0.790321
0.759773
0.744142
0.70789
0.697583
0.696519
0.701884
0.731731
0.747926
0.853379
0.941147
0.998888
1.05553
1.17396
1.23534
1.3539
1.41671
1.54542
1.60702
1.7839
1.8446
1.95352
2.00577
2.10399
2.15018
2.23887
2.27977
2.31623
2.38422
2.41405
2.46651
2.49208
2.53356
2.5598
2.58102
2.58643
2.59694
2.59661
2.5865
2.58202
2.57676
2.55078
2.54112
2.50524
2.4895
2.44354
2.42251
2.39684
2.34525
2.31529
2.25311
2.22212
2.1238
2.08794
2.02553
1.99484
1.9016
1.87094
1.81436
1.78755
1.74141
1.72022
1.68472
1.67265
1.66376
1.65224
1.63801
1.63122
1.62564
1.62691
1.62628
1.63096
1.64151
1.65129
1.65742
1.67784
1.687
1.70862
1.71815
1.75063
1.76423
1.77997
1.79156
1.80703
1.81154
1.81722
1.82743
1.83243
1.83836
1.84227
1.8427
1.84359
1.83821
1.83799
1.83241
1.82842
1.82239
1.80729
1.80245
1.7821
1.7762
1.76676
1.74595
1.73512
1.709
1.69971
1.66287
1.62189
1.60692
1.57582
1.55974
1.51871
1.50321
1.46657
1.45198
1.42082
1.40988
1.37895
1.36449
1.33296
1.31274
1.30157
1.27121
1.25549
1.21912
1.2088
1.19388
1.16182
1.14793
1.10521
1.08441
1.07451
1.06897
1.06335
1.06828
1.08839
1.10881
1.14951
1.18548
1.29904
1.34463
1.44282
1.4947
1.59243
1.64897
1.75267
1.80403
1.85547
