2.50464
2.50847
2.50907
2.50455
2.48831
2.47952
2.45801
2.44365
2.41253
2.39632
2.33509
2.30964
2.26328
2.23693
2.17533
2.14983
2.08279
2.05123
1.94922
1.91652
1.84464
1.81465
1.71113
1.62231
1.5925
1.51393
1.44716
1.38946
1.37425
1.34806
1.33752
1.32661
1.31786
1.31167
1.31164
1.31089
1.31634
1.32112
1.33099
1.34232
1.36203
1.37317
1.39359
1.40406
1.41957
1.42939
1.4602
1.47618
1.48178
1.49225
1.49658
1.50734
1.51257
1.52328
1.51846
1.51819
1.51778
1.51337
1.51233
1.50866
1.50336
1.49728
1.48644
1.48258
1.46757
1.46088
1.45213
1.43615
1.43024
1.40006
1.37962
1.36849
1.35862
1.33772
1.32802
1.30757
1.29589
1.27046
1.26067
1.23463
1.22418
1.21398
1.18838
1.17754
1.15121
1.13779
1.11176
1.09418
1.08526
1.06002
1.0479
1.02268
1.01279
0.975868
0.964826
0.965955
0.975353
0.990388
1.0061
1.05687
1.08719
1.16504
1.20533
1.29284
1.34483
1.44266
1.49891
1.54671
1.64926
1.70095
1.79441
1.84495
1.93807
1.98102
2.02099
2.09937
2.14011
2.23932
2.31683
2.34269
2.38399
2.4002
2.43214
2.44038
2.46814
2.47272
2.47304
2.4731
2.46334
2.45752
2.44251
2.43256
2.42192
2.39596
2.37681
2.3409
2.31834
2.27283
2.25229
2.22719
2.17504
2.14472
2.08297
2.05119
1.98877
1.95915
1.92717
1.83431
1.76675
1.73716
1.68479
1.65895
1.62819
1.58125
1.55544
1.51404
1.49769
1.46149
1.4517
1.43105
1.42015
1.41438
1.40372
1.40481
1.40453
1.40898
1.41447
1.41926
1.42474
1.44074
1.44963
1.46032
1.48158
1.50216
1.50752
1.52309
1.53243
1.54801
1.55893
1.57441
1.57944
1.58533
1.59454
1.59974
1.60112
1.60579
1.60076
1.59605
1.59551
1.59048
1.57504
1.56962
1.55937
1.55435
1.52895
1.5036
1.49226
1.47702
1.46697
1.44073
1.43106
1.4102
1.39487
1.38408
1.36322
1.34875
1.32284
1.31207
1.27083
1.25578
1.23459
1.21483
1.19347
1.17791
1.14203
1.13589
1.1203
1.11602
1.12096
1.12972
1.16096
1.18518
1.21766
1.24697
1.28369
1.32427
1.41149
1.45875
1.5622
1.6126
1.66471
1.76723
1.8251
1.97437
2.06306
2.10885
2.15557
2.23833
2.27534
2.34742
2.37851
2.43576
2.46125
2.50807
2.52876
2.54937
2.5808
2.59139
2.60715
2.612
2.61796
2.61744
2.61299
2.6025
2.59713
2.57668
2.56691
2.53602
2.51569
2.49973
2.454
2.43267
2.38116
2.35602
2.32526
2.26298
2.23278
2.17057
2.13461
2.06225
2.02605
1.99487
1.92788
1.89153
1.82415
1.79345
1.705
1.64841
1.62289
1.60138
1.55479
1.53498
1.48726
1.4667
1.45672
1.4457
1.43549
1.43525
1.43453
1.43995
1.4453
1.45027
1.4654
1.47147
1.48692
1.49633
1.52307
1.53236
1.54792
1.55941
1.57475
1.57472
1.59502
1.6001
1.61084
1.61607
1.621
1.61582
1.61617
1.61599
1.61061
1.60631
1.59592
1.59053
1.58074
1.57449
1.55004
1.53878
1.5237
1.51294
1.49295
1.48253
1.4515
1.43605
1.41549
1.39997
1.36363
1.33767
1.32762
1.31223
1.28618
1.27104
1.23424
1.22003
1.19368
1.17847
1.15242
1.14132
1.11507
1.10606
1.09034
1.07898
1.07474
1.07925
1.0834
1.11395
1.13488
1.22638
1.26789
1.39686
1.49896
1.54681
1.59731
1.7006
1.75315
1.85614
1.90228
2.00099
2.04216
2.13021
2.17114
2.21279
2.28513
2.31677
2.37899
2.40408
2.45134
2.47193
2.49258
2.52361
2.53452
2.55035
2.56006
2.56632
2.56093
2.55597
2.54584
2.52526
2.51547
2.46909
2.44839
2.4021
2.38096
2.33502
2.30436
2.25256
2.22217
2.19102
2.12869
2.09818
2.0304
2.00024
1.9279
1.89638
1.82916
1.79871
1.76739
1.71052
1.68477
1.60705
1.5865
1.53966
1.52366
1.48739
1.47745
1.46668
1.45681
1.44605
1.43088
1.4296
1.42982
1.43531
1.44014
1.44527
1.46109
1.47083
1.47647
1.4967
1.50703
1.52277
1.53269
1.55316
1.5592
1.56899
1.58486
1.58958
1.60454
1.61146
1.62038
1.62631
1.62638
1.62634
1.62633
1.62641
1.62154
1.616
1.61137
1.60614
1.59593
1.5901
1.57479
1.56503
1.55906
1.53917
1.53374
1.50356
1.47183
1.4619
1.43621
1.42547
1.39961
1.38958
1.36439
1.3528
1.33891
1.31309
1.30089
1.27525
1.26111
1.23468
1.21969
1.20827
1.18289
1.17308
1.15231
1.14139
1.12583
1.12044
1.11999
1.12021
1.1295
1.15527
1.18098
1.26799
1.30451
1.38696
1.43193
1.52514
1.57714
1.66971
1.7218
1.76803
1.81523
1.86555
1.91372
2.00059
2.04252
2.11994
2.15593
2.25924
2.29133
2.34311
2.36818
2.42639
2.44058
2.47225
2.47816
2.49406
2.49804
2.49894
