1.54883
1.53904
1.53381
1.52828
1.51818
1.50732
1.503
1.4929
1.48711
1.47658
1.47119
1.46688
1.45639
1.45122
1.44538
1.44066
1.44056
1.43123
1.42387
1.42631
1.41514
1.41435
1.40908
1.40505
1.39831
1.39539
1.39029
1.38299
1.37856
1.37843
1.36846
1.3681
1.36867
1.35784
1.35802
1.35285
1.34781
1.34204
1.34264
1.3327
1.32704
1.32195
1.31671
1.31139
1.30666
1.29071
1.29093
1.28028
1.28037
1.27564
1.27499
1.28041
1.28499
1.31057
1.35166
1.36758
1.41389
1.43396
1.48043
1.5058
1.55303
1.58317
1.63465
1.66126
1.68693
1.73901
1.76365
1.80969
1.83772
1.91506
1.95128
1.96567
1.99778
2.01247
2.04945
2.05927
2.07514
2.08525
2.09618
2.10546
2.12136
2.12211
2.12644
2.13689
2.13797
2.14797
2.1527
2.15782
2.1633
2.16819
2.17325
2.17875
2.1894
2.18958
2.19372
2.19435
2.19913
2.19894
2.19944
2.19972
2.1944
2.18869
2.18947
2.17911
2.1637
2.14802
2.14773
2.13211
2.13301
2.12205
2.11715
2.10187
2.09613
2.08589
2.0814
2.07061
2.07061
2.06039
2.05455
2.05035
2.04527
2.0437
2.0342
2.02938
2.02932
2.02484
2.02318
2.01315
2.00947
1.99815
1.99357
1.98307
1.97787
1.95168
1.93621
1.93167
1.91601
1.91066
1.89506
1.87997
1.86422
1.85398
1.8385
1.83287
1.8176
1.80802
1.78616
1.77732
1.76176
1.75529
1.74009
1.73054
1.71996
1.70958
1.70364
1.68402
1.66257
1.64208
1.63273
1.62202
1.61128
1.60089
1.5959
1.58015
1.57527
1.56991
1.55953
1.55455
1.54392
1.5388
1.53362
1.52338
1.51853
1.50829
1.50217
1.49194
1.49235
1.4766
1.47663
1.46051
1.46211
1.45157
1.44539
1.44064
1.43556
1.43068
1.42508
1.42006
1.41424
1.41511
1.40483
1.404
1.39976
1.39378
1.38945
1.37874
1.37879
1.37381
1.36861
1.36304
1.36305
1.35255
1.33717
1.33771
1.33267
1.33201
1.32175
1.32177
1.30644
1.3066
1.29662
1.29097
1.2807
1.28027
1.27013
1.26011
1.25502
1.25027
1.24894
1.2436
1.24475
1.28494
1.33102
1.35637
1.42316
1.45422
1.49011
1.55754
1.59334
1.65551
1.68618
1.74282
1.76995
1.83159
1.86183
1.89364
1.94544
1.96588
2.02268
2.04832
2.0898
2.11056
2.13641
2.18306
2.19883
2.22571
2.22942
2.23966
2.24158
2.24115
2.24498
2.23551
2.22548
2.21519
2.18978
2.17932
2.15872
2.14841
2.12765
2.11269
2.09119
2.08608
2.07121
2.06534
2.04965
2.04017
2.01913
2.01403
2.00301
1.99912
1.98891
1.98698
1.98348
1.97788
1.97226
1.9665
1.96274
1.95784
1.95611
1.94213
1.94074
1.92054
1.91633
1.89582
1.88453
1.85912
1.84915
1.83391
1.82728
1.80756
1.80682
1.80191
1.80183
1.80176
1.80208
1.80179
1.80202
1.8017
1.7972
1.79254
1.7909
1.78112
1.77688
1.77166
1.76557
1.75697
1.74141
1.73455
1.71446
1.70452
1.67828
1.66846
1.64734
1.64239
1.62142
1.61614
1.61159
1.60655
1.60055
1.59059
1.58523
1.57518
1.56433
1.55968
1.55893
1.54344
1.53958
1.52354
1.51834
1.50261
1.49751
1.47714
1.46652
1.451
1.44582
1.43077
1.42526
1.41493
1.40962
1.40417
1.40448
1.39981
1.39387
1.39441
1.38888
1.3841
1.37844
1.37347
1.37338
1.36275
1.35845
1.34831
1.34254
1.3319
1.33227
1.32241
1.3163
1.30658
1.30682
1.30099
1.30118
1.29633
1.29561
1.29079
1.29086
1.29094
1.28535
1.28588
1.28585
1.28539
1.28013
1.27581
1.27109
1.26941
1.26447
1.26044
1.25932
1.25447
1.25036
1.24017
1.23386
1.22911
1.22868
1.22397
1.22343
1.21825
1.21865
1.21837
1.22375
1.22395
1.22871
1.2337
1.23852
1.2441
1.27944
1.29568
1.33057
1.35186
1.39798
1.41826
1.46498
1.49044
1.51677
1.56812
1.59415
1.64608
1.67076
1.69746
1.74374
1.76923
1.81518
1.83736
1.87353
1.89334
1.92919
1.94164
1.98627
1.99823
2.01855
2.02828
2.0389
2.04948
2.05439
2.06476
2.07041
2.08027
2.08554
2.09594
2.09595
2.10601
2.10695
2.11186
2.11638
2.12724
2.12707
2.13184
2.13725
2.13745
2.14239
2.13706
2.13787
2.13772
2.13737
2.13762
2.13766
2.13248
2.12735
2.12225
2.11125
2.1076
2.09699
2.09609
2.08094
2.07575
2.07009
2.06608
2.05574
2.04989
2.04544
2.0443
2.03998
2.03431
2.02944
2.02462
2.02372
2.01392
2.00827
2.0089
2.00365
2.00393
1.99789
1.98742
1.9881
1.98757
1.97738
1.97309
1.96743
1.96207
1.95213
1.94648
1.93049
1.91508
1.9114
1.90047
1.88991
1.87444
1.86423
1.85383
1.84407
1.82834
1.82273
1.80729
1.80255
1.79205
1.77701
1.77101
1.75096
1.74487
1.72959
1.72492
