1.73397
1.72404
1.72031
1.70991
1.70348
1.69363
1.69343
1.68851
1.68332
1.67307
1.6727
1.66714
1.66324
1.65705
1.65187
1.6525
1.6377
1.63246
1.63121
1.62099
1.62147
1.61604
1.616
1.61129
1.61053
1.60672
1.60491
1.59998
1.59611
1.59614
1.59002
1.58538
1.58486
1.57991
1.57542
1.5706
1.56886
1.56446
1.56427
1.56015
1.54918
1.54459
1.54312
1.53946
1.53374
1.52834
1.51814
1.51783
1.50795
1.50253
1.498
1.4968
1.49772
1.49218
1.49208
1.49209
1.4966
1.50697
1.51305
1.52178
1.54803
1.56343
1.5946
1.61452
1.67671
1.69789
1.73865
1.75958
1.80666
1.82594
1.89376
1.91427
1.95031
1.9712
2.00186
2.02302
2.06435
2.1059
2.11624
2.13189
2.14206
2.15284
2.16286
2.16853
2.17344
2.17867
2.17881
2.17915
2.17855
2.17902
2.17886
2.17882
2.17893
2.17385
2.16887
2.16828
2.16359
2.16315
2.1635
2.15779
2.15396
2.14876
2.14719
2.14225
2.13811
2.13219
2.12649
2.12296
2.11145
2.10184
2.09169
2.08572
2.08112
2.0755
2.07119
2.06641
2.06437
2.06141
2.06125
2.05435
2.05022
2.04937
2.04958
2.04989
2.04966
2.04469
2.04446
2.04457
2.03967
2.03506
2.03364
2.03472
2.02969
2.02865
2.0232
2.02488
2.01835
2.00794
2.00887
1.99785
1.98776
1.98293
1.97226
1.96295
1.95183
1.94213
1.93193
1.92549
1.91501
1.90653
1.88956
1.88049
1.86983
1.8588
1.84368
1.83806
1.82315
1.81763
1.80733
1.80695
1.79175
1.78171
1.77653
1.76583
1.76127
1.75012
1.74568
1.72993
1.7294
1.70923
1.7039
1.69393
1.6932
1.68264
1.67379
1.66313
1.65718
1.64674
1.64238
1.63223
1.62623
1.62194
1.61134
1.60571
1.60052
1.59577
1.58571
1.57975
1.5751
1.5695
1.56518
1.55964
1.55415
1.54375
1.53806
1.53419
1.52802
1.52372
1.52264
1.51272
1.5128
1.50715
1.50352
1.49827
1.497
1.48735
1.48662
1.48246
1.47744
1.4715
1.4662
1.46685
1.45639
1.4508
1.45114
1.44578
1.44552
1.44
1.44095
1.44063
1.44013
1.44574
1.45004
1.46079
1.47604
1.4912
1.53776
1.57382
1.59398
1.61509
1.66123
1.68163
1.72304
1.77017
1.81626
1.83689
1.87823
1.90403
1.93978
1.95626
2.01214
2.05424
2.06511
2.08636
2.09445
2.11041
2.1224
2.14297
2.14821
2.14803
2.15375
2.15242
2.15346
2.15326
2.1528
2.15281
2.15318
2.15313
2.15334
2.14788
2.14788
2.14227
2.14293
2.13278
2.13214
2.1267
2.12303
2.1213
2.11136
2.10707
2.0964
2.08646
2.08097
2.07514
2.07143
2.06615
2.06097
2.05603
2.04914
2.0497
2.05019
2.04456
2.04462
2.04464
2.04419
2.03956
2.03933
2.03955
2.03957
2.03934
2.03954
2.03441
2.03389
2.02924
2.02423
2.02369
2.02417
2.01848
2.01404
2.00887
2.00291
1.99315
1.98838
1.98286
1.97801
1.97258
1.9573
1.95193
1.93608
1.9363
1.92036
1.91113
1.89481
1.89001
1.87426
1.86932
1.84879
1.84358
1.83281
1.82332
1.81289
1.81217
1.79221
1.7863
1.77138
1.77057
1.75543
1.75059
1.74507
1.74034
1.72995
1.72489
1.71976
1.70972
1.70845
1.69347
1.69349
1.68334
1.68304
1.67846
1.66718
1.65726
1.65254
1.65232
1.64654
1.64259
1.63108
1.62623
1.61677
1.6116
1.61036
1.6068
1.60179
1.59969
1.59509
1.59077
1.58539
1.58033
1.57509
1.57038
1.56938
1.56375
1.56044
1.54885
1.5489
1.53849
1.53387
1.52886
1.52288
1.52339
1.51865
1.51327
1.50796
1.49769
1.49308
1.48692
1.48688
1.48226
1.48138
1.47573
1.47736
1.48189
1.48133
1.49172
1.50135
1.53839
1.55291
1.6105
1.65072
1.67152
1.73809
1.76001
1.80648
1.83101
1.87267
1.89392
1.91418
1.95568
1.97131
2.00714
2.02319
2.06503
2.09536
2.10658
2.12254
2.12603
2.13654
2.13833
2.14874
2.14358
2.14155
2.13807
2.1322
2.13241
2.12664
2.12804
2.11779
2.11616
2.11081
2.10789
2.10064
2.09608
2.09145
2.08134
2.07585
2.07096
2.0651
2.06086
2.05057
2.04472
2.02976
2.02419
2.014
2.00882
1.99856
1.99779
1.98762
1.9831
1.97723
1.97317
1.97205
1.96673
1.96658
1.96271
1.96244
1.95676
1.95682
1.95233
1.95561
1.95106
1.95207
1.94705
1.95089
1.94248
1.93647
1.93189
1.93074
1.92635
1.92137
1.92054
1.91035
1.90585
1.89988
1.89041
1.88527
1.87912
1.86438
1.85912
1.84889
1.84308
1.83287
1.8285
1.81245
1.80764
1.79764
1.796
1.78313
1.76459
1.76185
1.75084
1.74537
1.73512
1.73498
1.7298
1.71946
1.71436
1.7042
1.69861
1.68925
1.684
1.6777
1.67338
1.66262
1.66247
1.65218
1.64207
1.63723
1.63144
1.63165
1.62657
