1.25505
1.24457
1.23929
1.22911
1.22859
1.21876
1.21829
1.21417
1.21375
1.20857
1.20352
1.20302
1.20297
1.20346
1.20302
1.19751
1.19812
1.19762
1.19275
1.19266
1.19268
1.19266
1.19267
1.19232
1.19248
1.19279
1.19253
1.18798
1.192
1.19102
1.18909
1.18837
1.1869
1.18722
1.18769
1.1874
1.18749
1.18751
1.18749
1.18753
1.18753
1.19193
1.19666
1.2036
1.20738
1.21797
1.22853
1.23878
1.25974
1.27402
1.29985
1.32071
1.35083
1.37726
1.43944
1.51145
1.53726
1.58907
1.61902
1.69216
1.76347
1.78616
1.82711
1.84679
1.88311
1.89935
1.92529
1.94041
1.95125
1.97182
1.98198
1.99751
2.00786
2.02883
2.0342
2.04455
2.04418
2.04912
2.05516
2.05515
2.05992
2.0606
2.0554
2.05461
2.05485
2.0549
2.04915
2.04536
2.03953
2.03924
2.0289
2.02327
2.01326
2.00944
1.99894
1.99258
1.98759
1.98308
1.97238
1.96772
1.9566
1.95242
1.94626
1.94669
1.94114
1.94148
1.94145
1.94121
1.9415
1.93651
1.9407
1.9355
1.93668
1.93591
1.93634
1.93625
1.93085
1.93086
1.93112
1.92108
1.92079
1.91591
1.91027
1.90028
1.8999
1.88976
1.88477
1.87953
1.86419
1.86358
1.84802
1.84384
1.83306
1.82791
1.81832
1.80767
1.79735
1.77171
1.75573
1.75049
1.72972
1.72464
1.71394
1.70501
1.68926
1.6832
1.67383
1.65797
1.65246
1.63779
1.63137
1.61133
1.60601
1.59041
1.58567
1.5753
1.56945
1.55916
1.55452
1.5489
1.53375
1.52835
1.519
1.51267
1.50844
1.49787
1.49245
1.48188
1.47675
1.466
1.46175
1.45137
1.44595
1.441
1.43064
1.43024
1.42026
1.41472
1.40988
1.40439
1.39438
1.3893
1.38428
1.37841
1.36831
1.36372
1.35863
1.35281
1.34781
1.34251
1.33731
1.33183
1.32157
1.31705
1.31112
1.30686
1.2968
1.29528
1.28572
1.28597
1.28047
1.28038
1.28473
1.29122
1.3051
1.31161
1.3512
1.40396
1.42761
1.47957
1.51179
1.56852
1.60317
1.671
1.70164
1.76913
1.80022
1.8311
1.88811
1.91393
1.99178
2.03853
2.05865
2.08468
2.12032
2.13661
2.1623
2.17823
2.21416
2.22531
2.24087
2.24514
2.25623
2.26557
2.27183
2.27656
2.28207
2.28744
2.28667
2.29675
2.29817
2.30282
2.30267
2.30279
2.30758
2.30814
2.30802
2.30779
2.31326
2.31253
2.31344
2.31324
2.31294
2.30734
2.30229
2.30344
2.29289
2.28745
2.28222
2.27174
2.26692
2.25628
2.25139
2.23594
2.23583
2.23057
2.22065
2.21487
2.20413
2.20055
2.18989
2.18864
2.18468
2.17451
2.17304
2.16339
2.16333
2.148
2.14778
2.14258
2.13785
2.1273
2.12267
2.12154
2.11139
2.10706
2.09654
2.09116
2.07601
2.07524
2.05549
2.05451
2.03912
2.03514
2.02419
2.01924
2.00378
1.99812
1.99323
1.9779
1.96745
1.94744
1.94134
1.92616
1.91629
1.90122
1.89469
1.87943
1.87446
1.86958
1.85889
1.85417
1.84864
1.83266
1.82819
1.81237
1.80733
1.79197
1.78685
1.78166
1.76583
1.76133
1.74549
1.74047
1.7249
1.72415
1.71545
1.69389
1.68333
1.6787
1.67256
1.66235
1.65337
1.63603
1.62557
1.61723
1.60649
1.60069
1.59562
1.57994
1.57502
1.56463
1.55981
1.54944
1.54369
1.52324
1.51858
1.50819
1.50192
1.48714
1.48205
1.46722
1.46079
1.45115
1.4461
1.43064
1.42532
1.40974
1.4045
1.39425
1.38944
1.37907
1.37809
1.36794
1.36363
1.36256
1.35704
1.35808
1.36232
1.36856
1.37878
1.38797
1.39449
1.43844
1.47927
1.50192
1.5308
1.58257
1.61527
1.70213
1.76414
1.79001
1.84739
1.87217
1.89877
1.94576
1.97049
2.01694
2.03875
2.0742
2.09559
2.10556
2.1366
2.14747
2.17338
2.1832
2.19903
2.20429
2.21454
2.22437
2.23087
2.23503
2.24063
2.24581
2.24597
2.25161
2.25076
2.25641
2.25613
2.26126
2.26146
2.26135
2.26153
2.26154
2.26133
2.26135
2.26149
2.2558
2.25178
2.25061
2.24023
2.24125
2.23085
2.23014
2.22588
2.21542
2.21013
2.19476
2.18458
2.17882
2.16898
2.1632
2.15868
2.14795
2.14328
2.13239
2.12796
2.1229
2.11688
2.11689
2.10697
2.10627
2.10128
2.10138
2.09112
2.09101
2.09106
2.08079
2.08068
2.0705
2.07036
2.06043
2.05491
2.04467
2.03967
2.02974
2.02859
2.0148
2.00338
1.99324
1.98785
1.97207
1.96809
1.9521
1.94165
1.93658
1.93141
1.92141
1.91563
1.89995
1.89042
1.87471
1.86413
1.85883
1.84345
1.83339
1.81197
1.79742
1.78692
1.78121
1.76037
1.75149
1.74111
1.72942
1.72532
1.71943
1.70989
1.70385
1.68858
1.68329
1.66769
1.66277
1.64212
1.63691
1.62137
1.6118
1.59581
1.58573
1.57488
1.56538
