1.84784
1.83865
1.8331
1.82813
1.82294
1.81792
1.8121
1.80721
1.80217
1.79685
1.79151
1.78191
1.77137
1.771
1.76078
1.75607
1.73982
1.73521
1.72426
1.71535
1.69832
1.67245
1.65739
1.65292
1.63134
1.62689
1.61116
1.60618
1.59549
1.58601
1.57041
1.56456
1.55443
1.54455
1.54314
1.52813
1.5235
1.51311
1.50808
1.49235
1.47694
1.4719
1.46638
1.45593
1.44089
1.43571
1.42537
1.42514
1.41433
1.40567
1.39348
1.37974
1.37763
1.36807
1.36881
1.35839
1.35787
1.3531
1.34272
1.34217
1.33208
1.32722
1.32233
1.32171
1.31695
1.30653
1.30083
1.29524
1.29162
1.28556
1.28084
1.2758
1.27009
1.2647
1.26515
1.26496
1.26947
1.27549
1.27995
1.29038
1.30041
1.32118
1.33142
1.39785
1.44392
1.46563
1.52247
1.55144
1.64086
1.67048
1.73299
1.75917
1.81568
1.84174
1.91409
1.93517
1.97122
1.99167
2.02272
2.03901
2.07493
2.09012
2.10592
2.11629
2.13168
2.13738
2.15317
2.15245
2.15789
2.16869
2.17359
2.17842
2.18406
2.18413
2.18348
2.1837
2.18419
2.17912
2.17289
2.17431
2.15901
2.15265
2.13799
2.1124
2.10671
2.09136
2.08682
2.06041
2.05533
2.03911
2.03484
2.01939
2.0085
1.99821
1.99363
1.98856
1.98269
1.97784
1.97754
1.96755
1.96688
1.96195
1.96205
1.96208
1.96186
1.95731
1.95597
1.95245
1.95588
1.95223
1.94735
1.9402
1.93774
1.93258
1.93027
1.92078
1.921
1.9054
1.90051
1.89578
1.88926
1.87977
1.86431
1.85909
1.85417
1.8482
1.83811
1.8332
1.82773
1.81849
1.81264
1.80746
1.80157
1.79738
1.7914
1.78576
1.78212
1.77186
1.77029
1.76035
1.75629
1.75101
1.74493
1.74563
1.7351
1.72967
1.72431
1.71973
1.71465
1.71378
1.70464
1.69821
1.69358
1.68378
1.67779
1.67297
1.6683
1.65869
1.65672
1.64768
1.63128
1.62681
1.62201
1.61587
1.60595
1.59057
1.58549
1.57512
1.56925
1.5597
1.55439
1.54947
1.53933
1.53366
1.52804
1.52348
1.50764
1.50732
1.50276
1.50707
1.51172
1.51851
1.52815
1.53286
1.57401
1.58894
1.63012
1.65127
1.72192
1.79594
1.82047
1.86701
1.8892
1.95016
2.00264
2.01788
2.04846
2.06491
2.10014
2.11166
2.1322
2.13682
2.15245
2.1583
2.16844
2.17298
2.18897
2.18888
2.1938
2.19474
2.1999
2.19918
2.19954
2.19944
2.1941
2.19006
2.17874
2.17405
2.16362
2.15872
2.14353
2.14244
2.11704
2.11229
2.08681
2.07588
2.06035
2.05005
2.03886
2.02527
1.99825
1.98869
1.97269
1.96268
1.95218
1.93738
1.93076
1.91556
1.91068
1.8954
1.88959
1.86964
1.86412
1.84881
1.84848
1.83767
1.82906
1.81149
1.80833
1.79203
1.7869
1.77179
1.76539
1.75086
1.74497
1.72524
1.71938
1.70363
1.69471
1.66757
1.66301
1.6475
1.64216
1.62671
1.61642
1.59058
1.57552
1.56517
1.55942
1.54412
1.53418
1.50811
1.49253
1.48294
1.47647
1.4613
1.45133
1.43615
1.43021
1.41031
1.39963
1.37854
1.35782
1.33733
1.33271
1.31684
1.30147
1.29087
1.26588
1.24469
1.23965
1.22939
1.22346
1.2131
1.20873
1.19332
1.18779
1.17797
1.17653
1.16742
1.1568
1.15183
1.14681
1.14088
1.13157
1.13013
1.12034
1.12037
1.11465
1.11566
1.11066
1.11444
1.10579
1.10428
1.10506
1.10512
1.10523
1.10959
1.1148
1.1204
1.14044
1.16059
1.17183
1.18146
1.20797
1.22241
1.25314
1.26957
1.30576
1.32485
1.39821
1.42335
1.47509
1.49638
1.54833
1.5728
1.65122
1.67637
1.71796
1.73888
1.80047
1.85713
1.88377
1.89482
1.91963
1.93113
1.94692
1.95105
1.96157
1.96671
1.97213
1.98219
1.98804
2.00327
2.00284
2.00791
2.00888
2.01375
2.01346
2.00888
2.00809
2.00343
1.99364
1.98798
1.97781
1.97229
1.96198
1.96201
1.94147
1.94167
1.93134
1.92176
1.91643
1.91032
1.89972
1.90031
1.89494
1.88483
1.87933
1.87411
1.86979
1.8641
1.85878
1.84892
1.84834
1.83318
1.83273
1.81289
1.81186
1.7974
1.79139
1.77093
1.76658
1.73996
1.7098
1.69902
1.68386
1.67292
1.65734
1.6481
1.63648
1.6216
1.61606
1.59467
1.58665
1.57612
1.56446
1.53831
1.52828
1.52378
1.50872
1.50199
1.48226
1.47664
1.46208
1.45595
1.4415
1.41901
1.41566
1.40004
1.39863
1.38379
1.384
1.3737
1.3687
1.36297
1.35809
1.35777
1.34753
1.33793
1.3368
1.33194
1.3321
1.32705
1.32685
1.31726
1.30697
1.30566
1.30111
1.29658
1.28514
1.28053
1.2808
1.27563
1.27055
1.26472
1.26031
1.25936
1.25086
1.24019
1.23867
1.23874
1.23948
1.24381
1.24954
1.25935
1.26488
1.28511
1.29538
1.3258
