1.33826
1.33648
1.32654
1.32191
1.31692
1.3115
1.30133
1.29645
1.29556
1.28556
1.28567
1.28092
1.27519
1.27043
1.26981
1.2656
1.26437
1.26101
1.25884
1.25428
1.25491
1.25524
1.25419
1.25491
1.25445
1.26477
1.28006
1.3108
1.32079
1.35185
1.372
1.40791
1.43426
1.48048
1.50585
1.53727
1.59331
1.62448
1.68103
1.71272
1.7697
1.79977
1.88278
1.90889
1.95564
1.9812
2.03769
2.05493
2.08586
2.10008
2.12111
2.13157
2.15268
2.16258
2.17272
2.17881
2.18331
2.1938
2.1991
2.20367
2.21027
2.21013
2.21433
2.21552
2.22023
2.22001
2.21989
2.22032
2.22025
2.21523
2.21469
2.21033
2.21046
2.1999
2.19469
2.17914
2.17403
2.15766
2.15425
2.13859
2.13221
2.11672
2.11218
2.10159
2.09092
2.08189
2.06602
2.05977
2.05589
2.04969
2.04501
2.03973
2.0296
2.02395
2.01391
2.00883
1.99893
1.99298
1.98281
1.98249
1.96737
1.96211
1.95232
1.94628
1.94222
1.93172
1.92558
1.91002
1.9062
1.89556
1.88501
1.87971
1.86939
1.864
1.85889
1.83837
1.83335
1.81725
1.80825
1.8017
1.79287
1.78081
1.77235
1.75627
1.75045
1.73009
1.71953
1.71474
1.69366
1.68894
1.67356
1.66297
1.64232
1.63709
1.61158
1.60065
1.58595
1.57951
1.56408
1.55988
1.53886
1.53351
1.52899
1.5131
1.50325
1.49314
1.48649
1.48287
1.46724
1.46124
1.45086
1.44103
1.43025
1.42569
1.42002
1.41528
1.40935
1.40527
1.3948
1.389
1.37879
1.37836
1.36293
1.35871
1.34814
1.34716
1.34209
1.33815
1.32784
1.32098
1.32235
1.31234
1.3107
1.30158
1.29587
1.29069
1.28594
1.28133
1.27981
1.27484
1.27106
1.26603
1.26424
1.26541
1.25992
1.26504
1.25472
1.25457
1.25014
1.24898
1.25017
1.24985
1.24957
1.24439
1.24418
1.24402
1.2449
1.2495
1.24951
1.25978
1.26462
1.28021
1.28991
1.30074
1.31548
1.32632
1.34596
1.38721
1.41324
1.46493
1.49522
1.52676
1.56215
1.59406
1.62909
1.70152
1.733
1.80065
1.83563
1.86739
1.92924
1.95538
2.00702
2.03255
2.07934
2.10038
2.14163
2.15726
2.1725
2.20385
2.2194
2.25095
2.26054
2.28107
2.28769
2.30253
2.30736
2.31739
2.32381
2.32954
2.33251
2.33919
2.34932
2.34907
2.35475
2.359
2.3642
2.36505
2.36932
2.36932
2.37023
2.36975
2.36992
2.36507
2.36435
2.35454
2.35426
2.34861
2.33995
2.32818
2.32398
2.31366
2.30814
2.30283
2.28711
2.28295
2.26164
2.25195
2.24141
2.23587
2.21984
2.20452
2.20023
2.18969
2.18345
2.17437
2.16281
2.16367
2.15314
2.15335
2.14298
2.13799
2.12757
2.12693
2.11199
2.10668
2.09642
2.09155
2.08051
2.07163
2.05454
2.05031
2.03494
2.02932
2.01332
2.00937
1.99333
1.98824
1.97775
1.96261
1.95706
1.94195
1.93602
1.92695
1.91097
1.90535
1.88465
1.8797
1.86414
1.85961
1.83821
1.83306
1.81285
1.81182
1.78744
1.77071
1.76626
1.75011
1.74557
1.7247
1.70398
1.69398
1.68359
1.67354
1.66307
1.65268
1.63708
1.63159
1.62134
1.61635
1.60153
1.59533
1.59101
1.58011
1.57489
1.56453
1.5595
1.54462
1.54312
1.52867
1.52796
1.52372
1.50734
1.50191
1.49312
1.48238
1.47657
1.47216
1.46161
1.45641
1.44613
1.44529
1.43515
1.43066
1.42496
1.41447
1.40998
1.4044
1.39985
1.39383
1.3894
1.378
1.37369
1.36358
1.36269
1.34799
1.34275
1.33686
1.32785
1.32263
1.31657
1.30637
1.30141
1.29588
1.29165
1.29001
1.28661
1.27637
1.27446
1.26948
1.27542
1.28015
1.2806
1.29607
1.30511
1.34706
1.36655
1.40809
1.43362
1.5167
1.60882
1.64072
1.70273
1.7326
1.79001
1.81576
1.86795
1.8933
1.93954
1.96133
1.981
2.01713
2.03415
2.0652
2.0794
2.09583
2.10583
2.11636
2.12657
2.14233
2.15223
2.16265
2.17323
2.18899
2.18924
2.19979
2.20409
2.20442
2.20955
2.21395
2.22026
2.21999
2.22483
2.22566
2.22551
2.22511
2.23093
2.22971
2.23133
2.23077
2.23516
2.23006
2.23069
2.22508
2.22069
2.22003
2.20922
2.20547
2.18965
2.18387
2.17325
2.16959
2.1593
2.14794
2.13812
2.13222
2.12203
2.11807
2.10614
2.10086
2.09729
2.08671
2.08534
2.0761
2.06487
2.06061
2.05578
2.04987
2.04501
2.0443
2.03512
2.02909
2.0242
2.01887
2.00891
2.0033
1.98837
1.98292
1.9727
1.96714
1.9519
1.94663
1.9262
1.91592
1.90079
1.89497
1.87947
1.87452
1.84881
1.84366
1.82787
1.81798
1.79679
1.78751
1.77216
1.76064
1.74472
1.74063
1.71958
1.71464
1.6992
1.68906
1.68322
1.66788
1.66271
1.6422
1.63717
1.62205
1.61605
1.60642
