1.1509
1.14066
1.14141
1.13641
1.13098
1.13056
1.12624
1.12497
1.12016
1.12069
1.11509
1.11523
1.11084
1.11056
1.10967
1.10459
1.09992
1.09958
1.09962
1.0999
1.09008
1.08975
1.08918
1.08932
1.09435
1.09957
1.10937
1.11502
1.13053
1.14495
1.17024
1.18274
1.20058
1.23663
1.25965
1.30051
1.32459
1.4079
1.43866
1.49529
1.52709
1.58853
1.61941
1.67644
1.70228
1.7332
1.78432
1.80627
1.84747
1.86764
1.90937
1.92486
1.95116
1.9661
1.97725
1.99778
2.00278
2.02342
2.02916
2.03888
2.03979
2.04396
2.05522
2.05976
2.06034
2.06515
2.0604
2.06471
2.06497
2.06541
2.06526
2.06554
2.0554
2.05462
2.0492
2.04528
2.02946
2.02433
2.01353
2.00884
1.99852
1.99336
1.97257
1.97213
1.95628
1.95234
1.93643
1.93148
1.92019
1.91621
1.91013
1.89514
1.89465
1.87951
1.86936
1.86433
1.85866
1.85378
1.8485
1.83861
1.83764
1.82769
1.82329
1.81759
1.80739
1.80195
1.7871
1.77052
1.76236
1.75114
1.74477
1.72933
1.72539
1.71451
1.70903
1.70447
1.67824
1.6685
1.65829
1.65181
1.63641
1.62724
1.62083
1.60597
1.60061
1.57984
1.56964
1.55983
1.5437
1.53897
1.52288
1.51354
1.49715
1.48806
1.47738
1.47167
1.46108
1.45636
1.44016
1.44084
1.43538
1.42458
1.42052
1.41033
1.40451
1.39969
1.39428
1.38925
1.38377
1.37871
1.37365
1.36873
1.36259
1.35731
1.35357
1.34756
1.34272
1.34211
1.33179
1.33243
1.3317
1.32623
1.32272
1.31804
1.31544
1.31024
1.30747
1.30201
1.30051
1.30144
1.29573
1.29615
1.29105
1.29054
1.28511
1.28604
1.28524
1.28095
1.27584
1.2749
1.27032
1.26987
1.27038
1.26484
1.26506
1.25929
1.26019
1.25473
1.2546
1.25499
1.2547
1.25464
1.2548
1.24954
1.2494
1.24955
1.24937
1.24937
1.24955
1.2447
1.24928
1.24463
1.24404
1.2397
1.23904
1.23927
1.23925
1.24351
1.24489
1.25479
1.2594
1.26983
1.27954
1.30031
1.3158
1.36285
1.38181
1.4292
1.45915
1.54781
1.57765
1.64503
1.67645
1.77913
1.87262
1.9033
1.95025
1.98102
2.02793
2.04855
2.09028
2.10538
2.1366
2.15232
2.16247
2.18894
2.19858
2.20915
2.21954
2.23017
2.23556
2.24009
2.25051
2.2512
2.25566
2.25668
2.26152
2.26132
2.26138
2.26135
2.26663
2.26134
2.2557
2.25117
2.24609
2.24102
2.23573
2.23092
2.23007
2.22631
2.21537
2.21469
2.20454
2.20026
2.1946
2.18961
2.18879
2.18387
2.17962
2.17365
2.16811
2.16885
2.16372
2.16346
2.16327
2.15768
2.15849
2.15811
2.15819
2.15314
2.15296
2.14816
2.15287
2.14824
2.13203
2.13264
2.12261
2.12161
2.10253
2.08072
2.07016
2.06126
2.05062
2.03979
2.03466
2.01899
2.0141
1.99831
1.98906
1.97353
1.96688
1.94601
1.93725
1.93038
1.91555
1.90577
1.89538
1.88516
1.86948
1.86428
1.85424
1.83851
1.83293
1.80708
1.8022
1.79187
1.78206
1.76608
1.75592
1.74042
1.73512
1.7298
1.70938
1.70379
1.68869
1.68811
1.67266
1.66813
1.65273
1.64692
1.63739
1.62657
1.6217
1.60574
1.60136
1.58618
1.57969
1.57534
1.55416
1.54323
1.5345
1.52816
1.51788
1.51319
1.49233
1.48168
1.47746
1.46685
1.46107
1.45673
1.44587
1.44102
1.43067
1.425
1.4205
1.41042
1.40437
1.39903
1.39483
1.38453
1.37867
1.36877
1.36297
1.35822
1.35276
1.34743
1.34282
1.337
1.33294
1.32696
1.32689
1.32212
1.31696
1.30614
1.30644
1.29627
1.29568
1.28119
1.27987
1.27482
1.27079
1.26058
1.25926
1.24937
1.24507
1.23944
1.23892
1.23946
1.23891
1.23439
1.24401
1.24898
1.25948
1.26928
1.28948
1.30108
1.32009
1.35579
1.37771
1.42865
1.4544
1.54723
1.64495
1.67689
1.73855
1.76406
1.82104
1.84681
1.91499
1.93448
1.97594
1.99276
2.02436
2.03774
2.05881
2.07521
2.08021
2.09629
2.10547
2.11643
2.12657
2.12682
2.13236
2.13227
2.13745
2.13232
2.13231
2.1324
2.13241
2.13228
2.13243
2.12698
2.12734
2.12195
2.11344
2.11033
2.10093
2.10213
2.09223
2.09062
2.08065
2.07588
2.066
2.06014
2.05599
2.04965
2.04453
2.04007
2.02937
2.0337
2.02368
2.02896
2.01869
2.0189
2.01873
2.01886
2.0189
2.01863
2.01341
2.01902
2.01328
2.01385
2.01419
2.01313
2.00454
2.00233
1.99244
1.99338
1.98337
1.97755
1.96725
1.96227
1.9475
1.94123
1.93658
1.91633
1.91047
1.88966
1.88038
1.86511
1.85817
1.84288
1.83417
1.81186
1.79189
1.78676
1.77693
1.76163
1.75535
1.74007
1.73511
1.71985
1.71441
1.70425
1.69392
1.68874
1.66772
1.65264
1.64698
1.63673
