1.36854
1.36807
1.36354
1.36304
1.35274
1.34825
1.33837
1.33641
1.32756
1.32678
1.32257
1.31697
1.31179
1.30097
1.3013
1.29199
1.2862
1.28515
1.28048
1.28043
1.27476
1.27565
1.26995
1.27031
1.26487
1.26499
1.25927
1.25571
1.25385
1.24946
1.24937
1.24355
1.24459
1.23915
1.23909
1.23921
1.23927
1.23412
1.23984
1.24346
1.2384
1.24416
1.24404
1.25012
1.25514
1.25919
1.27923
1.28589
1.32039
1.35149
1.36699
1.43443
1.5162
1.54715
1.6091
1.63972
1.70722
1.73779
1.84152
1.87238
1.92895
1.96089
2.03204
2.09543
2.11098
2.14204
2.15726
2.1783
2.18895
2.19894
2.21413
2.21523
2.22533
2.22971
2.23443
2.24143
2.24104
2.24094
2.24133
2.24037
2.24092
2.23565
2.23561
2.23564
2.22999
2.23119
2.22047
2.2153
2.21481
2.20531
2.20421
2.18974
2.18866
2.17407
2.16892
2.14824
2.14284
2.12738
2.12215
2.10157
2.10129
2.08617
2.08079
2.07623
2.06085
2.05951
2.04455
2.04459
2.03426
2.02978
2.01861
2.01885
2.01303
2.00927
1.9988
1.99842
1.99312
1.98789
1.9777
1.97238
1.96201
1.95718
1.94719
1.94158
1.92078
1.90086
1.89447
1.87909
1.87517
1.84884
1.83416
1.82743
1.8187
1.79664
1.77097
1.76649
1.74637
1.7397
1.7305
1.7155
1.70869
1.68847
1.68372
1.66302
1.65279
1.6473
1.62705
1.62105
1.60587
1.59587
1.5752
1.56471
1.55442
1.5445
1.52915
1.52281
1.50268
1.49824
1.48281
1.47623
1.46167
1.45629
1.44081
1.4358
1.41993
1.41534
1.4045
1.39943
1.38943
1.3837
1.3788
1.36812
1.36337
1.35295
1.34773
1.34746
1.33758
1.33209
1.32718
1.32187
1.31129
1.29663
1.29588
1.28575
1.28585
1.27577
1.27011
1.26469
1.26036
1.25454
1.25507
1.2498
1.24887
1.24377
1.23987
1.23406
1.23383
1.22812
1.22935
1.22381
1.22315
1.21841
1.21403
1.20832
1.2036
1.20291
1.20307
1.19755
1.19767
1.19315
1.19308
1.19231
1.19299
1.1929
1.19738
1.20236
1.21283
1.22286
1.23364
1.24349
1.26911
1.28947
1.37669
1.42811
1.45957
1.52663
1.55707
1.6307
1.66935
1.77952
1.81009
1.8825
1.9135
2.00775
2.08461
2.11023
2.1464
2.16764
2.20449
2.21358
2.24477
2.25125
2.26518
2.29198
2.30263
2.31296
2.31274
2.31856
2.32288
2.32218
2.32431
2.32391
2.32301
2.32351
2.3233
2.32336
2.3234
2.31769
2.31864
2.31794
2.31267
2.31376
2.3032
2.29791
2.28215
2.26691
2.25699
2.24644
2.24115
2.22625
2.21041
2.19995
2.18987
2.17954
2.16845
2.15817
2.14855
2.13222
2.12771
2.11735
2.11162
2.10171
2.09673
2.0859
2.08103
2.06544
2.06012
2.05021
2.04453
2.04019
2.03463
2.02952
2.01912
2.01365
2.00385
1.99336
1.99268
1.97686
1.96864
1.95309
1.94603
1.92189
1.91034
1.90016
1.8906
1.87015
1.86372
1.83904
1.82762
1.80753
1.80188
1.78096
1.77222
1.76028
1.7455
1.73543
1.71913
1.71026
1.68974
1.6828
1.66234
1.65775
1.63664
1.62746
1.62113
1.60571
1.60126
1.58016
1.57001
1.5648
1.54986
1.54342
1.51855
1.50242
1.49313
1.47764
1.4759
1.4549
1.45194
1.43523
1.42561
1.41987
1.41061
1.39995
1.39335
1.37931
1.36824
1.35843
1.3476
1.33798
1.3269
1.31622
1.30609
1.3019
1.30053
1.29208
1.28035
1.28042
1.27597
1.27028
1.26989
1.26457
1.26523
1.26452
1.25961
1.25986
1.25979
1.25986
1.25972
1.25967
1.25992
1.26016
1.25464
1.25507
1.25467
1.24893
1.24989
1.24442
1.24423
1.24428
1.24431
1.23984
1.24351
1.24513
1.24361
1.24829
1.2504
1.26065
1.264
1.27957
1.29033
1.32204
1.33512
1.39388
1.41271
1.46001
1.49032
1.57335
1.63514
1.67065
1.73285
1.7686
1.86266
1.89266
1.95505
1.98082
2.03299
2.05376
2.12059
2.14173
2.17265
2.18331
2.22977
2.24549
2.25073
2.2665
2.26699
2.27203
2.27608
2.27747
2.28164
2.28248
2.2769
2.27694
2.27671
2.27747
2.27132
2.27208
2.26626
2.26683
2.2568
2.2559
2.24675
2.24052
2.22562
2.21074
2.20463
2.17933
2.17397
2.15794
2.14907
2.11727
2.09638
2.08678
2.07114
2.0606
2.0452
2.03929
2.02468
2.01359
2.00879
1.99318
1.99282
1.9773
1.97316
1.96225
1.95217
1.94685
1.9365
1.92615
1.91066
1.89048
1.86934
1.86396
1.84843
1.84351
1.83286
1.82316
1.81772
1.80716
1.79723
1.7867
1.77701
1.76656
1.75587
1.75066
1.73453
1.73059
1.72409
1.70872
1.68879
1.68353
1.67282
1.66802
1.65267
1.64693
1.62689
1.61043
1.60682
1.59624
1.59029
1.5803
1.57483
1.55941
1.5547
1.5443
1.5389
1.53395
1.52819
1.5283
