1.95707
1.94145
1.93674
1.92108
1.90065
1.88463
1.87999
1.86432
1.85907
1.83912
1.81747
1.81252
1.79232
1.78658
1.7715
1.7657
1.74087
1.73485
1.71967
1.71461
1.69382
1.6737
1.66725
1.65176
1.64283
1.62741
1.62073
1.61711
1.60099
1.59579
1.58006
1.57531
1.55944
1.5547
1.54879
1.53891
1.52869
1.51838
1.51315
1.50276
1.49782
1.4875
1.48211
1.48154
1.46593
1.46178
1.45068
1.44585
1.4407
1.4355
1.43015
1.42535
1.42028
1.40954
1.39927
1.39915
1.38416
1.37888
1.37389
1.36285
1.35322
1.34709
1.34277
1.33765
1.3318
1.322
1.31668
1.30668
1.30114
1.29552
1.2914
1.28548
1.28038
1.27557
1.26565
1.25389
1.25037
1.2394
1.23942
1.2341
1.23423
1.22349
1.21897
1.21783
1.21856
1.21812
1.22362
1.24832
1.29002
1.30988
1.35599
1.38283
1.46939
1.56289
1.59832
1.66045
1.6968
1.78455
1.87277
1.89868
1.9453
1.97084
2.0332
2.0848
2.10088
2.12648
2.13665
2.16344
2.18349
2.18914
2.19936
2.19939
2.19966
2.19929
2.19932
2.20004
2.18938
2.18936
2.18416
2.17387
2.1687
2.16398
2.16279
2.15268
2.1488
2.12751
2.1221
2.10666
2.10199
2.07577
2.05475
2.04462
2.03967
2.0241
2.01405
2.00273
1.99381
1.97725
1.97772
1.97292
1.9669
1.96168
1.95723
1.95184
1.94662
1.94643
1.93671
1.93575
1.93074
1.92624
1.91541
1.91085
1.90019
1.89552
1.88518
1.87921
1.86917
1.86451
1.84332
1.82341
1.81223
1.80209
1.79211
1.77117
1.74008
1.72512
1.71909
1.69862
1.69431
1.66884
1.66229
1.64672
1.63794
1.62196
1.611
1.59046
1.58082
1.56551
1.564
1.54418
1.54342
1.5238
1.50253
1.49721
1.47699
1.46588
1.46177
1.44632
1.44034
1.42583
1.42439
1.41471
1.39994
1.3986
1.38859
1.38423
1.37388
1.37307
1.36334
1.3632
1.36347
1.35793
1.35251
1.34263
1.33806
1.33664
1.32782
1.32621
1.3217
1.32177
1.31176
1.30184
1.30052
1.29208
1.28984
1.28517
1.28629
1.28065
1.28562
1.28553
1.2954
1.30568
1.36157
1.40269
1.42374
1.47523
1.50611
1.59798
1.63529
1.98592
2.01226
2.05935
2.08407
2.12044
2.14183
2.17813
2.19309
2.20415
2.23023
2.23945
2.26
2.26699
2.27071
2.2813
2.28709
2.28706
2.29186
2.29209
2.29264
2.29253
2.29275
2.29209
2.29269
2.28772
2.28687
2.28173
2.28228
2.27694
2.27202
2.26647
2.26659
2.25128
2.25065
2.23642
2.2302
2.22551
2.22061
2.21025
2.20456
2.18503
2.17865
2.16298
2.15922
2.14346
2.13718
2.12745
2.12248
2.11206
2.10667
2.10189
2.09146
2.09077
2.08104
2.08048
2.07552
2.07121
2.0701
2.06585
2.0602
2.05534
2.05006
2.04957
2.04406
2.04045
2.03471
2.02958
2.01964
2.01357
1.99837
1.99307
1.9832
1.97772
1.96249
1.95721
1.93563
1.92728
1.90588
1.89496
1.86965
1.84304
1.83413
1.81333
1.80167
1.78156
1.77663
1.75105
1.74045
1.73514
1.71447
1.70506
1.68969
1.67752
1.65731
1.65296
1.64233
1.63221
1.62175
1.61107
1.5902
1.58551
1.56505
1.55459
1.53885
1.52872
1.52349
1.51352
1.49779
1.47666
1.46694
1.45697
1.44547
1.43533
1.42564
1.40964
1.40505
1.39897
1.38335
1.37958
1.36954
1.36687
1.35197
1.34882
1.33178
1.32785
1.31729
1.31163
1.30114
1.30144
1.2911
1.28608
1.28042
1.2752
1.27045
1.26033
1.25946
1.24978
1.24441
1.2392
1.23908
1.23847
1.24449
1.24885
1.25477
1.25901
1.25978
1.26461
1.25391
1.25518
1.24463
1.24404
1.24456
1.24451
1.24901
1.26011
1.28472
1.29562
1.32056
1.34132
1.40322
1.43357
1.49059
1.52076
1.58833
1.61917
1.69109
1.7232
1.78528
1.81482
1.84762
1.90441
1.92875
1.98099
2.00243
2.04355
2.06397
2.0803
2.12596
2.15174
2.1633
2.18828
2.19414
2.20421
2.20995
2.21035
2.21378
2.21426
2.22035
2.21478
2.21506
2.21017
2.20947
2.20413
2.20058
2.19518
2.19373
2.19472
2.18925
2.18909
2.17946
2.17344
2.16415
2.15899
2.14824
2.13796
2.13232
2.11713
2.10692
2.08625
2.08083
2.06119
2.05432
2.03953
2.03484
2.01889
2.00944
2.00316
1.98792
1.98334
1.97332
1.96214
1.95224
1.94637
1.94175
1.92603
1.91058
1.90567
1.89555
1.89436
1.87945
1.87932
1.86883
1.86433
1.8485
1.8438
1.82834
1.82734
1.81154
1.80836
1.79735
1.79143
1.78726
1.76119
1.74032
1.73521
1.71972
1.7097
1.69963
1.68858
1.67303
1.66305
1.65309
1.64177
1.6375
1.62165
1.6164
1.60057
1.59617
1.58032
1.5699
1.54981
1.54372
1.52826
1.52343
1.5131
1.50771
1.49736
1.48798
1.48171
1.47113
1.467
