1.69946
1.66824
1.65794
1.63764
1.62667
1.59619
1.57584
1.56458
1.55503
1.53425
1.52388
1.4976
1.48281
1.46677
1.45186
1.43649
1.42997
1.40956
1.40026
1.37381
1.36819
1.3532
1.34787
1.33173
1.32794
1.31163
1.30147
1.29086
1.28106
1.27158
1.26407
1.25056
1.24417
1.23998
1.22972
1.21361
1.21309
1.19791
1.19779
1.18751
1.18272
1.17241
1.17175
1.16194
1.16198
1.15694
1.15162
1.14641
1.13613
1.13571
1.13152
1.12666
1.12515
1.11968
1.12132
1.11527
1.12005
1.12122
1.12457
1.13513
1.14088
1.16676
1.17622
1.22212
1.24338
1.28943
1.31521
1.37703
1.40753
1.52589
1.65021
1.6905
1.81528
1.92903
2.03236
2.05875
2.14088
2.20845
2.22943
2.25583
2.27567
2.29692
2.30741
2.3326
2.34488
2.3531
2.35394
2.35955
2.35951
2.36445
2.36446
2.3591
2.35988
2.34936
2.34918
2.34918
2.3392
2.3338
2.32365
2.31874
2.29752
2.28828
2.26767
2.26103
2.24096
2.2361
2.21532
2.2055
2.18416
2.17449
2.16357
2.16311
2.15742
2.1592
2.14872
2.14269
2.14271
2.13227
2.1323
2.12802
2.12737
2.12709
2.11733
2.11652
2.11711
2.11137
2.10712
2.1009
2.10169
2.09069
2.09132
2.08093
2.08064
2.06513
2.06087
2.05498
2.03933
2.02984
2.01419
2.00869
1.98811
1.9783
1.96744
1.94696
1.93672
1.91626
1.90569
1.87975
1.85919
1.83278
1.82381
1.7977
1.78666
1.76122
1.75042
1.74096
1.71447
1.70415
1.67903
1.66801
1.64756
1.63285
1.59604
1.58567
1.55992
1.55428
1.53981
1.51886
1.48679
1.47737
1.45684
1.44573
1.42068
1.38977
1.38371
1.36317
1.35859
1.33263
1.32715
1.31172
1.30151
1.28051
1.26527
1.26032
1.23392
1.21936
1.21328
1.20299
1.19824
1.18234
1.17754
1.16666
1.15771
1.15153
1.14679
1.13603
1.13089
1.1258
1.11556
1.11497
1.10089
1.09558
1.08896
1.08977
1.07942
1.07887
1.07873
1.08465
1.08879
1.10448
1.11451
1.14064
1.16034
1.17646
1.22779
1.31946
1.35542
1.438
1.48411
1.62359
1.75793
1.80425
1.88699
1.92894
2.00626
2.04284
2.14618
2.18179
2.23815
2.2659
2.33229
2.35302
2.38994
2.40467
2.43622
2.44682
2.46775
2.4774
2.4978
2.50422
2.51403
2.51918
2.52412
2.53052
2.53519
2.53454
2.53551
2.53533
2.5345
2.54096
2.54108
2.53474
2.53042
2.5295
2.51969
2.52447
2.50387
2.49977
2.49394
2.4789
2.47331
2.45284
2.44782
2.42199
2.40652
2.39099
2.38042
2.36534
2.3549
2.3495
2.32891
2.32344
2.30844
2.30298
2.28728
2.28279
2.27215
2.26202
2.26103
2.24586
2.23018
2.23073
2.22038
2.21509
2.19946
2.19495
2.1846
2.17879
2.15886
2.13297
2.12699
2.11198
2.10706
2.07644
2.07046
2.04959
2.04055
2.02452
2.00936
1.98286
1.97312
1.94694
1.93727
1.91153
1.90469
1.87914
1.87023
1.83339
1.82328
1.79776
1.78663
1.76652
1.75594
1.7201
1.70938
1.67854
1.64259
1.63698
1.61126
1.60606
1.58047
1.57512
1.54431
1.52855
1.5188
1.50757
1.49261
1.48239
1.46126
1.44159
1.43527
1.4309
1.41496
1.41009
1.39421
1.38905
1.36927
1.36296
1.35274
1.34335
1.33269
1.3272
1.31161
1.30648
1.29041
1.28664
1.27568
1.27049
1.25985
1.25044
1.24385
1.23384
1.2296
1.21905
1.21364
1.20298
1.19327
1.19226
1.17689
1.17259
1.15706
1.14673
1.14127
1.13605
1.12582
1.12535
1.11447
1.11093
1.10458
1.09907
1.09507
1.09905
1.10462
1.11443
1.13492
1.15069
1.21144
1.24264
1.29933
1.3397
1.4169
1.45919
1.62402
1.70709
1.74769
1.86126
1.89823
1.96604
2.00068
2.06269
2.09505
2.14611
2.17224
2.24063
2.25456
2.29115
2.3075
2.333
2.34314
2.37502
2.37938
2.39502
2.40062
2.41665
2.41597
2.426
2.42715
2.43138
2.43217
2.43205
2.43606
2.43778
2.43759
2.43646
2.43174
2.43717
2.4271
2.41651
2.41178
2.39653
2.39509
2.37994
2.3714
2.34364
2.33502
2.31889
2.30849
2.28747
2.27781
2.26694
2.24615
2.24093
2.21997
2.21089
2.19489
2.1895
2.17378
2.16914
2.16316
2.14852
2.14774
2.13266
2.13214
2.12197
2.11723
2.10197
2.09653
2.08632
2.08066
2.06067
2.05962
2.04458
2.03483
2.01949
2.01338
1.99852
1.99329
1.98307
1.9677
1.95738
1.93663
1.92612
1.91107
1.90047
1.86974
1.85921
1.83853
1.82353
1.80244
1.78734
1.76167
1.7505
1.74128
1.71547
1.70385
1.67828
1.66891
1.65746
1.63654
1.6226
1.59636
1.58539
1.56526
1.5545
1.51865
1.50818
1.48223
1.47213
1.45108
1.44137
1.41573
1.40458
1.39525
1.37477
1.36795
1.33771
1.3075
1.30117
1.28094
1.27078
