1.62695
1.61665
1.60629
1.58564
1.57047
1.55956
1.54937
1.53885
1.51854
1.50788
1.49847
1.48718
1.47747
1.46677
1.45665
1.44624
1.43592
1.41526
1.40938
1.38896
1.37948
1.3734
1.35848
1.35737
1.33702
1.33257
1.32728
1.3166
1.30727
1.29191
1.2854
1.27443
1.26661
1.24468
1.23951
1.22414
1.22335
1.20788
1.20393
1.18796
1.18276
1.1725
1.1716
1.15654
1.15659
1.14617
1.1417
1.13573
1.13135
1.13063
1.12004
1.12065
1.11504
1.12028
1.12038
1.12471
1.13071
1.14599
1.16053
1.21268
1.28356
1.315
1.38712
1.42704
1.56235
1.69594
1.74273
1.87215
1.99021
2.02739
2.09448
2.12532
2.18767
2.21339
2.28581
2.34283
2.35433
2.38025
2.39425
2.41033
2.42149
2.43645
2.43694
2.4426
2.44625
2.44669
2.44776
2.44239
2.43193
2.42684
2.41647
2.41627
2.4011
2.39083
2.3702
2.36526
2.34514
2.33338
2.31341
2.30848
2.29323
2.27731
2.26732
2.24084
2.23148
2.20529
2.1948
2.1843
2.16377
2.15328
2.12764
2.12246
2.11221
2.10642
2.09646
2.09161
2.08656
2.0809
2.08018
2.07631
2.07009
2.07107
2.06501
2.06027
2.05987
2.0497
2.04984
2.04482
2.03991
2.03989
2.02927
2.0238
2.01432
2.00386
1.998
1.97292
1.96247
1.94661
1.93675
1.9161
1.90533
1.8954
1.87505
1.86433
1.83892
1.82774
1.80243
1.79224
1.77166
1.7615
1.74536
1.72482
1.70999
1.68899
1.67374
1.65316
1.6372
1.62708
1.60645
1.59591
1.55956
1.52927
1.51334
1.49272
1.4921
1.46627
1.45705
1.44588
1.42494
1.41585
1.39509
1.38346
1.36839
1.35922
1.34378
1.3316
1.32803
1.30707
1.30076
1.27637
1.26612
1.25437
1.25037
1.23502
1.22869
1.20883
1.20315
1.18831
1.18733
1.16752
1.15159
1.1468
1.14093
1.12572
1.11004
1.10566
1.09558
1.08933
1.07912
1.07463
1.06892
1.06377
1.05863
1.05385
1.0479
1.04384
1.02774
1.02726
1.01713
1.01711
1.01249
1.01165
1.01713
1.02161
1.02725
1.04765
1.0578
1.09367
1.11338
1.16987
1.20647
1.24178
1.32897
1.37601
1.47335
1.53049
1.62836
1.68044
1.8297
1.8769
2.01539
2.10338
2.14161
2.18112
2.25378
2.28558
2.37365
2.42523
2.44632
2.50843
2.52398
2.55534
2.56487
2.59137
2.60778
2.61663
2.62187
2.62358
2.62855
2.62768
2.63291
2.62809
2.62794
2.6281
2.62244
2.62353
2.61312
2.61251
2.60759
2.60252
2.59715
2.58186
2.58124
2.56079
2.55659
2.55057
2.53005
2.52537
2.50416
2.48991
2.46949
2.46237
2.44894
2.42818
2.42111
2.38639
2.3802
2.37083
2.35945
2.34988
2.33405
2.32909
2.30854
2.30295
2.28224
2.27756
2.26673
2.26162
2.25645
2.2462
2.24088
2.23019
2.23074
2.22573
2.22017
2.21564
2.2096
2.19447
2.18971
2.17415
2.16886
2.15852
2.14377
2.13737
2.11696
2.11277
2.09142
2.07663
2.07026
2.04411
2.03524
2.00945
1.99885
1.96773
1.92683
1.9207
1.89019
1.88485
1.84958
1.81249
1.79787
1.77707
1.76641
1.75118
1.72968
1.69418
1.67913
1.65818
1.64746
1.62146
1.60689
1.59594
1.57531
1.56014
1.53986
1.53325
1.51253
1.50365
1.47263
1.46609
1.44566
1.43633
1.42083
1.40977
1.37926
1.36429
1.3479
1.33247
1.33216
1.31116
1.30232
1.29571
1.28681
1.27501
1.27105
1.25595
1.24876
1.23334
1.23008
1.22332
1.20772
1.20412
1.19315
1.18746
1.17188
1.16769
1.16143
1.1469
1.14073
1.12562
1.12115
1.1108
1.10016
1.09497
1.07915
1.07464
1.05926
1.05338
1.04833
1.03823
1.033
1.02759
1.0176
1.01726
1.01228
1.0113
1.01072
1.01777
1.02729
1.0369
1.05261
1.08802
1.11348
1.16959
1.20629
1.3141
1.36011
1.44238
1.48049
1.56819
1.61266
1.65584
1.77277
1.85578
1.8933
1.9655
2.00072
2.06269
2.09548
2.12502
2.17689
2.20376
2.24528
2.25975
2.29644
2.31216
2.32263
2.34879
2.3588
2.38451
2.38564
2.3944
2.39662
2.39497
2.40569
2.40613
2.41182
2.41065
2.41136
2.41102
2.41109
2.4112
2.40573
2.4062
2.40118
2.40097
2.3959
2.38539
2.38073
2.37013
2.36002
2.34452
2.33918
2.32979
2.30859
2.30295
2.27764
2.27188
2.26245
2.25132
2.2368
2.2303
2.21003
2.20031
2.1795
2.16861
2.15307
2.1432
2.1225
2.11218
2.10197
2.09653
2.08633
2.08101
2.07021
2.07064
2.06534
2.05963
2.05069
2.03945
2.03497
2.02491
2.01871
2.00863
2.00348
1.98261
1.97335
1.95835
1.94627
1.93136
1.92624
1.90556
1.89565
1.86393
1.85906
1.8331
1.82339
1.80227
1.79238
1.7817
1.75546
1.74604
1.72531
1.71492
1.68927
1.68364
1.66901
1.64304
1.63174
1.61632
