1.30638
1.29577
1.29123
1.27545
1.27519
1.26001
1.25481
1.24417
1.23997
1.22976
1.22363
1.21793
1.21408
1.20318
1.20292
1.19854
1.19367
1.19242
1.18241
1.1822
1.17702
1.17257
1.17192
1.16201
1.15699
1.15131
1.15139
1.14656
1.14105
1.14108
1.13632
1.13021
1.13034
1.12621
1.12604
1.12515
1.12588
1.12529
1.13022
1.13552
1.14579
1.16072
1.18112
1.20223
1.23786
1.26364
1.28887
1.36097
1.39745
1.51997
1.60819
1.69582
1.77856
1.82052
1.93862
1.97529
2.04798
2.08381
2.1459
2.17718
2.23433
2.25959
2.32252
2.34264
2.37839
2.3953
2.4158
2.43092
2.44606
2.45273
2.45666
2.46272
2.46731
2.47268
2.46904
2.46707
2.46865
2.46261
2.45798
2.45237
2.44729
2.44301
2.438
2.43162
2.42762
2.4169
2.41127
2.39564
2.39135
2.3849
2.36998
2.36042
2.34533
2.3337
2.31814
2.30411
2.28334
2.27139
2.26317
2.23714
2.22517
2.21024
2.20016
2.16425
2.14845
2.14295
2.12741
2.12216
2.10629
2.10183
2.0967
2.09181
2.08092
2.07606
2.07101
2.06998
2.06523
2.06069
2.05548
2.04965
2.03476
2.02382
2.01951
2.00278
1.99877
1.97797
1.97269
1.95784
1.95114
1.93087
1.92663
1.89545
1.86936
1.85904
1.84331
1.83392
1.80241
1.77632
1.76671
1.74591
1.7401
1.71962
1.70979
1.68369
1.67827
1.65716
1.64822
1.62109
1.61188
1.59087
1.58046
1.56529
1.55435
1.53911
1.53378
1.51804
1.50854
1.49725
1.48194
1.47721
1.46197
1.45606
1.44113
1.43515
1.42613
1.41543
1.40971
1.38924
1.38416
1.37384
1.36857
1.35808
1.35295
1.3424
1.33756
1.33255
1.32219
1.31653
1.31172
1.30636
1.29569
1.28643
1.28126
1.27497
1.27107
1.26051
1.25481
1.24993
1.24461
1.23397
1.22907
1.22871
1.21807
1.21393
1.20384
1.19747
1.19818
1.19309
1.18755
1.183
1.17185
1.16181
1.15714
1.15165
1.14633
1.1415
1.14063
1.14141
1.14576
1.14614
1.16117
1.17141
1.20177
1.21769
1.23765
1.29413
1.32517
1.43264
1.47446
1.55241
1.59262
1.67552
1.71702
1.79423
1.83587
1.87688
1.94957
1.98602
2.05351
2.08861
2.17734
2.25471
2.27608
2.3124
2.33219
2.36885
2.37944
2.41625
2.43044
2.44562
2.45348
2.46735
2.4732
2.47307
2.47758
2.47885
2.48431
2.48767
2.48814
2.48891
2.49446
2.48844
2.48905
2.4893
2.4934
2.4885
2.48861
2.48851
2.48881
2.4786
2.47344
2.46765
2.45274
2.45269
2.44825
2.43195
2.42684
2.40579
2.39641
2.38057
2.3707
2.35984
2.33914
2.32943
2.31419
2.30282
2.28257
2.27243
2.26136
2.25214
2.24555
2.23062
2.22542
2.21058
2.20473
2.19495
2.18899
2.17406
2.16891
2.15835
2.15801
2.13822
2.12122
2.11786
2.10272
2.0959
2.08054
2.07633
2.0658
2.05082
2.03958
2.02401
2.01459
1.99435
1.98745
1.96688
1.96327
1.95135
1.9262
1.92102
1.89487
1.88603
1.86509
1.85361
1.8446
1.82375
1.81229
1.79177
1.78216
1.74551
1.73561
1.71463
1.70439
1.68902
1.6786
1.65754
1.64791
1.63709
1.61692
1.61084
1.59024
1.5806
1.56539
1.55389
1.54496
1.53384
1.52351
1.50293
1.49772
1.48286
1.4765
1.46786
1.45221
1.44531
1.43024
1.42085
1.40378
1.40003
1.38968
1.37847
1.3687
1.36345
1.35313
1.35243
1.34815
1.33229
1.3323
1.322
1.32161
1.31106
1.302
1.30043
1.29678
1.29079
1.28636
1.27594
1.26991
1.25506
1.25433
1.24419
1.23466
1.22951
1.22344
1.21334
1.20884
1.20322
1.19839
1.19253
1.18242
1.17781
1.17268
1.17156
1.16068
1.16286
1.16122
1.16145
1.16177
1.17178
1.1816
1.20194
1.21264
1.2325
1.29482
1.38631
1.42351
1.50567
1.54632
1.62868
1.67578
1.75831
1.79502
1.87732
1.91331
1.94976
2.02182
2.05834
2.12533
2.15166
2.20835
2.2339
2.26045
2.30251
2.31617
2.35326
2.36902
2.37975
2.4004
2.41083
2.42688
2.4309
2.44193
2.44183
2.45195
2.45284
2.44743
2.45212
2.45272
2.45218
2.4478
2.44687
2.44169
2.44247
2.43657
2.43283
2.42756
2.42112
2.41692
2.4114
2.40616
2.39613
2.38609
2.37998
2.35521
2.34897
2.32873
2.32393
2.30326
2.29787
2.27684
2.27257
2.25698
2.2513
2.24611
2.23132
2.22979
2.21954
2.21605
2.20941
2.20509
2.20513
2.1995
2.19856
2.18849
2.19467
2.18907
2.18356
2.17955
2.17364
2.16884
2.16375
2.15389
2.14746
2.13779
2.13241
2.11726
2.11216
2.09665
2.0914
2.08151
2.06622
2.05477
2.02934
2.01423
2.00383
1.9935
1.9671
1.93252
1.92543
1.90522
1.89095
1.86365
1.84343
1.83373
1.80802
1.80198
1.79257
1.77171
1.76144
1.74066
1.73051
