1.21336
1.20764
1.20375
1.19355
1.19243
1.18232
1.17751
1.17247
1.16749
1.16191
1.15608
1.15246
1.14706
1.1411
1.14097
1.13067
1.13074
1.11554
1.11499
1.10478
1.10056
1.09576
1.09366
1.08408
1.08443
1.07875
1.07447
1.07354
1.07383
1.07353
1.07291
1.07972
1.08451
1.09335
1.09993
1.12531
1.13465
1.17155
1.19093
1.23739
1.26837
1.34019
1.42162
1.50463
1.55194
1.63898
1.68122
1.72668
1.76907
1.80953
1.85149
1.92933
1.96012
2.02245
2.05291
2.11014
2.13593
2.16177
2.20322
2.22429
2.26064
2.2758
2.31246
2.31792
2.33301
2.33872
2.34888
2.34946
2.34936
2.34908
2.34384
2.34413
2.33459
2.32813
2.32447
2.31809
2.3139
2.30427
2.30197
2.28673
2.28318
2.26674
2.25686
2.25132
2.23588
2.2262
2.20598
2.19908
2.17873
2.16474
2.15782
2.1283
2.10245
2.09623
2.08681
2.06581
2.06047
2.03952
2.02453
2.00871
2.00832
2.00846
2.00369
2.00285
2.00296
1.99875
1.99905
1.99246
1.98901
1.98698
1.97756
1.97736
1.96177
1.95161
1.94686
1.9364
1.93121
1.916
1.91062
1.90574
1.88999
1.88015
1.85931
1.85389
1.83345
1.82314
1.80293
1.79178
1.78217
1.7614
1.75075
1.73044
1.71979
1.69903
1.68892
1.67867
1.65228
1.63167
1.62222
1.6111
1.59055
1.5803
1.56031
1.55884
1.53325
1.52424
1.49767
1.48723
1.4715
1.46224
1.43518
1.41051
1.40436
1.38434
1.37832
1.36311
1.3583
1.33224
1.3165
1.31227
1.29605
1.28608
1.26986
1.26064
1.25014
1.23926
1.22857
1.22462
1.21867
1.20849
1.19837
1.19351
1.1871
1.17697
1.17257
1.16159
1.16183
1.1464
1.14613
1.13136
1.12482
1.12126
1.11574
1.10992
1.10461
1.10025
1.09437
1.09513
1.08461
1.084
1.07891
1.07955
1.07429
1.06882
1.06866
1.06297
1.06371
1.05827
1.05369
1.049
1.04748
1.04409
1.04209
1.03699
1.03186
1.02838
1.02309
1.02175
1.02791
1.02716
1.03262
1.04263
1.04752
1.06809
1.0879
1.1043
1.14528
1.16993
1.23196
1.26784
1.34985
1.39694
1.48968
1.53564
1.58732
1.6852
1.7323
1.87185
1.95947
2.00098
2.04226
2.11919
2.15655
2.22366
2.28015
2.33198
2.35846
2.39967
2.42075
2.45167
2.46191
2.49875
2.50839
2.51899
2.52491
2.52967
2.53504
2.53523
2.53488
2.53526
2.53558
2.53465
2.53058
2.52948
2.51991
2.51932
2.50945
2.50918
2.49901
2.49402
2.47315
2.46859
2.45309
2.44727
2.42707
2.41652
2.39545
2.39155
2.38034
2.35954
2.35015
2.33456
2.32387
2.28759
2.26708
2.26139
2.24046
2.23658
2.22095
2.21033
2.19489
2.18905
2.18378
2.17964
2.16863
2.15293
2.15304
2.14733
2.14341
2.1332
2.12732
2.11726
2.11205
2.10705
2.0862
2.07133
2.06525
2.05592
2.04056
2.03405
2.01328
2.00942
1.98855
1.97752
1.957
1.94697
1.93686
1.9162
1.90569
1.8797
1.87019
1.8492
1.83853
1.82349
1.80267
1.792
1.77131
1.75653
1.72453
1.71513
1.69422
1.67884
1.65784
1.64724
1.6264
1.60598
1.58583
1.57523
1.5443
1.5184
1.50822
1.49284
1.48227
1.46645
1.45699
1.45072
1.43024
1.42047
1.40496
1.39465
1.3729
1.36405
1.34817
1.3427
1.32784
1.32134
1.31139
1.30209
1.28684
1.28026
1.26554
1.26048
1.25481
1.24458
1.23925
1.22896
1.21941
1.21331
1.2089
1.20315
1.19846
1.1883
1.18246
1.17252
1.17163
1.16751
1.15743
1.15096
1.14623
1.14175
1.13101
1.1309
1.11535
1.11054
1.10518
1.09972
1.0998
1.08997
1.0842
1.07861
1.0746
1.06947
1.06818
1.05898
1.05356
1.05348
1.04862
1.04231
1.04806
1.0478
1.05819
1.06749
1.08814
1.10447
1.12387
1.17025
1.19673
1.25784
1.29856
1.38139
1.42746
1.52
1.5676
1.61259
1.7057
1.75312
1.84106
1.88653
1.92924
2.01149
2.05244
2.15719
2.22423
2.24953
2.30155
2.32671
2.34854
2.38961
2.40498
2.43613
2.44645
2.47202
2.47886
2.48744
2.49798
2.50417
2.51513
2.51387
2.51446
2.51928
2.51441
2.51437
2.51451
2.50413
2.50452
2.49994
2.49817
2.49468
2.48897
2.48349
2.47357
2.4683
2.45765
2.44206
2.42657
2.4219
2.40137
2.39104
2.3757
2.36528
2.33473
2.32374
2.30365
2.29274
2.27194
2.26231
2.2515
2.23643
2.22523
2.20484
2.18965
2.17903
2.17424
2.16389
2.15839
2.14808
2.14807
2.13723
2.13325
2.12266
2.11714
2.11173
2.10704
2.10175
2.09144
2.09118
2.0804
2.07123
2.06535
2.05479
2.04523
2.03466
2.02506
1.9988
1.97812
1.97257
1.95208
1.94236
1.91164
1.90478
1.87963
1.8702
1.84432
1.83802
1.81233
1.80285
1.79232
1.78175
1.76673
1.75584
