1.18206
1.17169
1.16739
1.1572
1.15153
1.14681
1.13603
1.12578
1.12058
1.10018
1.09455
1.08396
1.07998
1.06922
1.06886
1.05375
1.0529
1.05329
1.05773
1.06827
1.07881
1.10895
1.12992
1.14987
1.20719
1.2368
1.34043
1.41755
1.45873
1.50021
1.58777
1.62914
1.70679
1.74789
1.85649
1.8928
1.98606
2.03822
2.06371
2.12616
2.14692
2.18328
2.19825
2.22428
2.23541
2.25566
2.266
2.28161
2.28734
2.29156
2.3025
2.30727
2.31306
2.31801
2.32389
2.32742
2.32945
2.33486
2.33766
2.33785
2.33965
2.34317
2.33809
2.34393
2.33819
2.33943
2.33392
2.33349
2.32321
2.31873
2.31297
2.29796
2.29775
2.27696
2.27241
2.25169
2.24624
2.2368
2.22104
2.21014
2.1896
2.17944
2.16415
2.15344
2.14331
2.12794
2.11736
2.10705
2.0964
2.09166
2.08062
2.07153
2.06095
2.05494
2.04477
2.03999
2.039
2.02866
2.02906
2.0183
2.01427
2.00382
1.99842
1.98762
1.98305
1.96774
1.96226
1.93121
1.91622
1.90551
1.89023
1.87997
1.85929
1.85389
1.82806
1.82311
1.81286
1.79217
1.78187
1.76049
1.75141
1.71429
1.67956
1.66741
1.64665
1.63319
1.61222
1.60051
1.57562
1.55488
1.52887
1.5136
1.47695
1.46712
1.44682
1.43549
1.41058
1.39897
1.37832
1.36943
1.3485
1.33759
1.32768
1.30693
1.29648
1.27622
1.26567
1.24502
1.2393
1.22978
1.20913
1.20253
1.18337
1.17227
1.16702
1.15742
1.15106
1.13656
1.13046
1.1158
1.10998
1.09505
1.08977
1.08464
1.07427
1.06917
1.05838
1.05374
1.04351
1.03802
1.03319
1.02852
1.02172
1.0117
1.01221
1.00695
1.00665
1.00215
0.9967
0.991293
0.991781
0.976497
0.975685
0.976365
0.965914
0.965136
0.950523
0.945489
0.944779
0.934086
0.930355
0.92859
0.923192
0.920137
0.914907
0.913057
0.904411
0.907356
0.907332
0.910119
0.91394
0.918307
0.943855
0.95933
0.995318
1.02082
1.07691
1.11312
1.19022
1.23173
1.31951
1.36508
1.41269
1.51027
1.55624
1.65467
1.7063
1.7993
1.84111
1.88684
1.96423
2.00172
2.06866
2.10442
2.16645
2.19353
2.21831
2.28651
2.31766
2.33243
2.34839
2.37896
2.3904
2.4164
2.43179
2.44108
2.4512
2.45786
2.46189
2.47242
2.4785
2.48286
2.48872
2.49878
2.50395
2.50377
2.50927
2.50915
2.50942
2.51518
2.51868
2.51401
2.51471
2.51422
2.51046
2.50509
2.49857
2.4887
2.47955
2.4729
2.46289
2.45727
2.44829
2.43255
2.42199
2.40136
2.39561
2.38118
2.36529
2.35491
2.32934
2.32356
2.30287
2.2933
2.28728
2.27796
2.2664
2.26231
2.23564
2.23121
2.22076
2.21036
2.20004
2.19454
2.17858
2.16314
2.15902
2.14786
2.1328
2.1276
2.11271
2.10163
2.08166
2.07556
2.06626
2.0454
2.03462
2.01445
2.00368
1.97775
1.96797
1.94186
1.91589
1.88474
1.87026
1.82835
1.81315
1.78709
1.77213
1.73612
1.72495
1.68932
1.67831
1.64759
1.63244
1.62163
1.59095
1.57591
1.54438
1.52917
1.50287
1.48795
1.47738
1.44635
1.43625
1.39449
1.38435
1.35831
1.34338
1.32249
1.3075
1.28678
1.27053
1.24995
1.23976
1.2298
1.20907
1.20302
1.1724
1.16736
1.14685
1.14123
1.12616
1.12061
1.10016
1.08015
1.07383
1.05914
1.0481
1.04337
1.03254
1.0278
1.02274
1.012
1.00211
0.996829
0.991164
0.986575
0.976476
0.975336
0.970324
0.96558
0.955468
0.949851
0.950096
0.945084
0.93979
0.934287
0.934722
0.929869
0.929317
0.924305
0.924208
0.924401
0.924344
0.923801
0.924467
0.929204
0.933872
0.949189
0.95503
0.974989
0.985405
1.00532
1.03682
1.06162
1.10405
1.12888
1.16003
1.19088
1.22192
1.25767
1.37621
1.46363
1.50561
1.54625
1.62447
1.66534
1.77446
1.83606
1.86782
1.91929
1.94966
1.96689
2.01324
2.02761
2.05889
2.07556
2.09564
2.10597
2.11584
2.12639
2.13268
2.14334
2.147
2.1526
2.15826
2.15803
2.16279
2.16332
2.16337
2.16328
2.16338
2.16337
2.16374
2.15798
2.1587
2.15299
2.14827
2.14344
2.1323
2.1276
2.1173
2.10721
2.09639
2.08676
2.06624
2.06006
2.05037
2.03994
2.03385
2.02484
2.00881
1.99895
1.98371
1.97729
1.95685
1.95238
1.94662
1.93132
1.92628
1.92104
1.91074
1.91004
1.89972
1.90014
1.89466
1.89499
1.88941
1.88515
1.88394
1.8784
1.8801
1.86981
1.86853
1.8589
1.85858
1.84853
1.84379
1.84282
1.82741
1.82311
1.80223
1.78182
1.77647
1.76119
1.75087
1.72504
1.71957
1.7099
1.69892
1.68918
1.66871
1.65728
1.63759
1.63153
1.61071
1.60222
1.59475
1.57407
1.56593
1.54475
1.53371
1.51864
1.50767
1.49829
1.47654
1.45621
1.44653
1.43566
