1.31257
1.30611
1.29056
1.28166
1.26519
1.25554
1.24046
1.22887
1.22427
1.20843
1.1986
1.18275
1.17766
1.16698
1.15744
1.13618
1.13125
1.1218
1.11481
1.10975
1.10988
1.1102
1.11476
1.12985
1.1456
1.16118
1.19677
1.21764
1.26904
1.29439
1.36148
1.39217
1.45964
1.49451
1.56728
1.60413
1.63513
1.67067
1.70196
1.73799
1.79478
1.82616
1.88282
1.90891
1.93444
1.96133
1.98062
2.00275
2.04421
2.0586
2.08987
2.10572
2.12128
2.13196
2.14227
2.15194
2.17259
2.17879
2.19386
2.19916
2.20937
2.21502
2.21484
2.21956
2.23039
2.23043
2.23573
2.24037
2.25072
2.25133
2.25602
2.26144
2.26139
2.2614
2.26134
2.26195
2.26139
2.2561
2.25157
2.24575
2.23635
2.22051
2.21535
2.19963
2.19046
2.16851
2.15925
2.1385
2.13229
2.11606
2.10818
2.08745
2.08025
2.06503
2.06094
2.05496
2.04519
2.03966
2.03436
2.02411
2.01931
2.00883
2.00862
2.00377
1.99848
1.99826
1.99316
1.9779
1.9772
1.9728
1.96744
1.96213
1.95209
1.94673
1.93138
1.91564
1.90573
1.89536
1.89001
1.86962
1.85456
1.84844
1.83894
1.82317
1.81293
1.79753
1.78687
1.76619
1.76106
1.73021
1.71953
1.69873
1.68922
1.67804
1.65781
1.64753
1.61707
1.5911
1.57529
1.55455
1.54448
1.51844
1.50341
1.49285
1.47209
1.45686
1.43649
1.42518
1.39935
1.38983
1.37394
1.35352
1.34293
1.3074
1.29609
1.28693
1.27533
1.26595
1.23973
1.23425
1.20879
1.20329
1.18278
1.17272
1.16221
1.14656
1.14148
1.12059
1.11583
1.09551
1.08947
1.08486
1.06951
1.06332
1.04869
1.03303
1.02787
1.02267
1.01234
1.00724
0.991379
0.991725
0.980491
0.972099
0.961285
0.949885
0.939812
0.929866
0.924296
0.919281
0.914355
0.908694
0.903754
0.898649
0.898242
0.893541
0.892879
0.897795
0.903705
0.933804
0.96479
0.984541
1.01082
1.07221
1.1027
1.21646
1.25725
1.34482
1.39169
1.47461
1.51981
1.60279
1.64555
1.7229
1.75843
1.83079
1.86734
1.89811
1.95462
1.98602
2.03817
2.06381
2.10523
2.12647
2.14635
2.1833
2.19824
2.22974
2.24513
2.25587
2.28212
2.28647
2.30203
2.31254
2.33316
2.33899
2.34319
2.35444
2.3587
2.36512
2.37531
2.37919
2.39004
2.39538
2.4061
2.41074
2.41146
2.41703
2.42024
2.42107
2.42179
2.41671
2.41604
2.41208
2.39546
2.37577
2.36472
2.34427
2.33948
2.31834
2.30396
2.2826
2.27209
2.25161
2.23654
2.22558
2.20984
2.20055
2.1801
2.17339
2.15794
2.14904
2.14248
2.138
2.12786
2.12222
2.10709
2.10177
2.08654
2.08094
2.06541
2.06513
2.04996
2.04511
2.02429
2.01881
1.99869
1.99328
1.97821
1.96711
1.95159
1.94237
1.93122
1.91072
1.90112
1.8748
1.86492
1.84392
1.82848
1.81794
1.79166
1.77732
1.74136
1.71552
1.69931
1.68399
1.65845
1.64232
1.6165
1.60158
1.56013
1.52938
1.51818
1.50359
1.47745
1.46685
1.44098
1.42591
1.40517
1.38995
1.37879
1.34769
1.34305
1.3121
1.3065
1.27105
1.2601
1.23948
1.22477
1.19787
1.18849
1.16673
1.15052
1.14307
1.12659
1.12032
1.10435
1.09564
1.0893
1.07877
1.06969
1.06453
1.05313
1.04342
1.03773
1.03339
1.02826
1.02232
1.00773
1.0065
0.991061
0.991518
0.981124
0.976456
0.966057
0.965076
0.961008
0.955325
0.950613
0.945051
0.944734
0.94009
0.934895
0.929447
0.924408
0.914275
0.913561
0.907966
0.909695
0.903832
0.90335
0.897973
0.898709
0.90885
0.912991
0.934134
0.944135
0.969665
0.985164
1.00548
1.04685
1.07734
1.13927
1.17509
1.25259
1.29335
1.42303
1.46806
1.55595
1.59853
1.68096
1.72204
1.79904
1.83645
1.87164
1.92945
1.96001
2.03824
2.06379
2.08005
2.09981
2.12121
2.15212
2.16298
2.18902
2.19851
2.20465
2.2202
2.22454
2.23566
2.24525
2.25085
2.25577
2.26653
2.26623
2.27176
2.27187
2.27606
2.2812
2.2824
2.28232
2.28189
2.28224
2.27682
2.26652
2.26218
2.25643
2.24647
2.23588
2.22568
2.21567
2.19973
2.19002
2.17875
2.16923
2.15859
2.15344
2.13802
2.12824
2.11231
2.10677
2.09143
2.08639
2.08094
2.07051
2.07038
2.06059
2.05967
2.05516
2.04992
2.05004
2.04454
2.0392
2.04007
2.03437
2.02923
2.02901
2.01889
2.0187
2.00846
2.00317
1.98801
1.98768
1.96767
1.96227
1.95697
1.93695
1.93107
1.91062
1.90084
1.8901
1.87966
1.87026
1.85882
1.82852
1.80333
1.79189
1.78212
1.7561
1.74559
1.72046
1.70915
1.68331
1.6693
1.65713
1.64832
1.6367
1.62745
1.60161
1.5905
1.56471
1.55002
1.5296
1.51796
1.50866
1.48732
1.47254
1.45127
1.44612
1.40989
