1.63744
1.64048
1.64296
1.65822
1.66107
1.67751
1.68325
1.69924
1.70303
1.71407
1.71868
1.72419
1.73401
1.74937
1.75583
1.7659
1.775
1.78133
1.78617
1.79667
1.80702
1.81192
1.81162
1.81761
1.82169
1.82696
1.82835
1.83343
1.83249
1.83268
1.83303
1.83286
1.83296
1.8328
1.83271
1.83308
1.83306
1.82795
1.82793
1.82798
1.82716
1.82737
1.82796
1.82271
1.81698
1.81735
1.81735
1.81745
1.81787
1.8122
1.81276
1.80694
1.8072
1.80222
1.80174
1.79708
1.79639
1.79715
1.79713
1.7916
1.79155
1.79171
1.78605
1.78673
1.78626
1.78617
1.78669
1.78133
1.78123
1.78119
1.77652
1.781
1.77565
1.77647
1.77187
1.77058
1.7704
1.77135
1.76587
1.76565
1.76591
1.7659
1.76609
1.76077
1.76539
1.76011
1.76101
1.7603
1.75563
1.76011
1.75496
1.7558
1.75091
1.74979
1.74555
1.74477
1.74043
1.73962
1.7357
1.73407
1.73537
1.72954
1.72968
1.72956
1.72528
1.72021
1.71859
1.71987
1.71441
1.71396
1.71426
1.70851
1.70933
1.70348
1.70406
1.69914
1.69823
1.69901
1.69879
1.69816
1.69418
1.68805
1.68861
1.68766
1.68743
1.68379
1.68347
1.6785
1.67803
1.67837
1.6782
1.67829
1.67772
1.67234
1.67813
1.67271
1.67293
1.67288
1.67281
1.67286
1.67284
1.67284
1.66828
1.66718
1.66807
1.66756
1.66772
1.66775
1.66757
1.66209
1.66288
1.66219
1.66278
1.66229
1.66269
1.6627
1.65749
1.65743
1.65729
1.65732
1.65737
1.65734
1.65706
1.65789
1.65748
1.65245
1.65244
1.65196
1.65239
1.65201
1.65276
1.65134
1.64837
1.64751
1.64161
1.64203
1.64174
1.63631
1.63703
1.63247
1.63082
1.63108
1.63232
1.63088
1.63026
1.63248
1.62652
1.6312
1.62597
1.62709
1.62578
1.626
1.62666
1.62207
1.62056
1.6208
1.62152
1.62097
1.61584
1.62111
1.61605
1.61598
1.61615
1.61637
1.61132
1.61054
1.61114
1.61104
1.61071
1.61115
1.61029
1.61081
1.61102
1.61068
1.61553
1.61646
1.62204
1.625
1.63549
1.64204
1.65103
1.66172
1.67725
1.68344
1.69802
1.70361
1.72454
1.73372
1.74432
1.75505
1.7753
1.78158
1.7966
1.80124
1.80692
1.82268
1.82731
1.83766
1.84278
1.85308
1.8588
1.85856
1.86879
1.8692
1.87399
1.8743
1.87418
1.87423
1.87421
1.87415
1.87458
1.86907
1.86896
1.86918
1.86886
1.86923
1.86379
1.86393
1.85882
1.85382
1.85372
1.84861
1.84814
1.843
1.84338
1.83849
1.83773
1.83752
1.83361
1.83238
1.82837
1.82735
1.82793
1.82297
1.82225
1.82281
1.82245
1.823
1.81772
1.81673
1.81693
1.81779
1.81764
1.81722
1.81308
1.81268
1.81192
1.8072
1.80697
1.80701
1.80162
1.80214
1.8024
1.79664
1.7963
1.79643
1.79624
1.79102
1.79204
1.78618
1.78659
1.78632
1.78133
1.78117
1.78158
1.77655
1.77637
1.7711
1.76595
1.7656
1.76082
1.76046
1.75607
1.75499
1.75076
1.74993
1.74566
1.74084
1.73938
1.73445
1.73494
1.73521
1.72936
1.72534
1.72014
1.71864
1.71436
1.70921
1.70969
1.70349
1.69839
1.69885
1.69876
1.69377
1.69325
1.69374
1.69325
1.68891
1.68887
1.68783
1.68301
1.68332
1.67848
1.67762
1.67866
1.67753
1.6784
1.67283
1.67278
1.67297
1.66727
1.66802
1.66312
1.66198
1.66212
1.66283
1.65742
1.66167
1.65877
1.65861
1.65651
1.65697
1.65756
1.65731
1.65744
1.65723
1.65722
1.65745
1.65744
1.65761
1.65741
1.65248
1.65194
1.65284
1.65168
1.65233
1.65202
1.65233
1.65206
1.65194
1.64753
1.64661
1.64146
1.6421
1.63711
1.6413
1.63739
1.63619
1.63671
1.63675
1.63134
1.63169
1.62643
1.62635
1.62193
1.62065
1.62167
1.62097
1.61661
1.61564
1.61617
1.61108
1.6109
1.61094
1.61125
1.60547
1.60586
1.60564
1.60092
1.60019
1.60025
1.60082
1.59585
1.59999
1.60085
1.60044
1.60065
1.5956
1.59544
1.59538
1.595
1.59567
1.59516
1.59555
1.59546
1.5998
1.60454
1.61152
1.61525
1.62544
1.63151
1.64737
1.65609
1.68287
1.69277
1.6984
1.70821
1.72367
1.73821
1.75102
1.76569
1.77522
1.78148
1.79093
1.79641
1.80194
1.82692
1.83746
1.84337
1.84306
1.85304
1.85388
1.86405
1.86329
1.86433
1.86958
1.8686
1.86878
1.87369
1.86844
1.86951
1.86866
1.86933
1.86847
1.86392
1.86391
1.85955
1.85801
1.85824
1.85427
1.84829
1.84343
1.84308
1.83843
1.83778
1.83756
1.83393
1.83339
1.833
1.82737
1.82804
1.8222
1.82286
1.82317
1.82249
1.81712
1.81804
1.81652
1.81314
1.80744
1.80689
1.80235
1.79649
1.79693
1.79202
1.79121
1.78637
1.78646
1.78646
1.78185
