1.62094
1.61612
1.61597
1.61031
1.60649
1.60509
1.59478
1.59135
1.58632
1.57968
1.57979
1.57519
1.57434
1.56966
1.56947
1.56926
1.56937
1.56944
1.57457
1.57522
1.57987
1.58481
1.59479
1.60072
1.621
1.62622
1.64712
1.65626
1.67228
1.68738
1.70273
1.71396
1.72394
1.72976
1.7392
1.74499
1.75998
1.77087
1.78695
1.78595
1.79653
1.80689
1.812
1.81685
1.81786
1.81704
1.82256
1.82744
1.82789
1.82775
1.83262
1.82772
1.83262
1.8328
1.83294
1.82838
1.82724
1.82809
1.82738
1.82717
1.82816
1.82839
1.82684
1.82829
1.82727
1.82811
1.82799
1.82747
1.83281
1.82839
1.82725
1.82733
1.82794
1.82256
1.82276
1.82384
1.82149
1.82833
1.82241
1.82267
1.8225
1.81725
1.81788
1.81697
1.81727
1.81154
1.81768
1.80773
1.81106
1.80606
1.80831
1.80608
1.8031
1.80805
1.80632
1.8073
1.80724
1.80694
1.80233
1.80238
1.80178
1.80211
1.7972
1.79652
1.79726
1.79149
1.79198
1.7865
1.7867
1.78627
1.7865
1.78195
1.78074
1.78166
1.78062
1.7765
1.77578
1.77145
1.77066
1.77071
1.76634
1.76531
1.7598
1.76076
1.76063
1.75527
1.75556
1.75056
1.75048
1.7453
1.73961
1.74017
1.73522
1.72998
1.72942
1.72478
1.72414
1.71361
1.71943
1.71456
1.71382
1.70822
1.70475
1.70309
1.70384
1.70374
1.69949
1.69804
1.69909
1.69835
1.69885
1.70341
1.69807
1.69901
1.69881
1.69815
1.69324
1.69375
1.69325
1.68848
1.69266
1.69258
1.69405
1.69363
1.69347
1.69344
1.69339
1.6936
1.68913
1.68773
1.68876
1.68818
1.68922
1.69245
1.68252
1.68855
1.68335
1.6838
1.68745
1.68456
1.68208
1.68888
1.68325
1.68756
1.68269
1.6835
1.68294
1.6834
1.67807
1.67797
1.67844
1.67281
1.67319
1.67265
1.67292
1.66711
1.66815
1.66733
1.6675
1.66779
1.6625
1.66739
1.66247
1.65766
1.65215
1.65218
1.65258
1.65228
1.64729
1.64677
1.6428
1.64596
1.64096
1.63774
1.63674
1.63186
1.63126
1.63175
1.63136
1.63167
1.63289
1.63538
1.64096
1.64217
1.65094
1.65615
1.66765
1.67753
1.68808
1.70899
1.7183
1.7343
1.74483
1.76531
1.77546
1.79129
1.80076
1.80721
1.82743
1.83253
1.84797
1.85264
1.87374
1.88927
1.88993
1.90027
1.90435
1.91039
1.91036
1.91043
1.91513
1.91091
1.90989
1.90519
1.90523
1.90083
1.89938
1.90049
1.8951
1.89464
1.88896
1.89032
1.88531
1.88389
1.88502
1.87974
1.87908
1.86858
1.86946
1.86875
1.86928
1.86345
1.85976
1.85936
1.85785
1.85261
1.8542
1.84865
1.84412
1.84255
1.8372
1.83909
1.8342
1.83189
1.83366
1.82786
1.82771
1.82302
1.82657
1.82209
1.82297
1.82224
1.82278
1.82244
1.81768
1.81226
1.8171
1.81283
1.81175
1.80819
1.80624
1.80095
1.8026
1.7968
1.79192
1.78659
1.78621
1.78667
1.78098
1.78142
1.7756
1.77648
1.76599
1.76562
1.76026
1.76087
1.75507
1.75571
1.74963
1.74633
1.74009
1.73541
1.72982
1.72909
1.72559
1.71947
1.7188
1.71404
1.71381
1.70414
1.70358
1.69373
1.6986
1.69317
1.69375
1.68296
1.67817
1.67791
1.66745
1.6731
1.66185
1.65755
1.65271
1.64752
1.64674
1.64203
1.64177
1.63175
1.63184
1.62736
1.62556
1.62053
1.62173
1.61598
1.61603
1.61116
1.61513
1.61034
1.61613
1.61056
1.61161
1.61024
1.60631
1.60639
1.60524
1.59564
1.59519
1.59551
1.59573
1.59034
1.59075
1.58497
1.57486
1.57465
1.57479
1.56988
1.56931
1.55945
1.55912
1.55477
1.55352
1.54973
1.54829
1.54942
1.54862
1.5438
1.54327
1.54408
1.54795
1.54867
1.54912
1.5437
1.54387
1.54371
1.54334
1.54415
1.54347
1.5391
1.53888
1.54283
1.53874
1.54374
1.53918
1.54262
1.54507
1.53907
1.53785
1.53814
1.539
1.53826
1.53888
1.53879
1.53806
1.5436
1.54373
1.54817
1.54953
1.55333
1.55947
1.564
1.57982
1.59586
1.59947
1.62082
1.63078
1.64139
1.65623
1.66711
1.68282
1.69275
1.7136
1.72384
1.72905
1.74951
1.75524
1.77082
1.78036
1.79641
1.80155
1.81238
1.81208
1.82249
1.82742
1.83217
1.83345
1.83247
1.83321
1.83266
1.83276
1.83748
1.83797
1.83814
1.84287
1.8381
1.84295
1.83792
1.843
1.84275
1.83867
1.84245
1.8432
1.84282
1.84234
1.83736
1.83857
1.83773
1.83788
1.83823
1.8382
1.83793
1.83797
1.83813
1.83356
1.83374
1.83184
1.82714
1.82824
1.82809
1.82743
1.82754
1.82832
1.82718
1.82236
1.82276
1.82272
1.82252
1.82213
1.8168
1.81791
1.81774
1.81714
1.81193
1.81692
1.81302
1.81219
1.80674
1.80737
1.80272
1.80126
1.8015
