1.83294
1.83277
1.83322
1.83748
1.83853
1.84257
1.8433
1.84318
1.84811
1.84815
1.84782
1.84886
1.84796
1.85339
1.85415
1.85404
1.85311
1.8635
1.86424
1.86351
1.86421
1.86936
1.86878
1.86923
1.86889
1.87391
1.86872
1.86924
1.86996
1.86838
1.86924
1.86883
1.86922
1.86887
1.86918
1.8689
1.86886
1.86921
1.86917
1.86892
1.86912
1.86902
1.86901
1.86909
1.86897
1.86898
1.86419
1.86368
1.86401
1.86377
1.86395
1.86356
1.85926
1.85905
1.85845
1.8589
1.85866
1.85903
1.85373
1.85329
1.85383
1.85326
1.85337
1.84873
1.84823
1.84845
1.84827
1.84824
1.84852
1.84854
1.84342
1.84332
1.84358
1.84289
1.83905
1.8373
1.83863
1.83319
1.83266
1.83308
1.82793
1.82757
1.82786
1.82241
1.82756
1.823
1.82291
1.82187
1.82356
1.81695
1.81772
1.81718
1.81755
1.81731
1.8171
1.81159
1.81269
1.80676
1.80733
1.802
1.80192
1.80185
1.80201
1.80188
1.79709
1.7969
1.79669
1.79189
1.78659
1.78622
1.78141
1.78111
1.77617
1.77616
1.77671
1.77596
1.77177
1.76988
1.77176
1.76999
1.76669
1.76521
1.76608
1.76133
1.76497
1.76185
1.75976
1.76118
1.75983
1.75573
1.75968
1.75454
1.75617
1.75493
1.75581
1.75561
1.75539
1.75072
1.74987
1.75109
1.74478
1.74538
1.74493
1.74045
1.73958
1.73975
1.74011
1.73486
1.73472
1.73487
1.73473
1.73486
1.73474
1.73518
1.73445
1.72916
1.73495
1.73466
1.73008
1.72881
1.73034
1.72904
1.73012
1.72923
1.72364
1.72397
1.71887
1.71953
1.7192
1.71956
1.71426
1.71439
1.70908
1.70889
1.70906
1.70934
1.70379
1.70346
1.7036
1.70398
1.69867
1.70358
1.69908
1.69841
1.69877
1.69862
1.6987
1.69859
1.69858
1.69879
1.69364
1.69833
1.69885
1.6986
1.69334
1.69355
1.6935
1.69388
1.69361
1.69336
1.68837
1.68831
1.68832
1.68349
1.68293
1.68305
1.68331
1.68298
1.67747
1.67847
1.67827
1.67781
1.6779
1.67807
1.68284
1.68375
1.68273
1.68836
1.69289
1.69389
1.70382
1.70831
1.71392
1.71924
1.72371
1.72955
1.74028
1.74904
1.75977
1.77059
1.7756
1.781
1.78585
1.79659
1.80165
1.81136
1.82221
1.82731
1.83248
1.8432
1.8477
1.85334
1.85818
1.86334
1.86874
1.86928
1.87371
1.8742
1.87418
1.87911
1.87959
1.87953
1.8792
1.87955
1.87917
1.87954
1.8792
1.87924
1.87947
1.87943
1.87449
1.87452
1.87396
1.87438
1.87429
1.87413
1.87417
1.87421
1.86939
1.87365
1.8693
1.86886
1.86916
1.86411
1.86391
1.85907
1.85898
1.85849
1.85289
1.85402
1.85321
1.84796
1.84869
1.84303
1.84343
1.83811
1.83791
1.83778
1.83878
1.83255
1.83261
1.83314
1.83262
1.82829
1.82812
1.82784
1.82761
1.82806
1.82782
1.82768
1.82222
1.82287
1.82232
1.81833
1.81666
1.81694
1.81776
1.81769
1.81226
1.80652
1.8075
1.80677
1.80162
1.80207
1.79746
1.79622
1.7969
1.79135
1.79181
1.78694
1.78602
1.78136
1.78118
1.78128
1.77675
1.77566
1.77593
1.77137
1.76548
1.76076
1.76055
1.76061
1.75512
1.75572
1.7505
1.75013
1.74477
1.74057
1.73949
1.74031
1.73481
1.73973
1.73452
1.73008
1.72949
1.72978
1.72503
1.72409
1.72471
1.72475
1.72403
1.72519
1.71939
1.7193
1.71927
1.71335
1.71487
1.7147
1.7141
1.70921
1.70879
1.70913
1.70912
1.70404
1.70394
1.70415
1.69951
1.698
1.69829
1.69892
1.69847
1.69857
1.69871
1.69867
1.69865
1.69384
1.69765
1.69988
1.69277
1.69902
1.69834
1.69847
1.69302
1.69376
1.69336
1.69351
1.69833
1.69303
1.69321
1.69371
1.68844
1.68787
1.68806
1.68851
1.68273
1.68349
1.68341
1.68285
1.67826
1.68266
1.6787
1.67745
1.67768
1.67867
1.67221
1.67262
1.67305
1.67302
1.66743
1.66779
1.66754
1.66781
1.66298
1.66169
1.66193
1.66297
1.66321
1.66158
1.65875
1.66121
1.65894
1.6562
1.6568
1.6577
1.65745
1.65732
1.65739
1.65728
1.65747
1.65751
1.65719
1.65722
1.65746
1.66237
1.66229
1.66263
1.66735
1.66746
1.67236
1.67736
1.6829
1.68829
1.69322
1.70874
1.70914
1.71857
1.72904
1.73979
1.75491
1.76035
1.7756
1.776
1.78068
1.79666
1.80118
1.81154
1.8177
1.82252
1.82706
1.83271
1.83806
1.83813
1.84367
1.84808
1.84829
1.8533
1.85369
1.85282
1.85415
1.84854
1.84824
1.84821
1.85343
1.84873
1.84813
1.84856
1.84826
1.84834
1.8533
1.848
1.84868
1.84814
1.84817
1.84856
1.84843
1.84837
1.84841
1.84835
1.84842
1.84841
1.84836
1.84879
1.8481
1.84898
1.84323
1.84327
1.83779
1.83832
1.83821
1.83348
