1.6517
1.65258
1.65187
1.65287
1.65204
1.64662
1.64737
1.6418
1.64195
1.64175
1.64197
1.63694
1.64132
1.63617
1.63705
1.63676
1.63671
1.63664
1.63678
1.63703
1.63642
1.63129
1.63694
1.63654
1.6367
1.63185
1.63131
1.63169
1.63143
1.63194
1.63111
1.63036
1.62763
1.62271
1.62495
1.62252
1.62183
1.62078
1.62104
1.6213
1.62128
1.62601
1.62623
1.63114
1.63182
1.65113
1.66712
1.67777
1.6826
1.71408
1.73482
1.74408
1.75518
1.77666
1.78975
1.81027
1.82273
1.83784
1.84704
1.87497
1.88279
1.89352
1.90518
1.91493
1.9209
1.9308
1.93601
1.9418
1.94092
1.9512
1.94688
1.95097
1.94657
1.94646
1.9463
1.9462
1.94203
1.94125
1.93648
1.93188
1.9303
1.92577
1.92586
1.92137
1.92017
1.92066
1.91559
1.91062
1.90571
1.90471
1.90003
1.90002
1.89559
1.89468
1.89493
1.88934
1.88556
1.88076
1.8783
1.88015
1.87434
1.87412
1.86875
1.86924
1.86405
1.86377
1.86379
1.8595
1.86294
1.85834
1.85902
1.85892
1.85854
1.85397
1.85277
1.85271
1.85384
1.849
1.84787
1.84316
1.84816
1.84291
1.84342
1.83785
1.83223
1.8334
1.82772
1.82339
1.82186
1.81642
1.81815
1.80784
1.80659
1.80257
1.79748
1.79615
1.78604
1.78677
1.78117
1.77655
1.77573
1.76576
1.761
1.75537
1.75074
1.74494
1.74075
1.73501
1.73505
1.72504
1.72408
1.71881
1.7149
1.7135
1.71022
1.70803
1.7048
1.70388
1.69936
1.69426
1.69296
1.69383
1.68887
1.68785
1.68879
1.6839
1.68251
1.67839
1.67765
1.67831
1.67774
1.67864
1.67295
1.67277
1.67287
1.67283
1.66838
1.67205
1.66716
1.66802
1.6678
1.66726
1.66264
1.66689
1.66828
1.66765
1.66728
1.66763
1.66814
1.66244
1.66223
1.66756
1.66293
1.66216
1.6628
1.66227
1.66263
1.65837
1.65657
1.65793
1.65285
1.65163
1.6529
1.64723
1.64684
1.6414
1.64226
1.64161
1.63639
1.63691
1.63721
1.63146
1.63131
1.63163
1.63151
1.63648
1.64167
1.64201
1.65145
1.66785
1.67693
1.69253
1.70348
1.71864
1.72917
1.73882
1.75021
1.75959
1.77066
1.7911
1.80131
1.82154
1.83259
1.84721
1.85908
1.86767
1.88279
1.8952
1.90524
1.9145
1.92523
1.9311
1.93536
1.94163
1.94103
1.94602
1.95671
1.95688
1.95676
1.96173
1.96217
1.9567
1.95689
1.95651
1.95704
1.95662
1.95695
1.9519
1.95189
1.95142
1.94706
1.94675
1.94152
1.94108
1.93627
1.93603
1.93122
1.93076
1.92628
1.92554
1.92007
1.92106
1.91507
1.91143
1.91141
1.90469
1.9055
1.90025
1.89473
1.89016
1.88527
1.88385
1.88511
1.87957
1.8748
1.87371
1.86909
1.86899
1.8642
1.86356
1.86416
1.86362
1.8592
1.8584
1.8538
1.85329
1.8534
1.84822
1.84363
1.84295
1.83833
1.83776
1.83821
1.83312
1.83272
1.83302
1.828
1.82746
1.82355
1.82176
1.82323
1.81748
1.81739
1.81201
1.8124
1.80734
1.80253
1.80139
1.79582
1.79267
1.78735
1.7858
1.78237
1.77529
1.76521
1.76652
1.76043
1.76054
1.75583
1.74962
1.74429
1.74089
1.73557
1.73464
1.72996
1.73005
1.72942
1.72463
1.71942
1.71414
1.70932
1.70872
1.70353
1.70397
1.69815
1.69905
1.69368
1.68891
1.6879
1.68864
1.68329
1.67847
1.67757
1.67261
1.67297
1.67278
1.67293
1.6679
1.6633
1.66191
1.6626
1.66281
1.65725
1.65743
1.65204
1.65204
1.65232
1.65229
1.6521
1.65213
1.65231
1.65201
1.64625
1.64321
1.64081
1.64119
1.64239
1.6372
1.6408
1.63215
1.63183
1.62688
1.62624
1.62653
1.62621
1.62167
1.62573
1.6206
1.62166
1.62087
1.62145
1.62103
1.62133
1.61624
1.6163
1.61587
1.61591
1.6166
1.61555
1.61645
1.61572
1.62118
1.62115
1.63171
1.63581
1.64228
1.6615
1.68176
1.68876
1.70997
1.71709
1.73887
1.75007
1.75978
1.78058
1.78576
1.80678
1.81712
1.83266
1.8423
1.85367
1.86273
1.86962
1.87786
1.8887
1.90011
1.90483
1.91024
1.9153
1.92048
1.92528
1.93069
1.9353
1.93676
1.93642
1.94048
1.94191
1.94091
1.94159
1.94113
1.94117
1.94143
1.94131
1.94136
1.93602
1.93631
1.93599
1.93152
1.93143
1.9258
1.92584
1.92133
1.92019
1.92045
1.91595
1.91001
1.91062
1.90534
1.90508
1.89971
1.89542
1.89442
1.88932
1.89032
1.88452
1.87977
1.8748
1.87379
1.87447
1.86879
1.86929
1.8639
1.8638
1.85859
1.85885
1.85857
1.85401
1.85325
1.84864
1.84809
1.84868
1.84818
1.8437
1.84283
1.84285
1.83753
1.83849
1.8376
1.8384
1.83781
1.83824
1.83791
1.84308
1.84322
1.84318
1.84314
1.84335
1.84786
1.84889
1.84757
