1.62134
1.61625
1.61625
1.61548
1.61579
1.61579
1.61139
1.61543
1.6116
1.60994
1.61033
1.61094
1.61095
1.61081
1.61094
1.61083
1.611
1.6107
1.60494
1.60635
1.60569
1.60093
1.60022
1.60085
1.6003
1.60077
1.60032
1.60079
1.59589
1.59501
1.59567
1.59554
1.59529
1.59938
1.59978
1.60561
1.61071
1.61536
1.62622
1.64133
1.6471
1.6623
1.67193
1.68287
1.69267
1.69857
1.70794
1.72836
1.73995
1.76077
1.76976
1.78117
1.80184
1.8168
1.82237
1.82755
1.83228
1.83778
1.84803
1.85797
1.86845
1.86911
1.87357
1.87464
1.88502
1.88417
1.88513
1.88482
1.88433
1.88502
1.88408
1.8789
1.87521
1.87349
1.86859
1.86927
1.86359
1.85892
1.85404
1.85319
1.84813
1.84368
1.83336
1.83345
1.82768
1.82811
1.82242
1.81828
1.81264
1.80707
1.80702
1.80233
1.802
1.79745
1.79617
1.79136
1.79182
1.78647
1.78634
1.78208
1.78011
1.78136
1.77632
1.77578
1.77688
1.77106
1.77079
1.77072
1.76626
1.7715
1.77049
1.77128
1.76587
1.77008
1.77167
1.77082
1.77105
1.77
1.76689
1.76524
1.76539
1.76609
1.76598
1.76526
1.76618
1.76098
1.76079
1.7556
1.75531
1.74961
1.7508
1.74989
1.74464
1.74067
1.73942
1.74036
1.73522
1.73518
1.7296
1.7248
1.72416
1.71893
1.71955
1.71958
1.72001
1.71877
1.70872
1.71404
1.70925
1.7092
1.70432
1.69881
1.69305
1.68937
1.68753
1.68257
1.68354
1.67253
1.67317
1.66769
1.66772
1.66759
1.66742
1.663
1.66219
1.66272
1.66239
1.66248
1.66251
1.65805
1.6568
1.65776
1.65261
1.65196
1.65195
1.65226
1.6523
1.65206
1.65214
1.65215
1.65173
1.65296
1.64718
1.64247
1.64139
1.6416
1.64212
1.6368
1.64101
1.63577
1.63747
1.63606
1.63721
1.63629
1.63702
1.63688
1.63656
1.63627
1.63698
1.63616
1.63749
1.63125
1.63171
1.62577
1.62237
1.62036
1.61702
1.61528
1.61602
1.61155
1.61
1.6055
1.60581
1.6057
1.60578
1.60565
1.60572
1.61054
1.6156
1.62116
1.62619
1.63658
1.64604
1.65612
1.66271
1.68262
1.69739
1.70442
1.7242
1.73403
1.75406
1.76584
1.78042
1.79124
1.80075
1.80727
1.81629
1.82751
1.84293
1.84833
1.85943
1.86792
1.87896
1.88945
1.88991
1.89429
1.89441
1.89967
1.90016
1.89991
1.9057
1.90437
1.90056
1.89402
1.8907
1.88512
1.87908
1.874
1.86941
1.86886
1.86461
1.8683
1.86386
1.86373
1.85793
1.86424
1.85944
1.85803
1.85931
1.85922
1.85821
1.85298
1.84919
1.84415
1.84242
1.84389
1.83887
1.83736
1.83183
1.82928
1.82656
1.82709
1.82818
1.82244
1.82231
1.81726
1.81747
1.81708
1.8176
1.81193
1.81261
1.81227
1.80726
1.80255
1.80675
1.80245
1.80177
1.79685
1.79683
1.79711
1.79667
1.79194
1.79135
1.79151
1.79206
1.78177
1.78566
1.78207
1.78057
1.77527
1.772
1.76182
1.75967
1.75534
1.74974
1.74577
1.74473
1.73954
1.73537
1.74072
1.73461
1.73477
1.73478
1.73002
1.7299
1.72453
1.71992
1.71892
1.71352
1.70975
1.7084
1.6987
1.69868
1.69393
1.69312
1.6938
1.68802
1.68853
1.6831
1.68317
1.67249
1.6732
1.67252
1.67315
1.66808
1.66743
1.66283
1.66217
1.65774
1.66201
1.65796
1.65693
1.65317
1.65106
1.65276
1.65176
1.65233
1.64717
1.64794
1.64147
1.64218
1.64165
1.64165
1.6367
1.63179
1.63143
1.63158
1.63152
1.6306
1.63102
1.62709
1.62676
1.62609
1.62656
1.62631
1.62152
1.62099
1.6216
1.62045
1.62071
1.6216
1.6209
1.62144
1.61622
1.62079
1.61641
1.61586
1.61125
1.61049
1.61126
1.60573
1.60569
1.60131
1.59485
1.60082
1.60075
1.60046
1.59622
1.59472
1.58937
1.59089
1.595
1.59578
1.59516
1.59559
1.60577
1.60567
1.61605
1.62531
1.63595
1.64702
1.65624
1.67207
1.68274
1.69795
1.70893
1.72969
1.75012
1.77054
1.78058
1.79558
1.80695
1.82166
1.8318
1.84254
1.85309
1.8578
1.85939
1.86843
1.87435
1.87435
1.87406
1.87417
1.87419
1.87547
1.87772
1.87399
1.87879
1.87366
1.875
1.87429
1.87454
1.86391
1.86378
1.85833
1.85895
1.84858
1.84831
1.84276
1.84351
1.83779
1.83834
1.83746
1.83364
1.83247
1.82832
1.82804
1.82752
1.82269
1.82243
1.81819
1.81636
1.81667
1.81355
1.8064
1.80271
1.80235
1.8016
1.80269
1.79646
1.79182
1.79134
1.78738
1.787
1.78599
1.78582
1.78691
1.78192
1.7807
1.78174
1.77641
1.77591
1.77578
1.7758
1.77638
1.77593
1.77624
1.77068
1.76638
1.76182
1.75961
1.75557
1.75535
1.75063
1.75045
1.75013
1.74561
1.74056
1.74431
1.73391
