1.67823
1.67784
1.67811
1.67235
1.67324
1.67289
1.66737
1.66795
1.66299
1.667
1.66798
1.67232
1.66715
1.66804
1.66776
1.66766
1.66773
1.67249
1.66722
1.67325
1.67269
1.67294
1.67286
1.67735
1.6774
1.67844
1.67295
1.67758
1.67317
1.67748
1.67801
1.67243
1.67321
1.67251
1.66266
1.66243
1.65223
1.65704
1.65282
1.64823
1.64603
1.63739
1.63677
1.63659
1.63666
1.63186
1.63157
1.63196
1.63118
1.62586
1.62678
1.62619
1.6265
1.62644
1.63079
1.63646
1.64624
1.65726
1.67275
1.68227
1.68866
1.70445
1.71221
1.72894
1.73945
1.75431
1.76073
1.77026
1.796
1.81176
1.81702
1.83737
1.84299
1.85317
1.85834
1.86383
1.86839
1.87288
1.87519
1.87854
1.88441
1.88438
1.88467
1.88429
1.8843
1.8847
1.88333
1.88591
1.87999
1.87889
1.86931
1.86883
1.86899
1.86419
1.86449
1.86378
1.85829
1.85901
1.85893
1.85367
1.84834
1.84835
1.84311
1.84347
1.8384
1.83769
1.83842
1.83843
1.83286
1.8279
1.83248
1.82256
1.82213
1.82335
1.82226
1.81795
1.8122
1.81233
1.80731
1.80173
1.80236
1.79668
1.7968
1.79671
1.79129
1.79182
1.79215
1.78179
1.78646
1.78634
1.78631
1.78173
1.78683
1.7812
1.78131
1.77522
1.77678
1.77063
1.76558
1.76639
1.76075
1.76051
1.75584
1.74593
1.73967
1.73985
1.73432
1.73552
1.72519
1.71862
1.71994
1.70947
1.70379
1.70386
1.6982
1.69903
1.69344
1.69355
1.688
1.68305
1.6829
1.67757
1.67835
1.67378
1.67698
1.67347
1.67237
1.66741
1.66789
1.66214
1.6619
1.65693
1.65768
1.65184
1.65243
1.64712
1.64693
1.63748
1.6314
1.62708
1.63074
1.62061
1.62157
1.6264
1.62635
1.62194
1.62062
1.62085
1.62113
1.61544
1.61653
1.61678
1.61586
1.61615
1.61075
1.61095
1.61085
1.61083
1.60609
1.60153
1.5998
1.60007
1.60094
1.60078
1.60038
1.60068
1.60062
1.60051
1.60052
1.60588
1.60127
1.60499
1.60562
1.60578
1.60572
1.60571
1.60571
1.60573
1.60573
1.60571
1.6106
1.61067
1.61552
1.62097
1.64139
1.6471
1.66259
1.66683
1.68757
1.69778
1.72963
1.73896
1.75495
1.76506
1.79093
1.80143
1.81232
1.8218
1.83218
1.84284
1.85291
1.85846
1.87358
1.87473
1.88
1.88328
1.88818
1.89095
1.88898
1.89025
1.89549
1.89425
1.89526
1.89513
1.89462
1.89503
1.89468
1.89008
1.88988
1.88963
1.88963
1.88386
1.88992
1.88469
1.88466
1.88441
1.88487
1.8794
1.87936
1.87939
1.87933
1.87489
1.87321
1.87437
1.87403
1.86839
1.86951
1.86928
1.86441
1.86372
1.86403
1.86411
1.85874
1.85864
1.8588
1.85399
1.85383
1.85329
1.85423
1.84847
1.84836
1.8484
1.8484
1.84837
1.84358
1.84287
1.83811
1.83797
1.83264
1.82753
1.82341
1.8223
1.81788
1.82199
1.812
1.80807
1.79639
1.79249
1.78749
1.78614
1.78097
1.77665
1.77101
1.76611
1.76043
1.76067
1.74582
1.74057
1.73993
1.73498
1.72532
1.72378
1.71879
1.72005
1.70974
1.70849
1.70392
1.69804
1.69921
1.69817
1.69287
1.69441
1.68872
1.68288
1.68347
1.67836
1.67363
1.67675
1.67228
1.66695
1.66837
1.66343
1.66175
1.66289
1.66674
1.66619
1.66883
1.66833
1.66718
1.66734
1.66795
1.66755
1.66261
1.66242
1.66244
1.66257
1.66255
1.66212
1.66277
1.66246
1.66251
1.6625
1.65749
1.65723
1.65727
1.65739
1.65727
1.6575
1.65716
1.65229
1.65212
1.65217
1.65219
1.6522
1.65218
1.6522
1.64731
1.64688
1.64697
1.6373
1.63625
1.63646
1.63686
1.6368
1.64108
1.64626
1.65204
1.66179
1.66751
1.67827
1.69194
1.71374
1.7238
1.74451
1.75044
1.77058
1.78084
1.80658
1.81234
1.83141
1.84886
1.85277
1.86357
1.86856
1.87403
1.87886
1.87928
1.88459
1.88464
1.88424
1.88413
1.88492
1.87881
1.87943
1.87481
1.87377
1.86914
1.86893
1.86371
1.85919
1.85326
1.85293
1.84951
1.84446
1.84725
1.83376
1.83237
1.82833
1.82717
1.82184
1.82322
1.81823
1.81673
1.81794
1.81249
1.81208
1.80766
1.80668
1.8069
1.80726
1.80156
1.80263
1.7967
1.79657
1.79197
1.78694
1.78606
1.78625
1.78654
1.7859
1.78657
1.78139
1.78118
1.78182
1.77567
1.77616
1.77601
1.77641
1.77584
1.77042
1.77146
1.76598
1.76134
1.76005
1.75579
1.75522
1.75056
1.74999
1.751
1.74088
1.73929
1.73475
1.7348
1.73477
1.72997
1.72451
1.7196
1.71946
1.71438
1.70827
1.70409
1.70364
1.70393
1.69834
1.69895
1.67826
1.67824
1.67254
1.67301
1.66796
1.66799
1.66258
1.66258
1.65756
1.65717
1.65746
1.65728
1.65739
1.65742
1.65723
