1.61144
1.61043
1.60466
1.60703
1.60658
1.60022
1.60072
1.6005
1.60064
1.60108
1.59973
1.60624
1.60532
1.61611
1.62039
1.63083
1.63691
1.65202
1.66201
1.67256
1.68859
1.69743
1.71837
1.72931
1.74496
1.75458
1.76539
1.77053
1.78048
1.78636
1.80203
1.81152
1.82778
1.83218
1.83825
1.84875
1.8525
1.85779
1.86435
1.8696
1.86861
1.87459
1.87387
1.87439
1.87401
1.86882
1.86924
1.86986
1.86358
1.85932
1.85824
1.85364
1.8534
1.84341
1.84318
1.84317
1.83758
1.83405
1.82915
1.82667
1.82201
1.81847
1.81668
1.81144
1.81277
1.80211
1.80186
1.79683
1.79217
1.79118
1.78623
1.78695
1.78099
1.78192
1.77617
1.77606
1.77092
1.77091
1.76608
1.76995
1.76486
1.7665
1.7652
1.76543
1.76123
1.76679
1.76496
1.76527
1.76616
1.76549
1.76599
1.76562
1.76588
1.76545
1.76571
1.76095
1.76072
1.76061
1.75616
1.76006
1.75539
1.76035
1.75503
1.75131
1.74952
1.74604
1.74439
1.7457
1.73979
1.74006
1.7351
1.73448
1.73552
1.72935
1.72985
1.72503
1.72401
1.71867
1.72027
1.71448
1.7091
1.70879
1.70479
1.70296
1.69974
1.6998
1.69327
1.68854
1.68811
1.68408
1.68369
1.67831
1.67859
1.67272
1.66765
1.66769
1.66324
1.66193
1.66297
1.65747
1.66214
1.65202
1.65725
1.6519
1.65285
1.65123
1.64659
1.64204
1.63742
1.63615
1.63709
1.63683
1.6318
1.63178
1.63131
1.62692
1.62593
1.63158
1.62668
1.62609
1.62705
1.62687
1.6256
1.62028
1.62186
1.62075
1.62091
1.62177
1.61598
1.61617
1.61628
1.61094
1.61623
1.61553
1.61641
1.61586
1.61617
1.6161
1.61557
1.61648
1.61632
1.61583
1.616
1.6112
1.61105
1.61119
1.60625
1.61015
1.61146
1.60579
1.6056
1.60591
1.60142
1.60472
1.60613
1.60521
1.60122
1.60085
1.60037
1.60051
1.60056
1.601
1.59523
1.59545
1.59535
1.59545
1.59532
1.5961
1.59485
1.59509
1.59569
1.59023
1.59019
1.59016
1.59037
1.58967
1.58951
1.5907
1.59484
1.60078
1.60534
1.61034
1.61585
1.62549
1.63152
1.63629
1.65643
1.66252
1.67178
1.69206
1.70391
1.71892
1.72884
1.75047
1.75945
1.78012
1.78651
1.80184
1.80649
1.81675
1.82797
1.83691
1.84306
1.85263
1.86363
1.8685
1.8743
1.87456
1.87837
1.88323
1.88556
1.88542
1.88386
1.88501
1.88484
1.88387
1.87901
1.87964
1.87426
1.87412
1.86985
1.86951
1.86388
1.86444
1.8585
1.85372
1.85338
1.85413
1.84824
1.84891
1.84315
1.84325
1.84317
1.83766
1.83842
1.83328
1.83302
1.82802
1.82754
1.8228
1.82233
1.82281
1.81767
1.81746
1.8172
1.81765
1.81249
1.81199
1.81249
1.80694
1.80275
1.80243
1.80155
1.80216
1.79695
1.79651
1.797
1.7917
1.79642
1.79211
1.79186
1.79185
1.78642
1.78641
1.79135
1.78724
1.78585
1.78682
1.78659
1.78633
1.78647
1.78642
1.78644
1.78137
1.78626
1.78132
1.78124
1.7813
1.78176
1.78085
1.78167
1.77627
1.7759
1.77106
1.77093
1.76087
1.76493
1.76456
1.76176
1.75574
1.75046
1.7501
1.7448
1.74538
1.74082
1.74421
1.74046
1.73925
1.73564
1.73415
1.73528
1.72939
1.72491
1.72014
1.7187
1.71901
1.71993
1.71401
1.70969
1.70841
1.70395
1.70368
1.70358
1.69946
1.69946
1.69846
1.69294
1.6939
1.69334
1.6936
1.6881
1.68853
1.68346
1.67844
1.67791
1.67847
1.67324
1.6725
1.67284
1.67254
1.67257
1.66804
1.66754
1.66331
1.66184
1.662
1.66294
1.65798
1.66129
1.65902
1.65835
1.65657
1.65265
1.65227
1.65198
1.64615
1.64819
1.63755
1.63599
1.63177
1.63627
1.63103
1.63192
1.63123
1.62586
1.6268
1.62098
1.62134
1.62166
1.61595
1.62065
1.61616
1.61586
1.61582
1.61626
1.61645
1.61575
1.61625
1.61064
1.61113
1.60663
1.60992
1.60633
1.60534
1.6008
1.60521
1.59999
1.601
1.60082
1.60036
1.60514
1.60619
1.60534
1.61047
1.62079
1.6264
1.63074
1.64078
1.6521
1.66228
1.67242
1.69768
1.7185
1.72927
1.7343
1.75447
1.76554
1.78121
1.79103
1.8013
1.80683
1.81169
1.82239
1.83228
1.83781
1.84817
1.85302
1.86342
1.86912
1.8689
1.86918
1.87338
1.87484
1.87458
1.8739
1.87352
1.87478
1.8785
1.87815
1.87996
1.87434
1.87408
1.86984
1.86844
1.86947
1.86873
1.86484
1.86394
1.85941
1.85919
1.85875
1.8537
1.85301
1.84325
1.84325
1.84324
1.83839
1.8378
1.83826
1.83755
1.83807
1.83315
1.83271
1.82752
1.82791
1.82267
1.82246
1.81765
1.8172
1.81763
1.8172
1.81279
1.81174
1.81268
1.80712
1.80703
1.80136
1.8072
1.80213
1.80173
