1.60075
1.60043
1.60051
1.60022
1.60121
1.5958
1.59503
1.59506
1.59611
1.58943
1.59084
1.58483
1.59019
1.58488
1.58029
1.58457
1.57943
1.58024
1.57967
1.58049
1.57985
1.57491
1.57946
1.5845
1.58543
1.58929
1.59956
1.60572
1.62131
1.63044
1.64566
1.65733
1.67195
1.68277
1.69284
1.72365
1.74442
1.75494
1.76516
1.78041
1.79163
1.80716
1.81637
1.82672
1.83297
1.84214
1.85283
1.85849
1.86875
1.8737
1.87421
1.87898
1.88349
1.88538
1.88384
1.88905
1.89005
1.88406
1.88986
1.8845
1.88422
1.879
1.8796
1.87401
1.87437
1.86916
1.86897
1.8647
1.86445
1.85894
1.8592
1.85351
1.84864
1.84825
1.84848
1.84831
1.84363
1.84285
1.83848
1.83778
1.83315
1.83266
1.8331
1.83272
1.8286
1.82703
1.82806
1.82747
1.8227
1.82767
1.82226
1.82285
1.82278
1.82238
1.82267
1.82249
1.82246
1.82263
1.82258
1.823
1.8229
1.8174
1.82194
1.82198
1.82257
1.81807
1.82176
1.81662
1.81808
1.81277
1.80766
1.80671
1.80218
1.80161
1.80266
1.79081
1.78544
1.78191
1.78135
1.77636
1.77144
1.7705
1.76686
1.76131
1.76003
1.75034
1.75028
1.74472
1.74069
1.73608
1.73379
1.72597
1.72042
1.71888
1.71475
1.70998
1.70822
1.69928
1.69825
1.69401
1.69322
1.68834
1.68814
1.68375
1.6785
1.67758
1.67326
1.67255
1.67302
1.66806
1.66746
1.66284
1.66221
1.66228
1.66235
1.65814
1.65703
1.65203
1.65226
1.65217
1.64653
1.6474
1.64215
1.64175
1.6371
1.63216
1.63099
1.632
1.63114
1.62705
1.62577
1.62595
1.62714
1.62147
1.62098
1.6214
1.62105
1.62176
1.61594
1.61603
1.61604
1.61606
1.61089
1.61578
1.61053
1.61114
1.61143
1.61007
1.60608
1.60551
1.60002
1.6009
1.60109
1.59979
1.59944
1.60144
1.59538
1.5953
1.59549
1.59549
1.59084
1.59052
1.59004
1.59035
1.59069
1.58949
1.59045
1.58012
1.57975
1.58001
1.57995
1.57995
1.5795
1.57432
1.57998
1.57495
1.57929
1.5853
1.58514
1.5895
1.59995
1.61074
1.62097
1.63068
1.64188
1.66849
1.6759
1.70221
1.70931
1.74376
1.75532
1.77559
1.78588
1.81214
1.82164
1.83708
1.84812
1.86363
1.86894
1.87926
1.88433
1.88949
1.89471
1.8949
1.89973
1.89994
1.90971
1.91019
1.91049
1.91501
1.91581
1.91566
1.91054
1.9102
1.91067
1.91047
1.90576
1.90477
1.90545
1.905
1.90019
1.89986
1.89991
1.89521
1.89952
1.89435
1.89077
1.89024
1.88931
1.88473
1.88428
1.8799
1.88049
1.87367
1.87386
1.87489
1.86916
1.86415
1.86408
1.86335
1.86425
1.85831
1.85905
1.85342
1.85373
1.84844
1.84806
1.84328
1.84359
1.84275
1.84352
1.84313
1.83832
1.83794
1.83809
1.83799
1.83247
1.83328
1.83255
1.82721
1.82814
1.82842
1.82229
1.82323
1.81756
1.8173
1.81266
1.81248
1.81216
1.8021
1.80172
1.8021
1.79633
1.79226
1.78709
1.786
1.78129
1.77636
1.77147
1.77533
1.77049
1.77139
1.76111
1.76018
1.75552
1.75577
1.75031
1.7506
1.75012
1.74002
1.73984
1.7307
1.72883
1.72389
1.72482
1.71906
1.71479
1.70846
1.7094
1.70417
1.70394
1.69849
1.69919
1.69341
1.69351
1.69388
1.68837
1.68379
1.68275
1.67734
1.67844
1.66866
1.66692
1.66828
1.66197
1.66291
1.65698
1.65766
1.6571
1.65175
1.65252
1.6473
1.63713
1.63677
1.63658
1.63088
1.63246
1.62662
1.62175
1.62079
1.61616
1.62083
1.61558
1.61158
1.61129
1.61058
1.6111
1.60525
1.60094
1.60028
1.60052
1.6005
1.59584
1.5908
1.58987
1.59044
1.59027
1.59023
1.59057
1.58473
1.58465
1.58533
1.58467
1.58013
1.57997
1.57988
1.58035
1.57957
1.57567
1.57577
1.57397
1.57476
1.56985
1.56974
1.56988
1.5693
1.56369
1.56495
1.56402
1.56512
1.55862
1.55889
1.55952
1.55939
1.5588
1.55955
1.55936
1.56408
1.56438
1.57406
1.58448
1.58996
1.60014
1.61578
1.62595
1.65646
1.67729
1.68783
1.69761
1.71836
1.73416
1.76544
1.78016
1.80655
1.81673
1.8272
1.83749
1.84775
1.8582
1.86823
1.87896
1.88931
1.89442
1.90496
1.90488
1.9099
1.91011
1.91494
1.91555
1.91553
1.91501
1.90963
1.91095
1.90597
1.90449
1.90023
1.8999
1.89517
1.89486
1.89045
1.89026
1.88431
1.87987
1.87902
1.87896
1.87473
1.87384
1.87365
1.86965
1.86346
1.85927
1.8582
1.85347
1.85358
1.84322
1.84325
1.83839
1.83784
1.83304
1.83284
1.82841
1.82724
1.82269
1.82237
1.82284
1.8233
1.82156
1.81674
1.81828
1.81779
1.81716
1.81754
1.81786
1.81741
1.81247
1.80756
1.8067
1.80736
1.80156
1.80216
