1.62709
1.62127
1.62107
1.62095
1.62147
1.62121
1.6113
1.61062
1.61102
1.61081
1.61142
1.612
1.60551
1.6055
1.61111
1.61544
1.61457
1.62215
1.62725
1.63049
1.63683
1.64782
1.65579
1.66635
1.67797
1.69298
1.69834
1.70817
1.72374
1.73426
1.75001
1.75982
1.77529
1.78106
1.78598
1.80596
1.81639
1.81829
1.82821
1.83178
1.83822
1.84308
1.8478
1.85342
1.84916
1.84932
1.84765
1.84846
1.8483
1.84847
1.84933
1.84762
1.84791
1.84875
1.84873
1.84806
1.84867
1.84859
1.84821
1.84762
1.84417
1.84246
1.83767
1.83835
1.83248
1.82877
1.82775
1.82319
1.82218
1.82279
1.82246
1.81708
1.81767
1.81684
1.81337
1.81177
1.8126
1.81198
1.80764
1.80791
1.80158
1.80267
1.8013
1.8024
1.79664
1.80231
1.80252
1.80143
1.79748
1.80106
1.79774
1.80047
1.79564
1.80211
1.79661
1.80175
1.79636
1.80197
1.79658
1.79687
1.79667
1.79714
1.79194
1.79247
1.79098
1.79133
1.78693
1.78607
1.78627
1.78653
1.78121
1.78113
1.77661
1.77562
1.77126
1.77563
1.77043
1.76686
1.76059
1.76053
1.7552
1.75561
1.74999
1.74611
1.73936
1.74038
1.72951
1.73464
1.72925
1.73038
1.72026
1.71901
1.71948
1.71416
1.70925
1.70454
1.70326
1.70425
1.69905
1.69832
1.69275
1.69404
1.68826
1.68398
1.68251
1.68367
1.68277
1.67866
1.67847
1.67762
1.66744
1.67281
1.66339
1.66187
1.66296
1.65774
1.65705
1.65718
1.65747
1.65174
1.6525
1.65195
1.6524
1.64754
1.65112
1.64592
1.64781
1.64166
1.64196
1.64183
1.6366
1.64247
1.63655
1.63665
1.63715
1.63166
1.63139
1.63165
1.63143
1.63146
1.63159
1.6312
1.62736
1.63047
1.63233
1.63237
1.63088
1.63115
1.63182
1.63132
1.63187
1.62637
1.62152
1.62099
1.62111
1.62091
1.62141
1.62138
1.61614
1.61596
1.61581
1.61084
1.61089
1.61047
1.6106
1.61111
1.61102
1.61077
1.61082
1.60647
1.60514
1.60127
1.59594
1.59955
1.60124
1.60125
1.6006
1.60048
1.60621
1.60979
1.62078
1.62635
1.63651
1.6462
1.65727
1.67265
1.68231
1.70312
1.71366
1.72944
1.73947
1.75448
1.7703
1.78068
1.79604
1.80662
1.83288
1.83771
1.84798
1.85318
1.86388
1.86835
1.87947
1.88384
1.88467
1.88882
1.88908
1.89022
1.89016
1.89422
1.89572
1.89383
1.89113
1.89388
1.88956
1.88973
1.88965
1.88974
1.88962
1.88975
1.89005
1.88456
1.88451
1.88455
1.88498
1.88412
1.87981
1.87901
1.87925
1.87486
1.87488
1.86888
1.86913
1.86899
1.86906
1.86903
1.86424
1.86358
1.8589
1.8585
1.85852
1.85931
1.85819
1.85829
1.85418
1.85436
1.85288
1.85275
1.8494
1.84752
1.84823
1.84848
1.84295
1.84265
1.84371
1.8381
1.83804
1.83851
1.83348
1.83325
1.8278
1.82779
1.82768
1.82775
1.8277
1.82283
1.82237
1.81758
1.82173
1.81656
1.81773
1.81263
1.8071
1.80141
1.79722
1.7964
1.79222
1.78724
1.78126
1.77661
1.77124
1.77067
1.76594
1.7608
1.75662
1.75451
1.75042
1.75019
1.74525
1.73999
1.73958
1.7341
1.73044
1.72886
1.73021
1.72513
1.71903
1.71876
1.71975
1.71391
1.70983
1.70839
1.70938
1.70426
1.70346
1.69915
1.69829
1.6984
1.69886
1.69322
1.6937
1.68843
1.68821
1.68814
1.6837
1.68272
1.68353
1.6833
1.68302
1.68348
1.68292
1.67828
1.67336
1.67239
1.67322
1.67317
1.67257
1.6672
1.6685
1.66252
1.66258
1.6624
1.66264
1.66271
1.66226
1.65681
1.65781
1.65202
1.65234
1.65231
1.65208
1.64767
1.64651
1.64741
1.6415
1.64214
1.63723
1.63623
1.63679
1.63702
1.6313
1.62585
1.62682
1.62119
1.62125
1.62127
1.61591
1.61654
1.61674
1.61555
1.611
1.61564
1.61038
1.61128
1.61058
1.61071
1.61101
1.60611
1.60548
1.60567
1.60581
1.60073
1.6005
1.60053
1.60062
1.60003
1.60591
1.60545
1.6109
1.61561
1.62566
1.63184
1.64686
1.65152
1.67796
1.69815
1.70343
1.71833
1.73425
1.74406
1.75942
1.77129
1.78673
1.79556
1.80691
1.81668
1.8225
1.83822
1.84236
1.85285
1.86331
1.86891
1.87361
1.87383
1.8794
1.87928
1.88499
1.88418
1.88492
1.88904
1.88415
1.88972
1.88454
1.8844
1.88959
1.88435
1.8847
1.87905
1.87956
1.87984
1.8794
1.87405
1.87408
1.87428
1.86875
1.86932
1.86397
1.86378
1.8638
1.86394
1.85825
1.85903
1.85885
1.85907
1.85797
1.85447
1.85321
1.84933
1.84886
1.84805
1.84308
1.84327
1.84323
1.84337
1.83813
1.83792
1.83824
1.83796
1.83321
1.83309
1.83348
1.83247
1.82729
1.82805
1.82788
1.82803
1.82686
1.82885
1.82302
1.82266
