1.59043
1.59536
1.5905
1.59005
1.58987
1.5905
1.58492
1.58521
1.58519
1.58503
1.58022
1.57965
1.5801
1.57976
1.58025
1.57968
1.5804
1.57474
1.5747
1.57436
1.57511
1.5744
1.57504
1.57496
1.57456
1.57489
1.58013
1.58466
1.5894
1.59565
1.61139
1.61494
1.63036
1.64175
1.65083
1.66256
1.67177
1.68288
1.70813
1.71938
1.74473
1.75471
1.77542
1.7855
1.79649
1.81231
1.8214
1.84266
1.84807
1.85791
1.87319
1.8798
1.88495
1.88905
1.89459
1.89958
1.90514
1.90517
1.90521
1.91067
1.91044
1.90521
1.91002
1.90573
1.90474
1.90561
1.89991
1.895
1.89483
1.88972
1.88508
1.88423
1.88019
1.87927
1.87449
1.86958
1.86897
1.86429
1.85941
1.85328
1.84299
1.84351
1.83809
1.83268
1.82857
1.81808
1.81733
1.81194
1.80767
1.80173
1.80214
1.80168
1.79604
1.79729
1.79175
1.79142
1.78686
1.78612
1.78667
1.78623
1.78631
1.78651
1.78647
1.78639
1.78645
1.78644
1.78642
1.78642
1.78643
1.78642
1.78643
1.78642
1.78643
1.78642
1.78643
1.78643
1.78607
1.78651
1.78644
1.78131
1.78126
1.77564
1.7764
1.77038
1.76075
1.7606
1.75619
1.75487
1.75024
1.75076
1.74542
1.73961
1.74064
1.73533
1.72952
1.71947
1.71917
1.70889
1.70911
1.70887
1.70462
1.69871
1.69865
1.69391
1.6882
1.68804
1.68383
1.67772
1.67327
1.67253
1.66702
1.66324
1.65704
1.65265
1.65183
1.6467
1.64729
1.64201
1.63646
1.63199
1.63126
1.62701
1.62587
1.62675
1.62608
1.62179
1.62071
1.62163
1.62086
1.62149
1.61692
1.62027
1.61531
1.61656
1.61569
1.61628
1.6159
1.61613
1.61655
1.61564
1.61635
1.61581
1.61622
1.61649
1.61574
1.61593
1.61611
1.61605
1.61606
1.61602
1.61607
1.62091
1.61655
1.61661
1.61566
1.62156
1.62099
1.6213
1.62119
1.6216
1.6209
1.62102
1.62135
1.62128
1.62115
1.62124
1.62118
1.62087
1.62146
1.62135
1.6211
1.61639
1.62127
1.62113
1.62113
1.62128
1.62104
1.62645
1.63077
1.64659
1.65172
1.66207
1.67218
1.67776
1.69799
1.70846
1.72908
1.73936
1.77047
1.79629
1.80611
1.81702
1.83251
1.84212
1.85809
1.8689
1.88442
1.88913
1.89975
1.90988
1.91518
1.92577
1.93029
1.93626
1.94088
1.9466
1.94697
1.94606
1.94616
1.95165
1.95181
1.94661
1.9464
1.94146
1.94125
1.93565
1.9317
1.92597
1.92104
1.91594
1.90521
1.90077
1.8946
1.895
1.89041
1.8842
1.87958
1.87435
1.86916
1.86903
1.85885
1.85896
1.84853
1.84385
1.84308
1.8389
1.83742
1.83408
1.82826
1.82741
1.82286
1.82224
1.8229
1.82279
1.81753
1.81734
1.81741
1.81743
1.8178
1.81706
1.81759
1.81722
1.81769
1.81715
1.81722
1.81755
1.81733
1.81746
1.81744
1.81738
1.81295
1.81208
1.8074
1.80186
1.80194
1.79717
1.79195
1.78115
1.78114
1.77658
1.77082
1.76651
1.76035
1.76048
1.75134
1.74561
1.74036
1.735
1.73466
1.72958
1.72517
1.724
1.72033
1.71409
1.71419
1.70843
1.70417
1.6983
1.69894
1.69359
1.69339
1.68914
1.68809
1.68369
1.67829
1.67288
1.67275
1.66816
1.66366
1.65709
1.65758
1.65233
1.64787
1.6464
1.64264
1.63732
1.63145
1.62677
1.62597
1.62036
1.62186
1.62114
1.61665
1.61564
1.61589
1.6162
1.61607
1.6157
1.61667
1.61078
1.61089
1.61092
1.61088
1.61052
1.60593
1.60547
1.6059
1.60564
1.60055
1.60052
1.60061
1.6005
1.60026
1.59549
1.60027
1.60112
1.59569
1.59562
1.59552
1.59528
1.59555
1.59522
1.59523
1.59511
1.59519
1.59556
1.59558
1.59524
1.58983
1.58995
1.59005
1.5908
1.59026
1.59065
1.58985
1.58489
1.59008
1.58472
1.58539
1.58532
1.58965
1.60068
1.60974
1.61578
1.62556
1.64111
1.65133
1.6621
1.68293
1.69314
1.71882
1.72877
1.76558
1.78616
1.79584
1.80686
1.82748
1.8323
1.85317
1.85828
1.86839
1.87851
1.88485
1.88876
1.89563
1.89911
1.90448
1.90558
1.91075
1.9145
1.91628
1.91003
1.91551
1.91543
1.90988
1.91077
1.90996
1.9111
1.90489
1.90538
1.89961
1.89997
1.8898
1.88508
1.88418
1.88027
1.87387
1.87444
1.86494
1.85965
1.85352
1.84911
1.84255
1.84379
1.83795
1.8381
1.83324
1.82747
1.82343
1.82339
1.8175
1.81795
1.81248
1.81208
1.80701
1.80709
1.80194
1.80184
1.80205
1.80174
1.79764
1.80216
1.79684
1.79778
1.8012
1.80246
1.80186
1.80158
1.80175
1.80202
1.80201
1.80674
1.80628
1.80774
1.80752
1.80673
1.80687
1.80731
1.80227
1.80157
1.80223
1.79721
1.79644
1.79095
1.79202
1.78651
1.78625
1.78671
1.78127
1.77638
