1.65278
1.65167
1.64608
1.64777
1.64197
1.64191
1.63177
1.63137
1.63164
1.62651
1.62624
1.62146
1.621
1.62102
1.62136
1.61614
1.61594
1.61559
1.61601
1.61605
1.61159
1.61032
1.61112
1.61092
1.61089
1.61084
1.61125
1.61066
1.61015
1.60468
1.60653
1.60516
1.60008
1.60614
1.60042
1.60072
1.60073
1.60039
1.60043
1.60066
1.60047
1.6005
1.60058
1.60048
1.60064
1.60057
1.59561
1.59524
1.59565
1.59033
1.59031
1.59016
1.59027
1.59015
1.59482
1.59536
1.60021
1.61081
1.61092
1.63047
1.64166
1.65721
1.66631
1.68232
1.69801
1.71871
1.72906
1.73938
1.7707
1.79115
1.80126
1.80683
1.82728
1.83254
1.84823
1.85294
1.86395
1.87352
1.88355
1.88532
1.88871
1.8941
1.89537
1.90004
1.89956
1.90039
1.90024
1.89987
1.89991
1.9001
1.89561
1.89428
1.88947
1.89025
1.88009
1.87882
1.87357
1.8699
1.86383
1.86415
1.85884
1.85313
1.84937
1.84361
1.83808
1.83326
1.83256
1.82839
1.82275
1.81762
1.81308
1.81163
1.80714
1.80248
1.80192
1.79744
1.79626
1.79171
1.78679
1.78619
1.78598
1.7867
1.78112
1.78635
1.78173
1.78083
1.78651
1.78149
1.78106
1.78111
1.78139
1.78119
1.77586
1.77586
1.77589
1.77629
1.77666
1.77571
1.7715
1.76537
1.75987
1.76113
1.75566
1.75089
1.74979
1.74544
1.74494
1.74028
1.73968
1.73434
1.73516
1.7295
1.72498
1.72398
1.71411
1.71428
1.70956
1.70885
1.70432
1.699
1.69835
1.69337
1.68915
1.6833
1.67821
1.67291
1.66831
1.66309
1.66218
1.65766
1.65699
1.65286
1.64686
1.64223
1.64147
1.63608
1.63275
1.63059
1.63135
1.63207
1.62636
1.62642
1.62095
1.62143
1.62102
1.62073
1.62154
1.61576
1.61599
1.61604
1.61651
1.61637
1.61539
1.61173
1.61101
1.61082
1.61089
1.61051
1.61115
1.61143
1.61043
1.6103
1.61171
1.60562
1.61068
1.6062
1.60604
1.60546
1.60046
1.60072
1.59986
1.60112
1.59611
1.59478
1.59497
1.59573
1.59068
1.58987
1.58506
1.58515
1.58515
1.58499
1.58501
1.58511
1.58991
1.58943
1.59558
1.60589
1.61494
1.6202
1.63124
1.64114
1.65692
1.66732
1.70278
1.72358
1.73447
1.7447
1.7648
1.77582
1.80555
1.8334
1.85799
1.86853
1.87893
1.88413
1.90001
1.90525
1.90962
1.91483
1.91592
1.91524
1.91579
1.91522
1.91004
1.91024
1.90516
1.90069
1.89953
1.90035
1.89465
1.89063
1.89044
1.88457
1.87902
1.87489
1.86996
1.86377
1.86399
1.85912
1.85877
1.84879
1.84814
1.84304
1.84326
1.83883
1.83384
1.83206
1.82867
1.82373
1.8217
1.8232
1.81738
1.8175
1.81798
1.81698
1.81264
1.80735
1.8068
1.80683
1.80737
1.8014
1.80183
1.80196
1.80192
1.80235
1.79708
1.79645
1.79738
1.7914
1.79185
1.7914
1.78583
1.78685
1.78614
1.7864
1.78148
1.77649
1.77578
1.77108
1.77082
1.76144
1.76
1.7555
1.75532
1.75003
1.74573
1.73901
1.7358
1.73532
1.72995
1.72384
1.72045
1.71506
1.71343
1.708
1.70527
1.69979
1.69776
1.69488
1.68899
1.68789
1.68236
1.68378
1.67776
1.67821
1.67301
1.67292
1.66834
1.66811
1.66252
1.66259
1.66241
1.65738
1.65742
1.65726
1.65273
1.65295
1.64674
1.64726
1.64182
1.64187
1.63702
1.63644
1.63647
1.63208
1.63195
1.63116
1.63185
1.63175
1.62647
1.63126
1.63185
1.62645
1.62627
1.6269
1.62591
1.62151
1.62595
1.62183
1.62079
1.62099
1.62136
1.61596
1.62133
1.61644
1.61573
1.61667
1.61562
1.61632
1.61552
1.61035
1.61617
1.61071
1.61102
1.61097
1.61082
1.61093
1.61587
1.61606
1.62071
1.62658
1.63099
1.64054
1.64726
1.67185
1.69879
1.72965
1.73842
1.75946
1.77036
1.79091
1.80145
1.80667
1.82695
1.83274
1.84834
1.85736
1.86817
1.87935
1.89471
1.89489
1.90052
1.90933
1.90998
1.91552
1.91506
1.91583
1.91085
1.91031
1.91071
1.91045
1.91066
1.90506
1.90048
1.89587
1.89409
1.88915
1.88477
1.87967
1.87921
1.87945
1.87387
1.87007
1.86494
1.85808
1.85392
1.85314
1.84322
1.84377
1.83846
1.83804
1.83229
1.82892
1.82679
1.8269
1.82346
1.81772
1.81713
1.81233
1.81712
1.81272
1.81242
1.80726
1.80689
1.80722
1.80715
1.80703
1.80754
1.80691
1.80197
1.80195
1.8015
1.80171
1.80203
1.80193
1.80192
1.80189
1.80219
1.79657
1.79694
1.79236
1.79095
1.79211
1.78648
1.78638
1.78066
1.78217
1.77608
1.77615
1.77118
1.76578
1.76082
1.75608
1.75505
1.74555
1.74523
1.73993
1.74033
1.73507
1.72978
1.71883
1.70852
1.70892
1.70365
1.69944
1.69512
1.6923
1.68989
1.68954
