1.65199
1.6472
1.6517
1.64111
1.64259
1.64141
1.64224
1.63664
1.6323
1.63196
1.63121
1.62633
1.62633
1.62628
1.62653
1.62118
1.62117
1.62112
1.62138
1.62062
1.62073
1.62119
1.61588
1.61621
1.61612
1.616
1.61607
1.61607
1.61636
1.61106
1.61078
1.61052
1.61113
1.6061
1.60602
1.60067
1.60042
1.60068
1.60529
1.61088
1.61604
1.62043
1.63118
1.64157
1.65729
1.66711
1.67776
1.69778
1.70828
1.72928
1.7441
1.77642
1.78479
1.80602
1.81718
1.83321
1.8423
1.87381
1.8842
1.88921
1.89472
1.89978
1.90467
1.90983
1.91519
1.91553
1.92041
1.91517
1.92062
1.91522
1.91573
1.91532
1.90989
1.91073
1.90537
1.90503
1.9003
1.89484
1.89498
1.89026
1.88918
1.88389
1.88059
1.87551
1.87309
1.87067
1.85814
1.85333
1.85384
1.84842
1.84272
1.84358
1.83326
1.83261
1.83253
1.82865
1.82769
1.82291
1.82228
1.8173
1.81751
1.8175
1.81732
1.81734
1.81753
1.81765
1.81265
1.81191
1.81196
1.81248
1.80759
1.80701
1.80721
1.80726
1.80689
1.80733
1.8073
1.80288
1.80603
1.80307
1.80099
1.80266
1.79606
1.79638
1.79254
1.79211
1.78631
1.78645
1.78683
1.78163
1.78147
1.77632
1.77154
1.77038
1.76483
1.76169
1.75977
1.75625
1.74591
1.74462
1.74062
1.74042
1.73469
1.72918
1.72558
1.72031
1.71408
1.70962
1.70852
1.70489
1.69961
1.69789
1.69275
1.69407
1.6884
1.6835
1.68283
1.67902
1.6772
1.67373
1.67365
1.66742
1.6682
1.66734
1.66796
1.66262
1.65782
1.65267
1.6519
1.65237
1.64781
1.6464
1.64186
1.63693
1.63651
1.63177
1.63135
1.63168
1.62654
1.62627
1.62678
1.6212
1.62168
1.61594
1.61615
1.61595
1.61615
1.61555
1.6103
1.61133
1.61113
1.60626
1.60525
1.60615
1.60533
1.6016
1.60011
1.60087
1.59546
1.59491
1.60024
1.59495
1.59573
1.596
1.59532
1.59468
1.5914
1.58957
1.59028
1.59008
1.5904
1.59037
1.59013
1.5902
1.59024
1.59023
1.59024
1.59029
1.59029
1.58974
1.58453
1.58547
1.58475
1.59028
1.59565
1.60011
1.60568
1.61021
1.61582
1.62555
1.64641
1.6674
1.67723
1.71319
1.72424
1.7494
1.76024
1.78084
1.79083
1.82215
1.83217
1.848
1.85792
1.87404
1.88367
1.89431
1.90009
1.9044
1.90943
1.91552
1.92089
1.92488
1.92662
1.92518
1.92635
1.92578
1.9259
1.92074
1.92057
1.91576
1.91526
1.9109
1.90589
1.90461
1.90005
1.89992
1.89437
1.89049
1.88895
1.88363
1.88529
1.87431
1.87417
1.86952
1.86375
1.86404
1.8588
1.85919
1.85863
1.85307
1.84955
1.84741
1.84439
1.84223
1.84404
1.83832
1.83296
1.83287
1.83292
1.82724
1.82807
1.82679
1.82805
1.82278
1.82243
1.8225
1.82267
1.82273
1.82284
1.81752
1.81732
1.81743
1.81259
1.81677
1.8115
1.81293
1.80596
1.80353
1.79788
1.79108
1.78609
1.78177
1.77697
1.77552
1.77058
1.76663
1.76524
1.76055
1.76103
1.75062
1.74511
1.73579
1.73356
1.72917
1.73037
1.71412
1.71416
1.70421
1.69908
1.69358
1.68857
1.67838
1.67282
1.67292
1.66234
1.66269
1.65227
1.65223
1.64214
1.64162
1.63634
1.63702
1.63194
1.6272
1.6258
1.62117
1.62163
1.62138
1.62154
1.62133
1.61611
1.62081
1.62133
1.61621
1.62081
1.62019
1.61746
1.62008
1.62056
1.62204
1.6216
1.62095
1.62136
1.62169
1.62077
1.62056
1.62178
1.62684
1.62593
1.62677
1.6266
1.62133
1.62129
1.62114
1.62116
1.62124
1.62161
1.62151
1.62138
1.62143
1.62104
1.61563
1.61633
1.61585
1.61617
1.61597
1.61608
1.6161
1.616
1.61601
1.61607
1.61602
1.61606
1.61603
1.61605
1.61569
1.61628
1.61131
1.61544
1.61086
1.61581
1.6166
1.61625
1.61594
1.61058
1.61154
1.61035
1.60511
1.60621
1.60118
1.60012
1.60502
1.60609
1.61538
1.62088
1.63591
1.64176
1.66258
1.67174
1.70367
1.71799
1.74426
1.75959
1.78533
1.79653
1.84258
1.86858
1.87383
1.89442
1.90455
1.91002
1.93016
1.93612
1.94112
1.95121
1.9566
1.95694
1.96235
1.96164
1.9671
1.9671
1.96716
1.96758
1.96682
1.95708
1.95699
1.95179
1.9516
1.94638
1.94185
1.94094
1.93141
1.92581
1.92048
1.9163
1.9114
1.90473
1.90046
1.89481
1.89028
1.88972
1.88477
1.87933
1.87944
1.86921
1.8644
1.85838
1.85853
1.85306
1.84917
1.84447
1.84222
1.83818
1.83802
1.83774
1.83301
1.83291
1.83291
1.83329
1.82798
1.83242
1.83212
1.82859
1.82819
1.82741
1.82759
1.82747
1.82791
1.82746
1.82792
1.82292
1.82726
1.82844
1.82244
1.82268
1.81784
1.817
1.81284
1.8078
1.80691
