1.60525
1.60615
1.60533
1.6016
1.60011
1.60087
1.59546
1.59491
1.60024
1.59495
1.59573
1.596
1.59532
1.59468
1.5914
1.58957
1.59028
1.59008
1.5904
1.59037
1.59013
1.5902
1.59024
1.59023
1.59024
1.59029
1.59029
1.58974
1.58453
1.58547
1.58475
1.59028
1.59565
1.60011
1.60568
1.61021
1.61582
1.62555
1.64641
1.6674
1.67723
1.71319
1.72424
1.7494
1.76024
1.78084
1.79083
1.82215
1.83217
1.848
1.85792
1.87404
1.88367
1.89431
1.90009
1.9044
1.90943
1.91552
1.92089
1.92488
1.92662
1.92518
1.92635
1.92578
1.9259
1.92074
1.92057
1.91576
1.91526
1.9109
1.90589
1.90461
1.90005
1.89992
1.89437
1.89049
1.88895
1.88363
1.88529
1.87431
1.87417
1.86952
1.86375
1.86404
1.8588
1.85919
1.85863
1.85307
1.84955
1.84741
1.84439
1.84223
1.84404
1.83832
1.83296
1.83287
1.83292
1.82724
1.82807
1.82679
1.82805
1.82278
1.82243
1.8225
1.82267
1.82273
1.82284
1.81752
1.81732
1.81743
1.81259
1.81677
1.8115
1.81293
1.80596
1.80353
1.79788
1.79108
1.78609
1.78177
1.77697
1.77552
1.77058
1.76663
1.76524
1.76055
1.76103
1.75062
1.74511
1.73579
1.73356
1.72917
1.73037
1.71412
1.71416
1.70421
1.69908
1.69358
1.68857
1.67838
1.67282
1.67292
1.66234
1.66269
1.65227
1.65223
1.64214
1.64162
1.63634
1.63702
1.63194
1.6272
1.6258
1.62117
1.62163
1.62138
1.62154
1.62133
1.61611
1.62081
1.62133
1.61621
1.62081
1.62019
1.61746
1.62008
1.62056
1.62204
1.6216
1.62095
1.62136
1.62169
1.62077
1.62056
1.62178
1.62684
1.62593
1.62677
1.6266
1.62133
1.62129
1.62114
1.62116
1.62124
1.62161
1.62151
1.62138
1.62143
1.62104
1.61563
1.61633
1.61585
1.61617
1.61597
1.61608
1.6161
1.616
1.61601
1.61607
1.61602
1.61606
1.61603
1.61605
1.61569
1.61628
1.61131
1.61544
1.61086
1.61581
1.6166
1.61625
1.61594
1.61058
1.61154
1.61035
1.60511
1.60621
1.60118
1.60012
1.60502
1.60609
1.61538
1.62088
1.63591
1.64176
1.66258
1.67174
1.70367
1.71799
1.74426
1.75959
1.78533
1.79653
1.84258
1.86858
1.87383
1.89442
1.90455
1.91002
1.93016
1.93612
1.94112
1.95121
1.9566
1.95694
1.96235
1.96164
1.9671
1.9671
1.96716
1.96758
1.96682
1.95708
1.95699
1.95179
1.9516
1.94638
1.94185
1.94094
1.93141
1.92581
1.92048
1.9163
1.9114
1.90473
1.90046
1.89481
1.89028
1.88972
1.88477
1.87933
1.87944
1.86921
1.8644
1.85838
1.85853
1.85306
1.84917
1.84447
1.84222
1.83818
1.83802
1.83774
1.83301
1.83291
1.83291
1.83329
1.82798
1.83242
1.83212
1.82859
1.82819
1.82741
1.82759
1.82747
1.82791
1.82746
1.82792
1.82292
1.82726
1.82844
1.82244
1.82268
1.81784
1.817
1.81284
1.8078
1.80691
1.80275
1.80279
1.79643
1.79149
1.7916
1.78097
1.77658
1.77616
1.77081
1.77098
1.76093
1.76082
1.75513
1.75118
1.74968
1.74622
1.74437
1.74082
1.736
1.73387
1.72897
1.73049
1.72456
1.71953
1.71455
1.71393
1.70937
1.70338
1.69938
1.69345
1.69354
1.6886
1.68332
1.68274
1.68305
1.67753
1.67363
1.67346
1.67273
1.66736
1.66791
1.6675
1.66208
1.66323
1.66186
1.66308
1.65751
1.65197
1.65198
1.65235
1.65222
1.65261
1.6518
1.65214
1.64738
1.64246
1.64139
1.64159
1.64172
1.63618
1.6371
1.63213
1.63587
1.63096
1.63197
1.63177
1.63103
1.62694
1.62654
1.62632
1.62126
1.62599
1.61624
1.62078
1.617
1.61581
1.61049
1.61154
1.6112
1.60585
1.60557
1.6055
1.60636
1.60054
1.6005
1.60044
1.60068
1.60044
1.60511
1.6062
1.6098
1.61584
1.62594
1.64664
1.65657
1.67188
1.68288
1.70334
1.7135
1.72875
1.74902
1.76019
1.7857
1.79139
1.81224
1.82638
1.84724
1.85417
1.86224
1.87743
1.8853
1.90018
1.90435
1.91449
1.91631
1.92638
1.93023
1.93154
1.93584
1.93603
1.93622
1.93089
1.93097
1.93098
1.92531
1.92035
1.9213
1.92026
1.91034
1.91024
1.90465
1.90086
1.8953
1.89447
1.89037
1.88007
1.87914
1.87383
1.86967
1.86373
1.86396
1.85398
1.84832
1.84377
1.84288
1.83795
1.83849
1.83294
1.82723
1.82245
1.8227
1.82243
1.82245
1.8231
1.8221
1.82224
1.82283
1.82242
1.82255
1.82744
1.82796
1.8275
1.8283
1.82724
1.82739
1.82767
1.82774
1.82284
1.82271
1.8229
1.81805
1.81682
1.81303
1.81241
1.80765
1.80744
1.80229
1.79592
1.79256
1.79088
1.78601
1.78215
1.77709
1.77547
1.77047
1.76642
1.76084
1.75507
1.75613
1.74008
1.73984
1.73561
