1.68368
1.68319
1.67831
1.67773
1.67823
1.67746
1.67808
1.67265
1.67302
1.67298
1.66826
1.66795
1.6675
1.66778
1.66726
1.66314
1.66222
1.66238
1.65826
1.65668
1.65786
1.65756
1.65722
1.6526
1.65189
1.65197
1.65196
1.64751
1.64817
1.64611
1.64201
1.64176
1.64197
1.63715
1.63635
1.63166
1.63146
1.62636
1.62633
1.6206
1.62172
1.61623
1.61587
1.61624
1.61587
1.61591
1.62103
1.62627
1.62603
1.64106
1.65185
1.66229
1.67191
1.69264
1.70352
1.72407
1.73414
1.74414
1.76977
1.7763
1.79725
1.80562
1.81751
1.83825
1.84716
1.87428
1.88928
1.8945
1.9049
1.91026
1.91525
1.92017
1.9259
1.93151
1.93509
1.94147
1.93671
1.93646
1.93594
1.93606
1.93176
1.93137
1.92628
1.92584
1.92623
1.92065
1.91586
1.91028
1.91051
1.90566
1.90491
1.90041
1.89539
1.89449
1.88415
1.88518
1.87962
1.87476
1.86811
1.86453
1.85976
1.85796
1.8539
1.85326
1.84807
1.84899
1.84311
1.8432
1.84317
1.8376
1.83848
1.83768
1.8327
1.83309
1.83306
1.83283
1.82808
1.82746
1.82757
1.82785
1.8278
1.82767
1.82761
1.82828
1.82724
1.82241
1.82798
1.82249
1.82263
1.82225
1.81796
1.81689
1.81744
1.81197
1.8129
1.80766
1.8021
1.79646
1.79738
1.78677
1.78628
1.78105
1.78137
1.77136
1.7662
1.76139
1.76049
1.75561
1.75047
1.74562
1.74021
1.73984
1.73519
1.73439
1.72405
1.72531
1.71991
1.71388
1.71447
1.70931
1.70341
1.69905
1.69354
1.68909
1.68286
1.68282
1.67903
1.67378
1.67218
1.6675
1.6631
1.66194
1.65823
1.6566
1.65238
1.65209
1.64739
1.64665
1.6478
1.64211
1.63687
1.63201
1.63119
1.63095
1.62714
1.62078
1.62145
1.62168
1.61557
1.62132
1.61623
1.61109
1.61071
1.61073
1.60603
1.60543
1.60642
1.60034
1.60074
1.60069
1.60011
1.59573
1.59518
1.596
1.5909
1.59456
1.5905
1.59
1.58562
1.58468
1.58496
1.58508
1.58504
1.58031
1.57985
1.57965
1.58019
1.57984
1.57987
1.57992
1.58979
1.59497
1.60524
1.61581
1.63061
1.64156
1.65666
1.6676
1.67658
1.71381
1.74946
1.76515
1.78552
1.79635
1.82224
1.83212
1.85252
1.85882
1.87928
1.88416
1.8946
1.90504
1.91491
1.92566
1.93051
1.93658
1.94024
1.94215
1.94623
1.9467
1.9515
1.94691
1.94625
1.94664
1.94168
1.94107
1.9364
1.93594
1.9307
1.92572
1.92133
1.92061
1.91078
1.91004
1.90541
1.90534
1.89461
1.89015
1.87931
1.87947
1.87427
1.86967
1.85876
1.85867
1.84829
1.83853
1.83779
1.83235
1.83322
1.82723
1.82824
1.82271
1.82243
1.81738
1.81745
1.81734
1.81776
1.81709
1.81152
1.81278
1.81294
1.80687
1.80725
1.80718
1.80176
1.80246
1.80145
1.8016
1.80215
1.80217
1.79676
1.79637
1.79711
1.79156
1.78629
1.78657
1.78108
1.78094
1.78189
1.7759
1.77634
1.77625
1.77064
1.76643
1.7615
1.75986
1.75573
1.75523
1.75072
1.74595
1.74457
1.73918
1.74052
1.73049
1.72889
1.72344
1.72043
1.71498
1.71355
1.70943
1.70857
1.70488
1.69964
1.69743
1.69304
1.6938
1.68904
1.68783
1.68866
1.68367
1.68272
1.68355
1.67793
1.67809
1.67296
1.67239
1.67314
1.66775
1.66765
1.66771
1.66189
1.66213
1.66281
1.66193
1.66233
1.65724
1.65771
1.65768
1.65705
1.65753
1.6572
1.6569
1.65766
1.65748
1.65728
1.65741
1.65725
1.65745
1.66251
1.66259
1.66311
1.66196
1.66287
1.66221
1.66232
1.66266
1.66258
1.6625
1.6674
1.66223
1.66766
1.66266
1.66719
1.6619
1.66302
1.6619
1.65848
1.65796
1.65695
1.65765
1.65217
1.65211
1.65192
1.65233
1.64706
1.64746
1.64183
1.6423
1.64224
1.64154
1.64653
1.64734
1.65723
1.662
1.67807
1.68227
1.69288
1.70836
1.71857
1.73406
1.74478
1.76634
1.77502
1.78617
1.80657
1.81683
1.83253
1.84247
1.853
1.86321
1.86922
1.88916
1.9
1.89993
1.91013
1.91499
1.92011
1.92065
1.92046
1.92091
1.92091
1.92044
1.92086
1.92083
1.91568
1.91074
1.91009
1.90513
1.9004
1.89966
1.89492
1.89482
1.885
1.88412
1.87351
1.87515
1.86904
1.86422
1.85964
1.85447
1.84927
1.84277
1.8428
1.8388
1.83189
1.82793
1.82749
1.82798
1.82796
1.82747
1.82693
1.82321
1.82781
1.82286
1.82228
1.8277
1.82824
1.82768
1.82706
1.82824
1.82754
1.82765
1.82821
1.82789
1.82757
1.82223
1.82771
1.82232
1.82729
1.81647
1.81806
1.8125
1.80761
1.80709
1.79684
1.79702
1.7868
1.78611
1.77547
1.77179
1.76617
1.76553
1.7602
1.75614
1.75039
1.74543
1.74043
1.73546
1.73465
1.7247
