1.63158
1.62578
1.62728
1.62081
1.6215
1.621
1.61568
1.6212
1.61158
1.61517
1.60959
1.61196
1.61124
1.61056
1.60977
1.60692
1.60479
1.6004
1.60093
1.60053
1.60068
1.59629
1.59958
1.59634
1.59572
1.59524
1.59543
1.59085
1.59563
1.59518
1.59069
1.59481
1.59097
1.58965
1.58982
1.59056
1.58996
1.58563
1.58461
1.5854
1.58485
1.58073
1.57933
1.58008
1.57443
1.57475
1.57483
1.5746
1.57491
1.57421
1.57514
1.57496
1.57947
1.58466
1.59019
1.59025
1.60547
1.61528
1.63044
1.64161
1.65659
1.66727
1.69335
1.71388
1.73456
1.74905
1.76928
1.7816
1.79061
1.80637
1.82188
1.83242
1.84251
1.85801
1.86857
1.87902
1.88446
1.88454
1.89444
1.89961
1.90462
1.90554
1.90519
1.905
1.90484
1.90549
1.90023
1.89983
1.89999
1.8951
1.88968
1.88485
1.87996
1.87926
1.86899
1.86459
1.86336
1.85368
1.85349
1.84298
1.83785
1.83366
1.83241
1.82838
1.82225
1.81775
1.81817
1.81188
1.80811
1.80321
1.80095
1.80184
1.79663
1.79695
1.79692
1.79661
1.79684
1.79643
1.79667
1.80157
1.80267
1.80124
1.8063
1.80727
1.80718
1.81189
1.80739
1.80685
1.80697
1.80715
1.80714
1.80659
1.80145
1.80222
1.79723
1.79636
1.79692
1.79214
1.79117
1.78569
1.78739
1.77711
1.78026
1.76971
1.77223
1.76134
1.75561
1.75531
1.7451
1.74521
1.73982
1.73516
1.73048
1.72905
1.72521
1.71401
1.70869
1.69994
1.69765
1.68786
1.68871
1.67765
1.66754
1.66781
1.66801
1.65766
1.65705
1.65136
1.65284
1.6469
1.64229
1.63738
1.6361
1.6373
1.62702
1.63063
1.62482
1.62756
1.61684
1.61646
1.61087
1.6108
1.61097
1.61122
1.60562
1.60583
1.60015
1.59594
1.59536
1.59547
1.5905
1.58999
1.59048
1.59043
1.58508
1.58499
1.58493
1.58563
1.57975
1.57982
1.57995
1.57991
1.57988
1.57958
1.57436
1.57501
1.57487
1.57465
1.56991
1.57414
1.57038
1.56892
1.5701
1.56917
1.5644
1.56442
1.56441
1.5596
1.56377
1.56418
1.56464
1.57447
1.57938
1.59503
1.60509
1.63598
1.6466
1.66766
1.68185
1.72393
1.73378
1.7751
1.79609
1.81145
1.83257
1.84693
1.86317
1.87369
1.88348
1.89934
1.90982
1.91998
1.92566
1.93107
1.93542
1.9416
1.94157
1.94589
1.95096
1.95135
1.95225
1.94636
1.94643
1.94694
1.93642
1.93606
1.931
1.93092
1.92666
1.9216
1.91992
1.91452
1.91628
1.90607
1.90453
1.90564
1.90057
1.89478
1.88456
1.88427
1.88023
1.87875
1.87342
1.87472
1.86404
1.86403
1.85899
1.85847
1.85933
1.85365
1.85349
1.8481
1.84415
1.84378
1.8428
1.83874
1.83749
1.83853
1.83766
1.83285
1.83785
1.83242
1.8332
1.83783
1.83354
1.83226
1.83237
1.83335
1.8284
1.8272
1.82798
1.82755
1.82317
1.82168
1.82194
1.82316
1.81757
1.81785
1.81216
1.81249
1.80725
1.80197
1.79734
1.78703
1.78594
1.77617
1.77607
1.76614
1.7611
1.7557
1.75077
1.74507
1.74024
1.73489
1.72914
1.7252
1.71471
1.70889
1.709
1.69812
1.69425
1.68914
1.68285
1.67892
1.67289
1.67277
1.66766
1.66283
1.66223
1.65233
1.65216
1.64747
1.64663
1.6429
1.63661
1.63678
1.63662
1.63114
1.62707
1.62195
1.6207
1.62154
1.61654
1.61565
1.61635
1.61178
1.61018
1.61089
1.60603
1.60544
1.60056
1.60064
1.59577
1.59551
1.59555
1.59522
1.59556
1.59023
1.58971
1.58968
1.59074
1.59027
1.58533
1.58485
1.58523
1.58458
1.58505
1.57939
1.58026
1.58006
1.5798
1.58039
1.57968
1.57519
1.57499
1.56974
1.56945
1.56967
1.57005
1.56438
1.56487
1.55918
1.55957
1.55417
1.5545
1.55418
1.54953
1.54919
1.54876
1.54931
1.54856
1.54826
1.54949
1.55333
1.55808
1.5646
1.57932
1.58471
1.59469
1.61541
1.62538
1.64609
1.66198
1.68761
1.70262
1.72262
1.73513
1.74877
1.77532
1.78596
1.80618
1.81713
1.8432
1.84757
1.85841
1.87419
1.8786
1.8939
1.90043
1.91014
1.91042
1.91522
1.91552
1.91499
1.92017
1.92073
1.92055
1.92052
1.9208
1.91511
1.91088
1.91048
1.9055
1.90546
1.90012
1.89989
1.89567
1.89423
1.89574
1.8851
1.88406
1.87368
1.87464
1.87383
1.86315
1.86441
1.85312
1.84767
1.84408
1.84254
1.8325
1.83322
1.82249
1.82271
1.81795
1.81689
1.81156
1.8128
1.80655
1.80223
1.80173
1.80156
1.80243
1.8015
1.79625
1.79716
1.79663
1.79721
1.79739
1.79707
1.79654
1.7967
1.79684
1.79694
1.79169
1.79154
1.79212
1.78753
1.78106
1.78111
1.77657
1.77572
1.77193
1.7702
1.77147
1.76124
1.76017
1.75053
1.7501
1.74554
