1.59066
1.58993
1.5901
1.5903
1.59024
1.59023
1.59022
1.59028
1.59054
1.58471
1.58532
1.58561
1.58017
1.57969
1.58042
1.57581
1.57393
1.57534
1.57548
1.56969
1.57015
1.56912
1.5693
1.56454
1.56938
1.56484
1.56445
1.55958
1.56389
1.55874
1.5597
1.55444
1.55375
1.55474
1.54902
1.54929
1.54372
1.54381
1.53814
1.53403
1.53307
1.53351
1.53336
1.53353
1.53783
1.54832
1.5539
1.57894
1.59393
1.61073
1.63646
1.65064
1.69291
1.71253
1.73836
1.75493
1.78612
1.80079
1.84291
1.8576
1.8785
1.89377
1.92055
1.92514
1.94075
1.94621
1.96164
1.96755
1.97122
1.97773
1.97718
1.97182
1.97273
1.97262
1.96714
1.96213
1.96178
1.95627
1.95285
1.9419
1.94087
1.93656
1.93584
1.9316
1.92643
1.92084
1.91497
1.91147
1.90949
1.9006
1.89486
1.89007
1.88479
1.87941
1.87935
1.8739
1.8696
1.85946
1.85855
1.8542
1.85301
1.84902
1.84802
1.84275
1.84344
1.83801
1.83812
1.83805
1.83808
1.83803
1.83803
1.83809
1.8376
1.83891
1.83382
1.83701
1.83223
1.83371
1.8283
1.82776
1.8277
1.82777
1.82268
1.82209
1.81733
1.81747
1.81178
1.80811
1.80635
1.80174
1.79715
1.78669
1.78662
1.77591
1.77667
1.77564
1.76587
1.76126
1.75041
1.74506
1.74067
1.73498
1.73009
1.72476
1.71366
1.70828
1.705
1.69813
1.69275
1.68918
1.68394
1.67774
1.67253
1.6686
1.65717
1.65747
1.65222
1.65214
1.64218
1.6417
1.63121
1.6318
1.62662
1.62138
1.61597
1.61656
1.61078
1.61095
1.60603
1.60103
1.60026
1.59565
1.59522
1.59551
1.59532
1.59064
1.58987
1.59039
1.58972
1.58516
1.58492
1.58466
1.58058
1.58038
1.57951
1.57397
1.57534
1.57479
1.57471
1.57476
1.57015
1.5741
1.56998
1.5691
1.56954
1.56942
1.56488
1.56517
1.55896
1.55879
1.55959
1.55901
1.55887
1.55509
1.55476
1.55353
1.55373
1.54957
1.54835
1.54844
1.54935
1.54441
1.54812
1.54297
1.5444
1.53846
1.53819
1.53819
1.53855
1.54431
1.54777
1.55804
1.56461
1.57399
1.58939
1.60049
1.62082
1.63532
1.66123
1.67721
1.6875
1.71808
1.73443
1.76529
1.78027
1.79581
1.8223
1.8369
1.85802
1.87346
1.90474
1.91477
1.93006
1.94105
1.95143
1.9562
1.96697
1.96726
1.97294
1.97625
1.978
1.97779
1.9768
1.97178
1.97262
1.97281
1.9671
1.96745
1.96238
1.96165
1.95628
1.95244
1.94648
1.94198
1.94087
1.9321
1.92584
1.92107
1.9158
1.9107
1.90568
1.90078
1.89939
1.88964
1.8898
1.88474
1.87893
1.8797
1.8696
1.86868
1.8632
1.85947
1.85898
1.85376
1.85331
1.84853
1.84823
1.84346
1.8478
1.84272
1.83813
1.83804
1.838
1.83848
1.8377
1.8371
1.8343
1.83367
1.83241
1.82736
1.82348
1.82187
1.82307
1.81786
1.81714
1.81242
1.80717
1.8025
1.80199
1.79727
1.7868
1.7816
1.77646
1.77137
1.76615
1.76552
1.75536
1.75548
1.74081
1.73447
1.73502
1.72485
1.71926
1.71489
1.70981
1.70347
1.69966
1.69443
1.69273
1.68269
1.67868
1.67352
1.67229
1.65788
1.65322
1.64691
1.63657
1.6368
1.63104
1.6319
1.62174
1.61599
1.61181
1.61012
1.60489
1.6064
1.60049
1.60545
1.60013
1.60089
1.60029
1.59954
1.59602
1.5953
1.59599
1.59049
1.59036
1.59014
1.5902
1.58579
1.58512
1.58461
1.58542
1.58527
1.58491
1.58499
1.58519
1.58454
1.58444
1.58065
1.5803
1.57963
1.57532
1.57875
1.57514
1.57404
1.5695
1.56918
1.56918
1.56994
1.56446
1.56491
1.56404
1.55875
1.56008
1.55436
1.55392
1.55404
1.55933
1.55922
1.56946
1.57453
1.59
1.59974
1.61516
1.62595
1.64088
1.66171
1.67722
1.70328
1.71838
1.73375
1.75943
1.77117
1.79684
1.81049
1.83174
1.8426
1.85303
1.87371
1.8839
1.89966
1.90467
1.92019
1.92551
1.93538
1.93635
1.94088
1.94075
1.94614
1.9461
1.94686
1.9468
1.94177
1.94097
1.94112
1.93659
1.9312
1.93083
1.92632
1.92091
1.91559
1.91074
1.90962
1.89962
1.89549
1.88602
1.88333
1.88066
1.87027
1.86363
1.85891
1.85371
1.84888
1.84314
1.8437
1.83324
1.83265
1.82282
1.82278
1.81704
1.81765
1.81279
1.80766
1.80672
1.80728
1.8015
1.80136
1.80234
1.8016
1.80177
1.80203
1.80178
1.80264
1.80153
1.80222
1.80209
1.80665
1.80137
1.80234
1.80181
1.80197
1.80234
1.80163
1.79634
1.79707
1.7915
1.78674
1.78157
1.78117
1.77114
1.77091
1.76139
1.76032
1.75554
1.75089
1.74576
1.74015
1.73984
1.7405
1.73468
1.73005
1.72541
1.71927
1.71429
1.70956
1.70355
1.69912
1.69409
1.68853
