1.59992
1.59486
1.59574
1.59095
1.58514
1.58551
1.58005
1.57496
1.57046
1.56925
1.5699
1.56926
1.57034
1.5693
1.56385
1.56491
1.55926
1.55927
1.55428
1.55395
1.55402
1.55413
1.54966
1.54834
1.54881
1.54901
1.5482
1.54294
1.54444
1.53874
1.53917
1.54304
1.53873
1.53363
1.5333
1.52856
1.52802
1.52852
1.5284
1.52861
1.52323
1.51868
1.51694
1.52316
1.5279
1.5384
1.55862
1.56899
1.58986
1.60472
1.63082
1.64583
1.69268
1.70786
1.73902
1.75479
1.78568
1.80084
1.83232
1.84262
1.85782
1.87866
1.89407
1.91514
1.92513
1.94101
1.95668
1.96685
1.97189
1.98299
1.98718
1.99291
1.99294
1.99812
1.99823
1.99782
1.99341
1.99264
1.98826
1.98751
1.98839
1.98272
1.97766
1.97214
1.97246
1.96247
1.96165
1.95771
1.95192
1.94663
1.94099
1.93671
1.92586
1.91596
1.91073
1.91003
1.89984
1.90018
1.88471
1.88443
1.87974
1.87941
1.86896
1.86965
1.86388
1.86422
1.85365
1.85298
1.85315
1.849
1.84912
1.84298
1.84733
1.84925
1.84411
1.84249
1.84359
1.83787
1.83855
1.83822
1.83798
1.83277
1.83297
1.82741
1.82357
1.82323
1.81714
1.81264
1.81202
1.80655
1.80261
1.80181
1.79199
1.79126
1.78109
1.77657
1.76595
1.76124
1.76054
1.75067
1.74577
1.73487
1.7348
1.72458
1.71988
1.70898
1.70458
1.69452
1.69268
1.6828
1.67902
1.67765
1.66759
1.6628
1.65719
1.65224
1.64249
1.64139
1.63163
1.627
1.62188
1.61586
1.61168
1.60637
1.60529
1.59544
1.5953
1.5904
1.58563
1.58045
1.57959
1.57472
1.56998
1.5654
1.56367
1.55922
1.55962
1.55371
1.55435
1.54853
1.54921
1.54427
1.54821
1.53946
1.538
1.53838
1.53775
1.53446
1.53254
1.52921
1.52865
1.52806
1.5233
1.52298
1.52319
1.52313
1.51782
1.518
1.51305
1.51712
1.51273
1.51277
1.51281
1.50787
1.50785
1.5083
1.50707
1.50771
1.50271
1.50223
1.49708
1.4923
1.49202
1.4922
1.48648
1.48732
1.48151
1.4816
1.48197
1.48166
1.48693
1.49678
1.51176
1.5184
1.54344
1.55378
1.59409
1.61021
1.64141
1.66084
1.69248
1.71326
1.78033
1.8114
1.82703
1.85758
1.86844
1.89451
1.92001
1.93583
1.94607
1.96185
1.97136
1.98105
1.98872
1.99707
1.99843
2.00359
2.00752
2.00793
2.00881
2.00832
2.00852
2.004
1.9935
1.99255
1.98759
1.98789
1.97816
1.96702
1.95769
1.95613
1.95107
1.94722
1.9424
1.94093
1.93165
1.92557
1.92028
1.92094
1.91554
1.91062
1.90548
1.90004
1.8952
1.89453
1.88953
1.88501
1.88037
1.87997
1.87449
1.87442
1.86875
1.86919
1.86904
1.86906
1.86417
1.86408
1.86374
1.86426
1.86396
1.85858
1.85878
1.85868
1.85336
1.85366
1.84849
1.84348
1.8385
1.83772
1.83214
1.82857
1.82325
1.82175
1.80776
1.80658
1.7966
1.79679
1.78637
1.78204
1.77149
1.77058
1.75634
1.74992
1.73562
1.73079
1.72433
1.71419
1.70966
1.69927
1.69329
1.68379
1.67783
1.66763
1.65267
1.64181
1.63135
1.6268
1.62206
1.61617
1.61018
1.6016
1.59975
1.5946
1.59114
1.58056
1.58017
1.57527
1.57505
1.57494
1.56994
1.56974
1.56493
1.56497
1.5592
1.5548
1.55353
1.55371
1.55482
1.54882
1.54943
1.54384
1.5437
1.53829
1.53883
1.53427
1.53283
1.5342
1.53341
1.52815
1.52832
1.52339
1.5232
1.52307
1.51828
1.5124
1.51307
1.51302
1.50771
1.5076
1.5025
1.50192
1.50157
1.49836
1.49645
1.49842
1.49282
1.49157
1.48715
1.48683
1.48667
1.4827
1.48171
1.47737
1.47745
1.47644
1.4717
1.47132
1.47141
1.47596
1.48682
1.49144
1.51173
1.52293
1.5321
1.56288
1.57403
1.6049
1.62005
1.67235
1.72333
1.73417
1.78515
1.8267
1.84269
1.86854
1.87874
1.90504
1.90971
1.92522
1.93067
1.94588
1.95151
1.95609
1.96685
1.96732
1.97256
1.97213
1.97722
1.97287
1.97267
1.972
1.96755
1.96678
1.95722
1.95229
1.9515
1.94648
1.94169
1.94097
1.93555
1.93187
1.92591
1.9209
1.91544
1.91112
1.90632
1.90435
1.90095
1.89569
1.89418
1.8837
1.88524
1.88022
1.87416
1.87432
1.86869
1.86929
1.86397
1.8585
1.85886
1.85334
1.85377
1.8493
1.84763
1.8479
1.84876
1.84809
1.84797
1.84831
1.84731
1.84442
1.84407
1.84251
1.84402
1.84255
1.83799
1.83763
1.83768
1.83804
1.83319
1.83299
1.82806
1.82326
1.82193
1.81728
1.81302
1.8117
1.8067
1.80247
1.79224
1.79118
1.78135
1.78157
1.76629
1.76537
1.75524
1.7507
1.73982
1.74017
1.7301
1.72428
1.72519
1.70938
1.69387
1.69315
1.68327
1.67872
1.66792
1.66787
