1.56976
1.56928
1.56538
1.56461
1.55945
1.55395
1.55423
1.54939
1.54855
1.54912
1.54393
1.54335
1.53918
1.53402
1.53788
1.53832
1.53302
1.52932
1.52744
1.52777
1.52865
1.5224
1.52362
1.52306
1.51832
1.51867
1.51247
1.51233
1.51311
1.50774
1.50751
1.50754
1.50776
1.50174
1.49846
1.49645
1.49682
1.49764
1.49217
1.49206
1.49221
1.48694
1.48703
1.48748
1.48651
1.48663
1.48725
1.48715
1.49127
1.49726
1.50744
1.51745
1.5331
1.54791
1.56879
1.58428
1.59981
1.63067
1.64635
1.68213
1.69767
1.74923
1.77
1.80091
1.81689
1.84821
1.86226
1.87886
1.89905
1.91496
1.93561
1.94587
1.96116
1.96701
1.98309
1.99725
2.00319
2.00321
2.00813
2.00817
2.00868
2.00873
2.00336
1.99883
1.99759
1.98854
1.98726
1.97735
1.9731
1.9627
1.95647
1.95156
1.94241
1.92592
1.92095
1.91072
1.90558
1.89516
1.89468
1.87915
1.87955
1.87441
1.8645
1.85893
1.85435
1.85298
1.84866
1.84337
1.83894
1.83737
1.83772
1.83832
1.83868
1.83853
1.83767
1.8378
1.84315
1.84314
1.84286
1.84303
1.84335
1.8436
1.84396
1.83735
1.83271
1.83756
1.83324
1.82277
1.82233
1.81667
1.81316
1.80798
1.80641
1.79071
1.79231
1.78621
1.77642
1.77584
1.76564
1.76106
1.75081
1.75029
1.74056
1.73495
1.73019
1.71974
1.71455
1.70964
1.7036
1.68879
1.6881
1.67805
1.66818
1.66245
1.65804
1.65312
1.6467
1.63703
1.63194
1.62638
1.62153
1.61097
1.61126
1.60098
1.60024
1.59534
1.59015
1.58473
1.58037
1.57552
1.57461
1.56918
1.56469
1.55975
1.55506
1.55336
1.54918
1.5491
1.54886
1.54897
1.54895
1.54318
1.54466
1.53842
1.53872
1.53418
1.53735
1.53346
1.53336
1.53361
1.52777
1.52871
1.52334
1.52783
1.52359
1.51798
1.51805
1.51748
1.51219
1.51327
1.51316
1.50759
1.50205
1.50311
1.50276
1.49742
1.49745
1.4919
1.4919
1.49234
1.49195
1.48654
1.48736
1.48726
1.48672
1.49169
1.49204
1.49711
1.50177
1.51261
1.5382
1.553
1.57871
1.59005
1.62068
1.63539
1.67195
1.68723
1.72277
1.73953
1.7593
1.79045
1.80611
1.83789
1.85237
1.87878
1.89348
1.91485
1.93023
1.9412
1.95666
1.96627
1.98178
1.98763
2.00295
2.00793
2.01335
2.01387
2.01928
2.01832
2.01957
2.01942
2.01287
2.00813
2.00872
2.00898
2.00351
1.99761
1.99886
1.98858
1.98721
1.97702
1.97773
1.96649
1.96282
1.95681
1.94653
1.94649
1.9366
1.93581
1.92566
1.9215
1.91514
1.91036
1.90511
1.89588
1.89586
1.88925
1.88401
1.88457
1.87422
1.87428
1.87444
1.86909
1.86903
1.86915
1.86886
1.86919
1.86938
1.8647
1.86815
1.86925
1.86362
1.86414
1.86412
1.86363
1.86447
1.86379
1.85904
1.85415
1.85301
1.84955
1.84375
1.84281
1.83383
1.82891
1.82732
1.82225
1.81296
1.81184
1.80164
1.80209
1.79208
1.78681
1.77648
1.77582
1.76143
1.75521
1.74566
1.74471
1.73029
1.71919
1.71453
1.69862
1.68889
1.68296
1.67268
1.66861
1.65773
1.65744
1.64718
1.64695
1.63182
1.63128
1.62106
1.61643
1.61134
1.60607
1.60075
1.59548
1.59034
1.57993
1.57999
1.57529
1.57044
1.56899
1.5644
1.56448
1.55971
1.55881
1.5534
1.55476
1.54862
1.54381
1.54327
1.53849
1.53372
1.53277
1.53295
1.53384
1.52819
1.52838
1.52272
1.52348
1.52383
1.52258
1.51352
1.51706
1.51201
1.51338
1.50764
1.50317
1.50717
1.50336
1.49629
1.49769
1.49753
1.49237
1.49195
1.48757
1.48651
1.48735
1.48731
1.48188
1.47691
1.4764
1.47596
1.47682
1.4768
1.48131
1.49736
1.5178
1.52735
1.53829
1.564
1.57853
1.60924
1.6262
1.662
1.67629
1.6979
1.73415
1.75429
1.78535
1.80097
1.81636
1.85266
1.86305
1.90483
1.93085
1.93548
1.95084
1.9662
1.97226
1.9881
1.99202
2.00271
2.00812
2.01374
2.01842
2.01916
2.01835
2.01839
2.0191
2.01357
2.01361
2.0136
2.00794
2.00921
1.99894
1.99756
1.9926
1.98822
1.98762
1.98309
1.97772
1.96746
1.96211
1.95698
1.95188
1.9417
1.94097
1.9311
1.92654
1.92063
1.9162
1.91052
1.90475
1.90549
1.90025
1.89505
1.88979
1.88951
1.88509
1.88496
1.88416
1.87878
1.88475
1.87932
1.87937
1.87457
1.87347
1.87459
1.8739
1.87403
1.86949
1.86921
1.86894
1.86381
1.86388
1.86383
1.85913
1.85333
1.85371
1.84789
1.84433
1.83725
1.8288
1.82243
1.81798
1.81255
1.80714
1.80252
1.7916
1.78673
1.77631
1.77151
1.7607
1.76102
1.75541
1.74522
1.74063
1.73469
1.73006
1.71964
1.71422
1.69943
1.69355
1.68863
1.68361
