1.72477
1.72426
1.71442
1.71399
1.70446
1.69838
1.6935
1.69359
1.68306
1.68327
1.67311
1.66855
1.66698
1.66287
1.65694
1.65736
1.65197
1.64754
1.64129
1.63779
1.63095
1.63113
1.63148
1.62581
1.62679
1.62109
1.62134
1.61582
1.61624
1.61109
1.61079
1.61099
1.60587
1.60079
1.60049
1.60059
1.59519
1.5953
1.59065
1.59055
1.59038
1.58557
1.58459
1.58462
1.58051
1.58029
1.57998
1.57445
1.57465
1.56998
1.5692
1.56993
1.56515
1.56032
1.5585
1.55977
1.55379
1.5539
1.55424
1.55909
1.55894
1.56939
1.59445
1.60054
1.62165
1.63027
1.65629
1.6674
1.70233
1.71908
1.74443
1.75456
1.80142
1.82211
1.83257
1.85372
1.86277
1.88432
1.88956
1.89981
1.90505
1.91044
1.91475
1.91988
1.92131
1.92537
1.92617
1.926
1.92571
1.92067
1.91617
1.91504
1.90993
1.90519
1.90557
1.89505
1.89481
1.8905
1.88904
1.88386
1.88022
1.87326
1.8701
1.86518
1.86781
1.85857
1.85874
1.85351
1.85349
1.8479
1.84884
1.84308
1.84325
1.83771
1.83828
1.83807
1.83851
1.83801
1.83805
1.83775
1.83346
1.83244
1.83261
1.83355
1.8279
1.82758
1.82763
1.82746
1.8279
1.82705
1.8287
1.82287
1.82237
1.81803
1.81694
1.81251
1.81202
1.80725
1.79767
1.796
1.79077
1.78783
1.78165
1.77603
1.77065
1.76091
1.76
1.75034
1.75024
1.74013
1.73983
1.73451
1.73027
1.72535
1.71922
1.71954
1.7143
1.70494
1.69968
1.69781
1.69295
1.69388
1.69322
1.6877
1.68876
1.68284
1.68384
1.67758
1.67338
1.67246
1.66724
1.66798
1.66273
1.6574
1.65733
1.65169
1.65252
1.64749
1.64222
1.63676
1.63688
1.63165
1.6271
1.62585
1.62101
1.62143
1.61568
1.6163
1.6113
1.61058
1.61067
1.61113
1.6106
1.60081
1.59603
1.59566
1.59524
1.59018
1.59026
1.59021
1.59031
1.58521
1.58499
1.58563
1.58012
1.57968
1.57972
1.57957
1.57469
1.57481
1.57526
1.57465
1.56975
1.56949
1.57452
1.57954
1.57973
1.59502
1.611
1.62012
1.63601
1.64693
1.66751
1.68146
1.70741
1.72431
1.7339
1.74923
1.76038
1.77491
1.80119
1.81179
1.83784
1.84752
1.85826
1.87331
1.8841
1.89419
1.90917
1.91565
1.92652
1.9347
1.94163
1.95128
1.95642
1.9619
1.96208
1.96665
1.9676
1.9716
1.97245
1.96746
1.96688
1.96699
1.96724
1.9623
1.9618
1.96239
1.95728
1.95643
1.95121
1.95194
1.94645
1.94652
1.94198
1.94086
1.94164
1.94111
1.93574
1.93204
1.93021
1.92578
1.92578
1.92019
1.91632
1.91171
1.90926
1.91125
1.90476
1.9006
1.90022
1.89512
1.89453
1.88974
1.88963
1.88397
1.88493
1.88026
1.87872
1.8798
1.87955
1.8789
1.87395
1.87927
1.87455
1.87387
1.87407
1.8741
1.87428
1.86858
1.86935
1.86882
1.86895
1.86908
1.86905
1.86453
1.86424
1.86368
1.85862
1.85908
1.85366
1.85899
1.85373
1.84933
1.84763
1.8422
1.83919
1.83718
1.8319
1.82879
1.82298
1.81742
1.8174
1.80745
1.80241
1.79657
1.79205
1.78195
1.77595
1.77168
1.76109
1.75586
1.74568
1.73976
1.73401
1.73061
1.71867
1.71534
1.71325
1.71035
1.70794
1.69809
1.69909
1.69341
1.68881
1.6834
1.68286
1.67856
1.67263
1.67343
1.66286
1.66235
1.65776
1.65801
1.65201
1.64735
1.64223
1.63748
1.63614
1.63675
1.6318
1.63174
1.63099
1.62091
1.6215
1.62145
1.62145
1.61597
1.61652
1.61606
1.61058
1.61158
1.60557
1.60581
1.60111
1.60016
1.59511
1.60053
1.59519
1.59552
1.59575
1.59025
1.5902
1.59033
1.59049
1.58526
1.58441
1.58452
1.58074
1.57916
1.58054
1.57937
1.58035
1.57946
1.5803
1.57474
1.57475
1.57476
1.56991
1.57378
1.56923
1.56985
1.56975
1.56952
1.56472
1.56424
1.56451
1.55951
1.55984
1.55391
1.55397
1.54972
1.54933
1.54907
1.54917
1.54409
1.54878
1.54343
1.544
1.54901
1.54841
1.55422
1.56987
1.57373
1.58954
1.60006
1.64673
1.67237
1.68214
1.7133
1.7236
1.74917
1.76539
1.77973
1.80022
1.81742
1.8379
1.84739
1.86813
1.8791
1.88917
1.89458
1.90431
1.91032
1.92582
1.9303
1.94052
1.94636
1.95146
1.95172
1.95609
1.95689
1.96226
1.96166
1.96714
1.96227
1.96173
1.96182
1.96208
1.95757
1.95624
1.95156
1.95179
1.95147
1.94737
1.94578
1.94707
1.94157
1.94105
1.93663
1.93579
1.93116
1.93079
1.9264
1.92186
1.91973
1.91444
1.91627
1.91014
1.9103
1.9059
1.90115
1.89913
1.89383
1.89113
1.88866
1.88353
1.8852
1.87971
1.87435
1.87002
1.8682
1.86724
1.86557
1.86255
1.85832
1.85892
1.85915
1.85837
1.85346
