1.54409
1.53902
1.53835
1.53855
1.53874
1.53838
1.53384
1.53361
1.53334
1.53318
1.53358
1.52864
1.528
1.52777
1.52861
1.52869
1.52354
1.52344
1.52281
1.52861
1.52821
1.5327
1.53733
1.54896
1.55927
1.56363
1.57429
1.60562
1.63156
1.64529
1.67157
1.68756
1.70267
1.72876
1.7445
1.7653
1.77532
1.80138
1.81166
1.84187
1.85357
1.86903
1.87802
1.89995
1.91056
1.9101
1.92026
1.92574
1.92545
1.93574
1.93686
1.93561
1.93657
1.93591
1.93578
1.93642
1.93138
1.93079
1.931
1.93094
1.9262
1.92606
1.92565
1.92079
1.91568
1.91555
1.91067
1.91002
1.90617
1.90476
1.90552
1.89502
1.89482
1.8847
1.88438
1.87984
1.87407
1.87467
1.86416
1.86364
1.85844
1.85887
1.85334
1.85336
1.85378
1.84833
1.84884
1.8432
1.8432
1.84325
1.84323
1.83831
1.84275
1.83781
1.84268
1.8388
1.83746
1.84298
1.84344
1.843
1.84353
1.84787
1.84853
1.8483
1.8488
1.84801
1.8481
1.84862
1.84323
1.83872
1.83759
1.83841
1.83299
1.82787
1.82315
1.82223
1.81255
1.81202
1.80793
1.80243
1.79675
1.78685
1.78658
1.77598
1.7717
1.76023
1.75559
1.74583
1.74461
1.7342
1.73078
1.72391
1.72492
1.71931
1.71479
1.70995
1.70386
1.69886
1.69843
1.69278
1.68922
1.68765
1.67776
1.67821
1.67285
1.67318
1.66814
1.66354
1.66174
1.65729
1.65735
1.65276
1.65182
1.6524
1.64655
1.64252
1.63704
1.63642
1.63209
1.63143
1.6266
1.62617
1.62699
1.62141
1.62104
1.6159
1.61616
1.61599
1.61606
1.61648
1.61083
1.61079
1.61097
1.61091
1.60598
1.60142
1.59987
1.60108
1.60058
1.60051
1.5948
1.59585
1.59504
1.59519
1.59597
1.59028
1.59022
1.58547
1.58504
1.58009
1.57981
1.57994
1.57991
1.57987
1.58037
1.57503
1.56962
1.56957
1.56478
1.56899
1.56522
1.55888
1.55958
1.55504
1.55373
1.55392
1.55417
1.54924
1.54916
1.54882
1.54356
1.53944
1.53951
1.53794
1.53459
1.53448
1.5327
1.53295
1.53822
1.55406
1.5792
1.59458
1.61536
1.62572
1.67194
1.70274
1.71867
1.73369
1.76466
1.78061
1.7908
1.80623
1.81221
1.84327
1.85207
1.86882
1.88931
1.90413
1.92008
1.93045
1.9407
1.94667
1.95072
1.96176
1.97256
1.97686
1.98274
1.98705
1.99804
1.9977
1.99849
1.98826
1.99227
1.993
1.98839
1.98801
1.9881
1.98788
1.97809
1.97296
1.97186
1.96777
1.95712
1.95669
1.94702
1.94641
1.94074
1.94174
1.93106
1.92607
1.92573
1.92098
1.92046
1.91067
1.91013
1.91047
1.90538
1.90463
1.90566
1.89988
1.90022
1.89978
1.89499
1.89959
1.89426
1.89534
1.88958
1.8898
1.87964
1.87957
1.8792
1.8795
1.87514
1.87479
1.87372
1.86847
1.8699
1.86375
1.85864
1.85851
1.85893
1.85891
1.85853
1.85886
1.84851
1.84826
1.84383
1.84766
1.84349
1.84294
1.83753
1.83403
1.83204
1.82772
1.81289
1.81163
1.80701
1.8023
1.79676
1.79194
1.77042
1.76684
1.7615
1.75547
1.75104
1.74972
1.73974
1.74053
1.72957
1.72485
1.71995
1.71874
1.71408
1.70975
1.70301
1.6995
1.68351
1.68393
1.6822
1.68391
1.67854
1.67234
1.66747
1.66775
1.66195
1.66295
1.65783
1.65696
1.65808
1.65242
1.65199
1.64676
1.65204
1.63644
1.63244
1.63087
1.63077
1.62721
1.61662
1.61556
1.61577
1.61629
1.61073
1.61103
1.61143
1.61049
1.60531
1.60551
1.60056
1.6005
1.59034
1.58981
1.59007
1.59031
1.5902
1.59023
1.59025
1.5902
1.58495
1.58517
1.58069
1.57932
1.57968
1.57512
1.57458
1.57481
1.57462
1.56909
1.57003
1.56438
1.55391
1.54867
1.54426
1.53927
1.53357
1.53334
1.52773
1.52864
1.52887
1.52738
1.52736
1.53344
1.53879
1.54817
1.55393
1.57436
1.57948
1.60071
1.60978
1.63622
1.65066
1.67251
1.69808
1.71801
1.74346
1.765
1.79097
1.81071
1.82227
1.853
1.86362
1.88951
1.89425
1.90948
1.92451
1.93649
1.94076
1.9462
1.96097
1.96273
1.97258
1.97218
1.97224
1.97739
1.97765
1.98302
1.98232
1.98209
1.97861
1.97654
1.9733
1.9716
1.97284
1.96714
1.96716
1.95708
1.95208
1.95134
1.94205
1.93188
1.92588
1.92057
1.91588
1.91074
1.90038
1.89974
1.88984
1.8852
1.87866
1.86857
1.86944
1.86381
1.85839
1.85413
1.85388
1.8485
1.84822
1.8482
1.84813
1.85392
1.85371
1.85367
1.85314
1.8584
1.8586
1.8632
1.8634
1.8687
1.86931
1.86377
1.86362
1.86387
1.8687
1.86338
1.86427
1.85968
1.85794
1.85931
1.85387
1.85333
1.8481
1.84856
1.84269
1.84366
1.84286
1.83749
1.83854
1.8232
1.81767
1.81719
