1.50293
1.50218
1.49219
1.49204
1.49167
1.48723
1.48257
1.48615
1.48112
1.47787
1.47569
1.47117
1.4717
1.47208
1.4759
1.48702
1.49141
1.50196
1.51217
1.51765
1.54348
1.5578
1.5834
1.6008
1.61418
1.64597
1.66192
1.69277
1.70823
1.72366
1.73925
1.75462
1.77024
1.81618
1.83663
1.85333
1.87338
1.88376
1.89435
1.90995
1.91999
1.93088
1.94077
1.94634
1.95108
1.95689
1.95676
1.95683
1.96167
1.96135
1.95757
1.95748
1.95639
1.95705
1.9518
1.95155
1.94724
1.94594
1.94144
1.93624
1.93151
1.93114
1.92134
1.92057
1.91073
1.90559
1.90101
1.8944
1.89519
1.88479
1.88429
1.87417
1.87425
1.86413
1.86364
1.85414
1.85266
1.84779
1.84402
1.83929
1.83713
1.83386
1.83715
1.83379
1.83271
1.82796
1.82255
1.82266
1.82243
1.82241
1.8179
1.82267
1.82249
1.82202
1.81808
1.82257
1.81774
1.8171
1.81718
1.81759
1.81725
1.81753
1.81731
1.81747
1.81283
1.81186
1.81247
1.80766
1.80662
1.80199
1.80185
1.79221
1.78719
1.78102
1.77634
1.77627
1.76672
1.76193
1.7551
1.75038
1.74571
1.73517
1.7346
1.72459
1.71991
1.71399
1.70917
1.70928
1.69845
1.69396
1.6885
1.68333
1.67823
1.67298
1.66825
1.66728
1.65738
1.6573
1.64672
1.64731
1.64231
1.63191
1.63172
1.62182
1.6163
1.61585
1.61027
1.61174
1.60109
1.59568
1.59062
1.59003
1.5858
1.58443
1.58072
1.58031
1.58005
1.5746
1.57484
1.56929
1.56984
1.56934
1.56489
1.56409
1.56467
1.5601
1.56352
1.55856
1.56019
1.55367
1.55387
1.55423
1.54952
1.5485
1.54914
1.54389
1.54385
1.54376
1.53889
1.53853
1.53862
1.53341
1.5379
1.53272
1.53401
1.53298
1.52815
1.52846
1.52361
1.52276
1.51796
1.51799
1.51805
1.5134
1.51314
1.51294
1.50781
1.50776
1.50269
1.50259
1.49756
1.49798
1.4918
1.4918
1.48795
1.49109
1.48809
1.48608
1.48765
1.48278
1.48111
1.48148
1.47756
1.48089
1.48244
1.48135
1.48658
1.49608
1.50261
1.52293
1.53257
1.54297
1.56929
1.58396
1.61505
1.63061
1.66174
1.67678
1.6976
1.72866
1.74444
1.7753
1.79089
1.80624
1.83688
1.8482
1.86272
1.87406
1.88357
1.90435
1.91024
1.93079
1.93553
1.94111
1.94628
1.95114
1.95645
1.96204
1.96634
1.97176
1.97273
1.97257
1.97253
1.96708
1.96716
1.96146
1.95788
1.95245
1.95115
1.94746
1.9424
1.9406
1.93626
1.93594
1.92678
1.92496
1.91951
1.91676
1.91144
1.90988
1.90503
1.90048
1.89473
1.89505
1.89504
1.88992
1.87998
1.87926
1.8795
1.87475
1.87384
1.86962
1.86372
1.86396
1.85821
1.85915
1.85831
1.85427
1.8529
1.84931
1.84909
1.84744
1.84241
1.84383
1.84277
1.84354
1.83811
1.84287
1.84358
1.83841
1.83783
1.83798
1.83809
1.83804
1.83773
1.83826
1.83271
1.83298
1.83287
1.82761
1.8278
1.822
1.823
1.81731
1.81273
1.80824
1.80122
1.80258
1.79686
1.79231
1.79099
1.78073
1.77713
1.77208
1.76528
1.76072
1.75599
1.75513
1.74508
1.74508
1.73471
1.73041
1.72524
1.71908
1.70985
1.70826
1.69827
1.69446
1.6928
1.67877
1.67332
1.66811
1.66356
1.65726
1.65204
1.65229
1.64765
1.64656
1.64246
1.6415
1.63148
1.63149
1.62687
1.62651
1.62132
1.61667
1.61565
1.61064
1.61138
1.60128
1.60045
1.59531
1.59509
1.59076
1.58983
1.58995
1.59053
1.58553
1.5798
1.57939
1.5755
1.57527
1.57431
1.57447
1.57013
1.56915
1.56933
1.5653
1.56485
1.55929
1.55953
1.55903
1.55942
1.55455
1.55366
1.55369
1.5492
1.54855
1.54922
1.54415
1.5479
1.54285
1.53966
1.53923
1.53323
1.53364
1.53354
1.53336
1.5279
1.5286
1.52842
1.52297
1.52321
1.51764
1.51334
1.51305
1.51261
1.50729
1.50786
1.50745
1.50211
1.50271
1.49741
1.49718
1.49721
1.49701
1.49747
1.49719
1.50178
1.50746
1.51773
1.52254
1.54308
1.55363
1.56328
1.57423
1.58923
1.60482
1.63052
1.64608
1.66183
1.67719
1.69236
1.70845
1.73978
1.75378
1.78528
1.79627
1.82724
1.83694
1.8531
1.86319
1.87362
1.8836
1.90457
1.91487
1.92482
1.93639
1.9466
1.9508
1.95679
1.9617
1.96253
1.96155
1.96698
1.96733
1.96702
1.96233
1.96161
1.95687
1.95673
1.95245
1.95099
1.94771
1.94556
1.94717
1.94119
1.94133
1.93554
1.93664
1.93101
1.92619
1.92549
1.92026
1.92094
1.91503
1.91144
1.90617
1.90437
1.90102
1.89917
1.894
1.88945
1.88538
1.88393
1.88004
1.87895
1.87962
1.87392
1.86959
1.86442
1.86389
1.86394
1.86378
1.86397
1.86342
1.8594
1.85814
1.85834
1.859
