1.59441
1.59137
1.58412
1.57603
1.5738
1.57349
1.57075
1.56439
1.55877
1.55512
1.55337
1.5542
1.54909
1.54892
1.5494
1.54356
1.54368
1.53901
1.53824
1.53834
1.53881
1.53873
1.53892
1.53875
1.53844
1.53871
1.53324
1.53359
1.52874
1.52785
1.52863
1.52844
1.52816
1.5229
1.52332
1.51849
1.51745
1.51268
1.51254
1.51294
1.5134
1.50745
1.50755
1.50766
1.50769
1.50795
1.50774
1.5077
1.51722
1.53325
1.53792
1.55911
1.57363
1.59963
1.61529
1.64578
1.66165
1.68185
1.69788
1.71294
1.73415
1.76542
1.78465
1.81613
1.83242
1.86315
1.87861
1.9195
1.93048
1.95145
1.96108
1.9774
1.98714
2.00336
2.00805
2.01846
2.0186
2.02356
2.01932
2.02334
2.02434
2.0188
2.01876
2.01337
2.00897
1.9978
1.9984
1.98814
1.98754
1.97301
1.96083
1.95804
1.94276
1.93985
1.92705
1.92048
1.91045
1.90578
1.90022
1.895
1.88435
1.88466
1.87962
1.87422
1.8743
1.86923
1.86346
1.8646
1.85866
1.85914
1.85845
1.85375
1.85335
1.84789
1.84882
1.84913
1.84775
1.84795
1.84873
1.84811
1.84851
1.84882
1.84802
1.84868
1.84857
1.84824
1.84348
1.843
1.84302
1.8386
1.83363
1.8372
1.83385
1.82794
1.82281
1.81833
1.81712
1.80736
1.80732
1.79624
1.78747
1.78222
1.77568
1.7657
1.76095
1.75597
1.75062
1.74561
1.73039
1.72906
1.70931
1.70877
1.69372
1.68846
1.68372
1.67821
1.66788
1.66751
1.65259
1.65183
1.64163
1.63722
1.62687
1.62642
1.62148
1.61121
1.61104
1.59552
1.59095
1.58479
1.58534
1.58006
1.57522
1.56991
1.5698
1.56433
1.55968
1.55429
1.55384
1.55442
1.54452
1.54316
1.54334
1.54453
1.53832
1.5389
1.53832
1.53339
1.53343
1.52857
1.52804
1.52848
1.52835
1.52823
1.52832
1.52787
1.51778
1.52297
1.51816
1.51333
1.51307
1.51258
1.51291
1.51297
1.50778
1.50759
1.50757
1.50183
1.50292
1.49774
1.49662
1.49279
1.49646
1.49187
1.49234
1.49241
1.48695
1.48696
1.48684
1.49203
1.49703
1.50233
1.52307
1.55758
1.60493
1.62015
1.65589
1.67739
1.73389
1.79057
1.80571
1.84166
1.8582
1.88918
1.90417
1.92013
1.94075
1.95591
1.97667
1.98737
2.00259
2.0082
2.01313
2.02327
2.02929
2.02891
2.03939
2.04424
2.04441
2.04959
2.04989
2.04446
2.04465
2.03921
2.03959
2.035
2.03373
2.02522
2.02299
2.01797
2.01457
1.98304
1.97788
1.96765
1.95722
1.9516
1.9473
1.94206
1.93627
1.9266
1.92523
1.91982
1.91647
1.90985
1.90462
1.90564
1.90004
1.89552
1.89437
1.88983
1.88949
1.8843
1.88471
1.87934
1.87932
1.87944
1.87415
1.87454
1.87422
1.8747
1.86923
1.86884
1.86788
1.86517
1.8628
1.86359
1.85924
1.85943
1.85363
1.84836
1.84845
1.8435
1.83899
1.8373
1.82769
1.8278
1.82319
1.81718
1.81277
1.80194
1.80199
1.79176
1.7866
1.77644
1.77088
1.75645
1.7551
1.74478
1.74085
1.72424
1.70952
1.70862
1.69409
1.69336
1.68323
1.68352
1.66887
1.66229
1.65228
1.6521
1.64199
1.63731
1.63659
1.63147
1.62684
1.62178
1.61176
1.60645
1.60522
1.59521
1.59518
1.59001
1.58554
1.58056
1.57941
1.57039
1.56889
1.56429
1.5645
1.55949
1.55441
1.55388
1.54859
1.54916
1.54336
1.54406
1.53874
1.53847
1.53914
1.53333
1.53341
1.53387
1.5283
1.52824
1.52831
1.52372
1.52266
1.51759
1.51814
1.51845
1.51794
1.51314
1.51257
1.51289
1.50746
1.50782
1.50295
1.50733
1.50304
1.49843
1.50082
1.49592
1.49317
1.49161
1.48632
1.48793
1.48135
1.48191
1.4769
1.47168
1.47127
1.4713
1.47206
1.47599
1.48158
1.49705
1.50193
1.54261
1.55391
1.58447
1.59887
1.63555
1.65611
1.69194
1.70882
1.74968
1.76456
1.7852
1.82068
1.83785
1.86877
1.88332
1.8992
1.92573
1.9396
1.96133
1.97174
1.9923
1.99791
2.00858
2.01769
2.02397
2.03379
2.03394
2.03973
2.03877
2.03502
2.03467
2.02872
2.02892
2.02437
2.01452
2.01294
2.00804
2.00917
1.99868
1.99762
1.98728
1.98326
1.98221
1.97763
1.97279
1.96223
1.96231
1.94679
1.9414
1.93651
1.93096
1.92515
1.92158
1.91542
1.91046
1.90588
1.9058
1.89973
1.89424
1.89583
1.88519
1.88443
1.88463
1.88018
1.8787
1.87895
1.87968
1.87896
1.8742
1.87418
1.87422
1.87418
1.86935
1.86878
1.86363
1.86855
1.86326
1.85956
1.85436
1.853
1.84859
1.84347
1.83871
1.8322
1.8275
1.82791
1.81329
1.81144
1.80149
1.79776
1.79201
1.78688
1.76537
1.75045
1.74564
1.73534
1.72986
1.72003
1.71433
1.70947
1.70374
1.68866
1.68357
