1.51368
1.50718
1.50762
1.50275
1.50263
1.50232
1.49707
1.49746
1.49718
1.49243
1.49712
1.49227
1.49209
1.4874
1.4872
1.48234
1.48209
1.47715
1.47691
1.47201
1.46638
1.46621
1.46045
1.4613
1.45576
1.45625
1.45118
1.44575
1.44586
1.441
1.44069
1.44041
1.43543
1.43562
1.43995
1.456
1.47105
1.48149
1.50768
1.52139
1.5381
1.56869
1.58893
1.62473
1.6462
1.68188
1.70277
1.75925
1.78064
1.81178
1.82636
1.86293
1.87833
1.90434
1.9155
1.92965
1.95066
1.95674
1.98135
1.99789
2.00278
2.00789
2.01369
2.01363
2.01359
2.0136
2.01359
2.0088
2.00866
2.00338
1.99841
1.99793
1.98793
1.98808
1.98309
1.97247
1.97218
1.96195
1.95674
1.94144
1.93674
1.92559
1.90975
1.90595
1.90075
1.89464
1.89015
1.88382
1.87578
1.86504
1.86297
1.85763
1.85473
1.85302
1.84821
1.84364
1.83816
1.83792
1.83283
1.83334
1.83255
1.83232
1.83335
1.82836
1.82725
1.82809
1.82747
1.8276
1.82763
1.82739
1.82747
1.82795
1.82761
1.82302
1.82218
1.81741
1.81748
1.81265
1.81191
1.80761
1.8021
1.8018
1.79157
1.79157
1.78124
1.77682
1.76553
1.76151
1.75542
1.75067
1.74029
1.73486
1.73028
1.71482
1.71369
1.69912
1.6943
1.6887
1.68354
1.67305
1.66824
1.66242
1.65222
1.64767
1.63713
1.63158
1.62154
1.61645
1.61134
1.60594
1.60067
1.58982
1.58573
1.57962
1.57428
1.57063
1.56
1.5587
1.54828
1.5544
1.54445
1.5388
1.53854
1.5286
1.52804
1.52321
1.51351
1.51217
1.50791
1.50744
1.50257
1.50239
1.49727
1.49769
1.49697
1.49667
1.49289
1.49248
1.48711
1.48721
1.48673
1.4872
1.48171
1.48186
1.47615
1.47743
1.47157
1.47174
1.47132
1.47191
1.47121
1.47207
1.46616
1.46618
1.46644
1.46168
1.46079
1.46133
1.4606
1.45533
1.45653
1.45091
1.45072
1.45102
1.44584
1.43983
1.43583
1.43495
1.42938
1.42584
1.42531
1.42487
1.41937
1.42014
1.41947
1.41974
1.42468
1.42972
1.43924
1.45036
1.47091
1.48081
1.49669
1.53285
1.54794
1.56873
1.60555
1.62442
1.66606
1.68749
1.72861
1.74907
1.79048
1.81142
1.84753
1.86282
1.87876
1.90966
1.92467
1.95083
1.96156
1.97161
1.99245
1.99776
2.01361
2.02286
2.02861
2.03395
2.03983
2.04352
2.04543
2.0451
2.04418
2.03992
2.03934
2.03438
2.03387
2.02967
2.02461
2.0189
2.00924
2.00402
1.99822
1.99849
1.98778
1.98297
1.9727
1.96714
1.95743
1.9519
1.95189
1.93623
1.9361
1.92538
1.92141
1.92045
1.90454
1.90573
1.89531
1.89447
1.88441
1.8802
1.87515
1.87347
1.87516
1.86863
1.86449
1.86295
1.8588
1.85825
1.85902
1.85892
1.85897
1.8589
1.85884
1.85376
1.85364
1.85349
1.85358
1.84836
1.84879
1.84823
1.84794
1.84395
1.84259
1.83764
1.83841
1.833
1.82828
1.82346
1.8224
1.81189
1.80771
1.79757
1.79618
1.78618
1.78218
1.77127
1.76627
1.76539
1.75487
1.75108
1.74045
1.73477
1.7303
1.71934
1.71457
1.70457
1.69875
1.68844
1.68385
1.67815
1.66784
1.66313
1.65239
1.64708
1.63673
1.63229
1.62671
1.62167
1.616
1.60538
1.60118
1.59071
1.58458
1.57988
1.5751
1.57443
1.56457
1.56433
1.56001
1.55446
1.54937
1.54437
1.54325
1.53279
1.53402
1.529
1.52765
1.52218
1.52381
1.51779
1.51319
1.51235
1.50716
1.50804
1.50729
1.50787
1.50261
1.50233
1.5028
1.50224
1.49699
1.49715
1.49224
1.49205
1.49219
1.49259
1.48728
1.48706
1.48694
1.48686
1.48225
1.4814
1.47727
1.47621
1.47164
1.47129
1.46642
1.47154
1.47181
1.46581
1.46678
1.46093
1.46131
1.45643
1.4556
1.45085
1.4508
1.44636
1.4451
1.44532
1.4407
1.43508
1.43066
1.43508
1.43529
1.43534
1.44581
1.45481
1.47563
1.48186
1.51283
1.52653
1.56282
1.57969
1.5987
1.64038
1.66149
1.69739
1.7227
1.73956
1.78056
1.79593
1.83259
1.85211
1.89982
1.91432
1.94038
1.95094
1.97196
1.98191
1.99285
2.00226
2.0245
2.02833
2.03335
2.03949
2.03418
2.03919
2.03483
2.03384
2.0349
2.03496
2.03379
2.02416
2.02377
2.01856
2.01404
2.00341
2.00311
1.9928
1.98863
1.972
1.96796
1.95725
1.9521
1.94184
1.93642
1.93174
1.92565
1.92596
1.92129
1.91044
1.91031
1.90043
1.89975
1.89425
1.89043
1.88488
1.88428
1.87985
1.88008
1.87397
1.86854
1.86933
1.8688
1.86894
1.86909
1.86834
1.86916
1.86383
1.86395
1.8639
1.86386
1.8643
1.86349
1.86463
1.85941
1.85819
1.85362
1.85346
1.84841
1.84834
1.8429
1.83901
1.83735
1.82828
1.81748
1.81254
