1.63184
1.63138
1.62224
1.61608
1.61121
1.60542
1.60588
1.5956
1.59105
1.58963
1.58468
1.58011
1.57975
1.57526
1.57434
1.57052
1.56926
1.56985
1.56985
1.56449
1.55908
1.55932
1.5544
1.55423
1.55415
1.55448
1.54939
1.54858
1.54917
1.54353
1.544
1.53853
1.53863
1.53878
1.53847
1.53389
1.5331
1.52813
1.52838
1.52377
1.52256
1.51738
1.51835
1.51809
1.51348
1.50771
1.50759
1.50281
1.50271
1.49743
1.49779
1.49684
1.5073
1.50779
1.5233
1.53229
1.53868
1.56436
1.57827
1.60429
1.62091
1.67215
1.69237
1.72375
1.74366
1.77526
1.79541
1.81183
1.84249
1.86244
1.88832
1.90486
1.92525
1.93605
1.9503
1.96584
1.97254
1.99214
2.00269
2.00851
2.01404
2.01857
2.01887
2.02415
2.0238
2.0185
2.01895
2.01389
2.01388
2.0034
2.0032
1.99758
1.99368
1.98322
1.98217
1.96696
1.96246
1.95137
1.93656
1.93102
1.92077
1.91573
1.90546
1.90051
1.88993
1.88001
1.87437
1.86948
1.86877
1.86351
1.85933
1.85824
1.85804
1.85427
1.85431
1.853
1.84789
1.84874
1.84845
1.8484
1.84838
1.84839
1.84837
1.8484
1.84837
1.84838
1.84315
1.84332
1.84313
1.83764
1.83885
1.83314
1.82792
1.82265
1.81752
1.81187
1.808
1.80273
1.79649
1.78677
1.78136
1.77152
1.76567
1.75597
1.75012
1.74078
1.7349
1.73006
1.72445
1.71967
1.70928
1.70425
1.69384
1.68837
1.68342
1.67363
1.67226
1.66243
1.65766
1.65258
1.64666
1.63709
1.63153
1.62668
1.62202
1.61613
1.61129
1.60095
1.59575
1.59025
1.58576
1.58454
1.57904
1.57575
1.57058
1.56427
1.55981
1.55873
1.54845
1.54942
1.54442
1.54329
1.53901
1.53831
1.53879
1.53343
1.53347
1.52868
1.52794
1.52806
1.52851
1.5232
1.52307
1.5236
1.51796
1.51338
1.5123
1.50729
1.50788
1.508
1.50769
1.50215
1.49703
1.4968
1.49214
1.4924
1.4919
1.49275
1.48683
1.48701
1.48131
1.48263
1.47633
1.47658
1.47103
1.46689
1.46643
1.46091
1.46093
1.46099
1.47175
1.4809
1.49616
1.50756
1.53799
1.54788
1.57883
1.59936
1.65586
1.71317
1.73378
1.77047
1.7899
1.84231
1.85722
1.88842
1.90482
1.93108
1.94014
1.96673
1.9771
1.98708
2.00205
2.00864
2.02388
2.02849
2.03366
2.03951
2.04477
2.04888
2.04965
2.04938
2.04382
2.04513
2.03905
2.04008
2.0341
2.02859
2.01921
2.01854
2.00846
2.00844
1.9979
1.99867
1.98829
1.98742
1.97746
1.97744
1.97269
1.96233
1.95675
1.95137
1.94702
1.94158
1.9366
1.93622
1.92548
1.92612
1.91576
1.91527
1.91125
1.90639
1.90464
1.90065
1.9003
1.90026
1.90017
1.89457
1.89512
1.88916
1.8844
1.88995
1.88426
1.88466
1.88448
1.87939
1.87928
1.87925
1.87466
1.86962
1.86866
1.86927
1.86342
1.86422
1.85883
1.85375
1.84838
1.84352
1.84298
1.83277
1.82773
1.81785
1.80233
1.80203
1.79138
1.78694
1.7765
1.77096
1.7607
1.75571
1.74027
1.73534
1.72992
1.72409
1.71387
1.70956
1.70401
1.69369
1.68843
1.68387
1.68303
1.67291
1.66793
1.66265
1.65727
1.65258
1.64295
1.641
1.63106
1.62741
1.62563
1.61608
1.61599
1.61093
1.606
1.60042
1.5959
1.591
1.59001
1.58557
1.5809
1.57955
1.57453
1.57488
1.57
1.5692
1.56501
1.56468
1.55979
1.55897
1.55368
1.55445
1.55385
1.54853
1.54923
1.54335
1.53873
1.53842
1.53921
1.5337
1.53846
1.533
1.53381
1.52794
1.52856
1.52401
1.52688
1.5218
1.52406
1.51841
1.51761
1.51819
1.51272
1.51274
1.50836
1.50777
1.5027
1.50221
1.49707
1.49788
1.49219
1.49212
1.48672
1.48714
1.48138
1.48211
1.48202
1.47635
1.48168
1.48156
1.48697
1.49695
1.50196
1.51176
1.53232
1.54845
1.57454
1.59343
1.61107
1.62483
1.64656
1.66113
1.69779
1.71781
1.75365
1.77069
1.80649
1.82118
1.83785
1.87364
1.88341
1.91442
1.92523
1.96118
1.97191
1.98757
1.99233
2.00779
2.01341
2.02894
2.03401
2.03864
2.0392
2.03472
2.0384
2.03336
2.03495
2.0302
2.02828
2.02345
2.02434
2.01387
2.01349
2.00915
2.00425
2.00262
1.99778
1.99343
1.99306
1.98285
1.97714
1.97234
1.96746
1.95751
1.95628
1.94654
1.94165
1.93662
1.93101
1.92049
1.92085
1.91502
1.91112
1.90552
1.90496
1.90031
1.8997
1.89973
1.89993
1.89996
1.89854
1.89677
1.89601
1.89398
1.89438
1.89563
1.88973
1.88967
1.88972
1.88965
1.88485
1.8848
1.87982
1.87906
1.87927
1.8749
1.86935
1.86886
1.86351
1.85936
1.85926
1.85337
1.8489
1.84399
1.8377
1.83301
1.83323
1.82248
1.81783
1.81703
