1.53367
1.53328
1.53354
1.53337
1.5339
1.53269
1.53345
1.53379
1.53387
1.53279
1.53386
1.53366
1.5333
1.52845
1.52845
1.52822
1.52826
1.53324
1.53344
1.53816
1.53857
1.54342
1.54894
1.5592
1.56411
1.5691
1.58454
1.5947
1.61497
1.62622
1.63577
1.64185
1.65561
1.66796
1.69384
1.70218
1.72875
1.74404
1.77604
1.79035
1.81131
1.82224
1.84275
1.84801
1.86911
1.8783
1.89474
1.89931
1.90508
1.92109
1.92473
1.93487
1.94208
1.94063
1.95144
1.95097
1.95684
1.96128
1.96105
1.96267
1.96765
1.96682
1.96731
1.97202
1.97253
1.97245
1.97216
1.97246
1.97768
1.97282
1.97305
1.97175
1.97203
1.97248
1.97218
1.97237
1.96746
1.96681
1.96686
1.9678
1.96245
1.96154
1.96234
1.95743
1.96113
1.95569
1.95775
1.95198
1.95104
1.95136
1.95182
1.95154
1.95162
1.95164
1.95162
1.95132
1.95162
1.95655
1.9521
1.95181
1.95155
1.95212
1.95578
1.9515
1.95167
1.95211
1.95582
1.95559
1.95811
1.95581
1.95626
1.9572
1.95742
1.95596
1.95702
1.95144
1.95179
1.95214
1.95123
1.9476
1.94571
1.94048
1.94187
1.93658
1.93588
1.9304
1.92657
1.9203
1.91064
1.91029
1.9106
1.90517
1.90049
1.89505
1.89474
1.89044
1.88557
1.88869
1.87854
1.87987
1.87419
1.8742
1.87463
1.86902
1.86349
1.86356
1.86423
1.85865
1.85364
1.85837
1.85361
1.84279
1.84358
1.83816
1.83791
1.83822
1.83365
1.83226
1.82768
1.82772
1.82766
1.82301
1.82213
1.82214
1.82303
1.81803
1.8169
1.81709
1.81318
1.81154
1.81223
1.80739
1.80164
1.80206
1.80229
1.79674
1.79677
1.79133
1.79178
1.78646
1.78196
1.78202
1.77621
1.77604
1.77612
1.77167
1.76991
1.76543
1.766
1.75976
1.76128
1.76013
1.76094
1.75559
1.75525
1.75006
1.75047
1.74521
1.74508
1.74032
1.74015
1.73982
1.73519
1.73496
1.73013
1.72445
1.72482
1.72007
1.71881
1.71387
1.71
1.70484
1.69767
1.69937
1.694
1.69318
1.69343
1.69347
1.69837
1.70332
1.71374
1.71929
1.72903
1.74474
1.75969
1.77059
1.78053
1.80128
1.81126
1.83766
1.84772
1.85807
1.88399
1.89916
1.92005
1.93032
1.95058
1.95692
1.98222
1.98737
1.9925
2.00268
2.0081
2.01319
2.02907
2.02904
2.03934
2.04437
2.04466
2.04949
2.04995
2.04987
2.04965
2.04976
2.04969
2.04982
2.04486
2.04433
2.0448
2.03924
2.03515
2.03352
2.03041
2.02804
2.02992
2.02415
2.01892
2.01353
2.01403
2.00353
2.00314
1.99848
1.99827
1.9936
1.9835
1.98241
1.97242
1.97219
1.96794
1.96168
1.95774
1.95612
1.94591
1.94688
1.94621
1.94087
1.9417
1.93168
1.93049
1.92621
1.93001
1.925
1.92645
1.92537
1.92134
1.92016
1.92103
1.92085
1.92055
1.92062
1.92069
1.9211
1.92028
1.92022
1.91612
1.91627
1.91043
1.91038
1.90993
1.90553
1.89574
1.89415
1.88914
1.89046
1.88015
1.8744
1.86958
1.86412
1.85948
1.85373
1.85338
1.84329
1.84316
1.83255
1.82877
1.82193
1.81822
1.80795
1.80649
1.79653
1.79239
1.78617
1.78148
1.77615
1.77064
1.76674
1.76071
1.7557
1.74998
1.74601
1.73969
1.7352
1.73497
1.73459
1.72892
1.72572
1.72032
1.71857
1.71539
1.7132
1.71039
1.70796
1.69853
1.69872
1.69419
1.693
1.69382
1.68812
1.68901
1.68285
1.679
1.67723
1.67859
1.67276
1.67282
1.67291
1.66745
1.66787
1.66226
1.65761
1.65228
1.65217
1.65215
1.65225
1.65148
1.64779
1.64181
1.64201
1.63684
1.63668
1.63193
1.62736
1.62563
1.62203
1.62196
1.61586
1.61119
1.61065
1.60538
1.60593
1.60115
1.60004
1.59574
1.59557
1.59491
1.58523
1.58517
1.57972
1.58047
1.57478
1.57028
1.56997
1.56971
1.55972
1.55902
1.55361
1.55435
1.54844
1.54932
1.54428
1.54336
1.5436
1.54386
1.54868
1.54905
1.56886
1.57451
1.58997
1.59975
1.62053
1.63102
1.65157
1.66678
1.67771
1.7033
1.71834
1.74429
1.75952
1.78524
1.79663
1.83161
1.84319
1.8636
1.86851
1.88918
1.89938
1.91504
1.92038
1.93075
1.93555
1.94499
1.94564
1.9471
1.94686
1.95104
1.94673
1.94631
1.94658
1.94642
1.94664
1.94125
1.94177
1.93718
1.93534
1.93137
1.93068
1.92535
1.9262
1.92087
1.92091
1.91121
1.90962
1.90444
1.90575
1.89983
1.89524
1.88929
1.88359
1.8853
1.87959
1.87882
1.87366
1.87458
1.86913
1.86922
1.86884
1.86887
1.86926
1.86931
1.8692
1.86855
1.86876
1.86922
1.86463
1.86331
1.86366
1.86397
1.86392
1.86383
1.86391
1.85832
1.85876
1.85868
1.85327
1.85377
1.84853
1.84405
1.8426
1.83723
1.83418
