1.56472
1.55924
1.55916
1.55415
1.54856
1.54892
1.5485
1.54321
1.54421
1.5383
1.53884
1.53917
1.53331
1.5335
1.53343
1.52857
1.52841
1.52816
1.52348
1.52324
1.52298
1.52317
1.51759
1.51829
1.51315
1.51247
1.50767
1.50768
1.50294
1.50211
1.50271
1.4974
1.49719
1.49192
1.49223
1.4873
1.48673
1.48241
1.48623
1.48261
1.4821
1.48166
1.48664
1.48718
1.49721
1.50672
1.52265
1.53263
1.55811
1.58885
1.62003
1.63584
1.66707
1.6819
1.71876
1.73389
1.78527
1.80143
1.83252
1.84699
1.87326
1.8842
1.91475
1.92535
1.95112
1.9611
1.96713
1.97662
1.98254
1.98252
1.98717
1.98784
1.98789
1.98754
1.98799
1.97727
1.97765
1.97275
1.96745
1.96272
1.95078
1.94787
1.94245
1.94085
1.92007
1.91545
1.91109
1.9001
1.90009
1.89506
1.8898
1.88962
1.87936
1.87488
1.8697
1.86332
1.85908
1.85843
1.85893
1.85371
1.85338
1.8479
1.84881
1.84296
1.84343
1.84327
1.84321
1.83875
1.84372
1.83799
1.83817
1.83793
1.83793
1.83817
1.83229
1.8325
1.82876
1.8288
1.82694
1.82382
1.81872
1.81644
1.8121
1.8123
1.80742
1.80232
1.80166
1.7966
1.79232
1.78662
1.78147
1.77152
1.76608
1.75583
1.75026
1.74546
1.74044
1.74001
1.73011
1.7248
1.71405
1.71428
1.704
1.69394
1.68921
1.68814
1.67844
1.67281
1.67289
1.66223
1.65751
1.65179
1.64763
1.63677
1.63225
1.63096
1.61689
1.61167
1.60581
1.60563
1.59535
1.59095
1.58577
1.58456
1.57908
1.57573
1.57394
1.5688
1.56571
1.56022
1.55818
1.55381
1.55428
1.55396
1.54854
1.54968
1.54373
1.54377
1.53824
1.53892
1.53265
1.53406
1.52902
1.52764
1.52867
1.52351
1.52343
1.52282
1.51783
1.51802
1.51291
1.51267
1.51269
1.51286
1.51315
1.50812
1.50722
1.50737
1.50745
1.50214
1.50268
1.50274
1.49764
1.49742
1.49176
1.49247
1.48694
1.48707
1.48686
1.48144
1.47721
1.47729
1.47136
1.47195
1.46623
1.46638
1.46601
1.46169
1.46148
1.46091
1.46596
1.47148
1.47625
1.49153
1.50237
1.52296
1.54178
1.56777
1.58477
1.59861
1.65627
1.70828
1.72359
1.75985
1.77981
1.81141
1.82658
1.85218
1.86878
1.9045
1.93578
1.94581
1.96164
1.96659
1.97655
1.98271
1.99302
1.99821
1.99825
2.00278
2.00395
2.0027
2.00254
1.99902
1.99425
1.99192
1.98666
1.98372
1.9819
1.97863
1.97705
1.97287
1.96222
1.96187
1.95163
1.95173
1.94146
1.94125
1.93688
1.93154
1.93102
1.92044
1.92124
1.91073
1.90513
1.90042
1.90029
1.89494
1.89481
1.89054
1.88445
1.88482
1.87944
1.86964
1.86472
1.86312
1.86495
1.85897
1.85843
1.85273
1.85422
1.85397
1.84842
1.8485
1.84826
1.84851
1.84827
1.84403
1.84742
1.84269
1.84368
1.84306
1.83877
1.83759
1.83346
1.83215
1.82768
1.82769
1.82336
1.8235
1.81696
1.81196
1.80798
1.79754
1.79621
1.79173
1.78657
1.78193
1.78072
1.7769
1.77053
1.76607
1.76114
1.75622
1.74997
1.74607
1.73506
1.73461
1.71964
1.71424
1.7092
1.70923
1.70398
1.69404
1.69306
1.68293
1.67845
1.66807
1.66741
1.66339
1.65727
1.65299
1.64703
1.64251
1.63208
1.63121
1.62145
1.62114
1.61142
1.61077
1.60621
1.60538
1.60148
1.5962
1.59476
1.59008
1.58549
1.58082
1.57925
1.58035
1.57435
1.57508
1.56948
1.56522
1.55877
1.55884
1.55465
1.55371
1.55431
1.55429
1.54915
1.54912
1.54354
1.53909
1.5386
1.53852
1.53869
1.5339
1.53307
1.52805
1.52841
1.52843
1.52334
1.51723
1.51746
1.51345
1.51233
1.51313
1.51252
1.5134
1.50769
1.5076
1.50258
1.50231
1.50303
1.49746
1.49713
1.49184
1.49725
1.49167
1.48765
1.48642
1.48182
1.48179
1.47649
1.4767
1.47219
1.47224
1.47624
1.47639
1.48132
1.49178
1.49723
1.51744
1.52761
1.55343
1.56386
1.58345
1.61468
1.63117
1.66686
1.68244
1.71873
1.73388
1.7541
1.78519
1.80641
1.84742
1.87365
1.88837
1.9
1.91551
1.92971
1.9454
1.95163
1.96663
1.97242
1.97701
1.98234
1.98767
1.98762
1.99303
1.99294
1.98817
1.98752
1.98278
1.98252
1.97741
1.97266
1.9671
1.96165
1.95193
1.94699
1.94182
1.93646
1.93596
1.92579
1.92138
1.91138
1.90957
1.90609
1.89999
1.89559
1.88476
1.88474
1.87948
1.87969
1.86914
1.86416
1.85932
1.85819
1.85836
1.85448
1.85384
1.84846
1.84845
1.84833
1.84834
1.84842
1.8484
1.84837
1.8484
1.84839
1.84838
1.84838
1.84838
1.84838
1.84838
1.84846
1.84789
1.84281
1.83858
1.83799
1.83812
1.83331
1.83251
1.82837
1.82193
1.81647
1.81329
