1.53303
1.53317
1.52918
1.52429
1.52226
1.52184
1.51925
1.51697
1.51336
1.51286
1.50806
1.50711
1.50146
1.50326
1.50869
1.51167
1.51249
1.5223
1.52377
1.53376
1.54286
1.55342
1.55906
1.59401
1.62063
1.63145
1.65256
1.66561
1.69843
1.72938
1.73913
1.75948
1.77086
1.79167
1.796
1.81195
1.82174
1.82773
1.83696
1.84339
1.84749
1.8579
1.8643
1.87356
1.87959
1.8791
1.88391
1.88953
1.89539
1.89443
1.8946
1.89993
1.89477
1.9047
1.90546
1.90468
1.90522
1.91009
1.91042
1.91038
1.91024
1.91026
1.91078
1.91084
1.90999
1.90532
1.90507
1.90569
1.90578
1.90515
1.89959
1.90027
1.89987
1.89547
1.89102
1.8886
1.88574
1.88607
1.8834
1.87916
1.8794
1.87325
1.8741
1.86935
1.86946
1.86869
1.86811
1.86487
1.87006
1.86345
1.85879
1.85904
1.86362
1.86417
1.85913
1.85891
1.85866
1.85382
1.84849
1.84845
1.84352
1.84294
1.8435
1.83856
1.83269
1.83285
1.82808
1.82791
1.81796
1.81701
1.81278
1.81183
1.80226
1.79672
1.79688
1.79239
1.78601
1.77587
1.77629
1.77079
1.7666
1.76065
1.7562
1.75033
1.74571
1.74029
1.72978
1.72961
1.72476
1.71938
1.70913
1.70453
1.7032
1.69771
1.69457
1.68421
1.67796
1.67357
1.6674
1.66297
1.65741
1.65748
1.6524
1.64758
1.64253
1.63649
1.63172
1.62695
1.62595
1.62188
1.61585
1.61127
1.61182
1.60531
1.60097
1.5954
1.59542
1.59101
1.58959
1.58474
1.58052
1.57991
1.5755
1.56965
1.56953
1.56514
1.5639
1.56418
1.55977
1.5548
1.55346
1.55335
1.54983
1.5482
1.54304
1.53942
1.53943
1.53808
1.53302
1.52924
1.52756
1.52791
1.52859
1.51859
1.51744
1.51389
1.51345
1.5127
1.50252
1.50279
1.49765
1.49218
1.49217
1.48728
1.48779
1.48627
1.48307
1.47687
1.47639
1.47141
1.4716
1.47164
1.47175
1.47125
1.46721
1.46565
1.46678
1.4722
1.47586
1.48171
1.48641
1.49703
1.49752
1.50636
1.52189
1.53332
1.54879
1.55835
1.57913
1.5898
1.60022
1.62639
1.63572
1.65661
1.66229
1.68806
1.70275
1.70897
1.72323
1.73022
1.73849
1.7601
1.77557
1.78092
1.80614
1.81233
1.83334
1.84147
1.85809
1.86405
1.87416
1.87921
1.87933
1.88446
1.8896
1.89459
1.895
1.89487
1.89487
1.89482
1.90062
1.89947
1.8991
1.90039
1.90054
1.89962
1.90031
1.89535
1.89447
1.89502
1.8951
1.88469
1.87456
1.87403
1.87431
1.86933
1.85913
1.85839
1.85393
1.84828
1.84337
1.84353
1.83888
1.83743
1.83239
1.83327
1.83305
1.83272
1.83308
1.83272
1.82806
1.83372
1.8323
1.83292
1.83287
1.83292
1.83867
1.84201
1.84247
1.84826
1.85315
1.85836
1.85892
1.86362
1.86408
1.86968
1.86857
1.86881
1.86918
1.86894
1.86988
1.86834
1.86316
1.85997
1.85392
1.84884
1.8386
1.83801
1.82764
1.82836
1.81269
1.8074
1.80207
1.80258
1.79204
1.777
1.77599
1.76592
1.76121
1.74505
1.74068
1.73582
1.7292
1.72033
1.70947
1.70375
1.68904
1.68346
1.6786
1.67303
1.66774
1.65793
1.65852
1.65164
1.64094
1.63803
1.62663
1.62158
1.6111
1.61117
1.60615
1.60095
1.59054
1.58552
1.57983
1.58104
1.57457
1.56945
1.56521
1.55927
1.55471
1.54951
1.54401
1.54863
1.54429
1.53883
1.53388
1.53975
1.53286
1.52798
1.52889
1.52276
1.5235
1.51826
1.5184
1.5128
1.51857
1.51788
1.51305
1.50765
1.50845
1.50697
1.50277
1.49746
1.49852
1.4963
1.49151
1.49257
1.49284
1.49161
1.48278
1.48106
1.48707
1.48236
1.48207
1.48163
1.49193
1.49191
1.49669
1.50171
1.50754
1.52346
1.53256
1.54299
1.55371
1.5592
1.58499
1.60054
1.60495
1.6252
1.63674
1.64096
1.65674
1.66758
1.68848
1.69302
1.70343
1.7138
1.72858
1.73491
1.73916
1.75009
1.75486
1.76563
1.77084
1.77562
1.77651
1.78022
1.78519
1.78738
1.78574
1.7916
1.7915
1.79086
1.79217
1.79624
1.78739
1.78697
1.78157
1.78758
1.78555
1.78113
1.78135
1.78179
1.78087
1.77668
1.77638
1.77112
1.77201
1.77015
1.76661
1.76561
1.76626
1.76583
1.7655
1.76012
1.76067
1.75987
1.76117
1.75575
1.75568
1.75568
1.75604
1.75507
1.75463
1.75117
1.75453
1.75532
1.76038
1.76061
1.765
1.77172
1.76577
1.7661
1.7607
1.76013
1.75488
1.76114
1.7557
1.74993
1.74571
1.74543
1.74045
1.73959
1.72921
1.72999
1.72541
1.72377
1.71879
1.71484
1.7088
1.70904
1.70458
1.70318
1.69343
1.69362
1.6885
1.68383
1.67883
1.67284
1.67329
1.66858
1.6625
1.65715
1.65265
1.64792
1.64105
1.63204
1.63114
1.62648
