1.59043
1.58967
1.58629
1.58589
1.58937
1.57554
1.57521
1.56949
1.56458
1.56422
1.55979
1.55884
1.55405
1.55435
1.55389
1.55424
1.54898
1.54891
1.54938
1.54853
1.54872
1.54906
1.54855
1.54966
1.54394
1.54365
1.54385
1.54327
1.53794
1.53915
1.53897
1.5383
1.53842
1.53873
1.53867
1.53855
1.53863
1.53861
1.53859
1.53817
1.53892
1.53349
1.5334
1.5334
1.52864
1.52368
1.52267
1.51805
1.51785
1.51326
1.51281
1.5128
1.51278
1.51234
1.51811
1.52231
1.53843
1.55936
1.56846
1.58433
1.59489
1.61546
1.62582
1.63565
1.66733
1.69322
1.70304
1.7343
1.74442
1.76503
1.77573
1.79152
1.80129
1.81653
1.82252
1.83798
1.83809
1.84286
1.85785
1.85925
1.86947
1.87362
1.87899
1.87962
1.87954
1.87948
1.87943
1.87437
1.874
1.87356
1.86991
1.8634
1.86406
1.85887
1.85858
1.8533
1.85374
1.84866
1.84333
1.83853
1.83761
1.82918
1.82697
1.82718
1.82373
1.82209
1.81707
1.8177
1.81273
1.81716
1.81259
1.81201
1.81259
1.81157
1.80728
1.80649
1.81242
1.80713
1.81194
1.81115
1.81316
1.81285
1.81176
1.8122
1.8112
1.80827
1.80299
1.80599
1.80756
1.80215
1.80176
1.79729
1.79635
1.79174
1.7914
1.7867
1.7814
1.77695
1.77543
1.77096
1.76173
1.7598
1.75504
1.75571
1.74518
1.74009
1.73986
1.73527
1.72901
1.72012
1.71529
1.70877
1.70914
1.7034
1.70411
1.69849
1.69441
1.68763
1.68888
1.68409
1.68243
1.67759
1.67385
1.67329
1.66774
1.66792
1.66282
1.66274
1.65683
1.65298
1.64638
1.64749
1.63729
1.63145
1.63133
1.63204
1.6214
1.6212
1.61622
1.61589
1.61147
1.60662
1.60495
1.60478
1.60195
1.59468
1.59955
1.59645
1.59605
1.59483
1.58891
1.59126
1.59025
1.59068
1.58499
1.58487
1.57921
1.58498
1.57435
1.57981
1.57526
1.5744
1.57465
1.56986
1.56941
1.5691
1.57047
1.57051
1.5737
1.57459
1.57518
1.57023
1.5687
1.56367
1.56497
1.5696
1.56914
1.58488
1.58998
1.60025
1.61011
1.62656
1.64023
1.66359
1.6758
1.70281
1.70901
1.73585
1.74325
1.77597
1.78984
1.8103
1.823
1.83256
1.84253
1.86813
1.88394
1.90487
1.91506
1.92008
1.92554
1.94566
1.95157
1.96098
1.97071
1.97726
1.98247
1.98715
1.99255
1.99328
1.99414
1.99204
1.97333
1.96699
1.94657
1.94195
1.92681
1.91569
1.905
1.89594
1.87978
1.87414
1.85939
1.85341
1.83315
1.8134
1.81133
1.80117
1.79763
1.78156
1.78101
1.77096
1.77092
1.76527
1.76622
1.76069
1.75574
1.7557
1.75041
1.75464
1.74929
1.75101
1.74498
1.74523
1.74519
1.74018
1.73986
1.73999
1.73989
1.7346
1.73493
1.72919
1.72995
1.72411
1.72473
1.71909
1.71473
1.71357
1.70915
1.70895
1.70342
1.70404
1.69875
1.69432
1.69286
1.69396
1.68842
1.68381
1.6782
1.67825
1.6677
1.66766
1.66279
1.65775
1.65703
1.65186
1.64791
1.64643
1.63623
1.63702
1.63161
1.63113
1.62143
1.62102
1.61211
1.61029
1.60549
1.61079
1.60063
1.60049
1.59537
1.59542
1.59535
1.58992
1.5909
1.58502
1.58505
1.585
1.5807
1.57925
1.57949
1.58023
1.57563
1.57933
1.57482
1.57474
1.57483
1.57466
1.56961
1.57443
1.56941
1.56974
1.56489
1.56848
1.56323
1.56529
1.56486
1.5641
1.5646
1.56423
1.56459
1.55938
1.56357
1.56357
1.56501
1.564
1.56433
1.56412
1.56425
1.56962
1.5648
1.5661
1.56303
1.56352
1.56032
1.55837
1.55338
1.55902
1.56008
1.55414
1.55396
1.55415
1.5541
1.55417
1.55887
1.56899
1.57925
1.59438
1.60598
1.62636
1.64631
1.65694
1.66683
1.69284
1.70329
1.72335
1.73904
1.76959
1.78095
1.7908
1.81788
1.82638
1.84274
1.84829
1.85827
1.86394
1.87304
1.88349
1.88988
1.89969
1.90516
1.91521
1.91582
1.92
1.92612
1.93043
1.92577
1.92585
1.92101
1.92035
1.92093
1.91631
1.91485
1.91053
1.91027
1.90472
1.91026
1.90467
1.9053
1.90974
1.90443
1.91067
1.90543
1.90485
1.90108
1.89511
1.89456
1.88421
1.88035
1.89024
1.88483
1.88364
1.88994
1.88426
1.88445
1.88886
1.88593
1.87481
1.87412
1.88399
1.87956
1.87461
1.87888
1.8808
1.87784
1.88465
1.88479
1.8699
1.86393
1.8639
1.85906
1.85455
1.85277
1.84941
1.8379
1.83848
1.83738
1.83386
1.82789
1.82766
1.82278
1.82234
1.81833
1.80703
1.80717
1.80212
1.79731
1.79621
1.80189
1.79139
1.78739
1.79152
1.78719
1.77629
1.77636
1.78033
1.77055
1.76634
1.76511
1.76628
1.75015
1.75134
1.74977
1.73967
1.74957
1.73434
1.74
1.73512
1.72476
1.71974
