1.60524
1.60122
1.60009
1.60079
1.60035
1.60566
1.6009
1.60044
1.60046
1.60067
1.60067
1.60045
1.60551
1.6058
1.60565
1.61031
1.62081
1.62635
1.63085
1.64097
1.65187
1.67278
1.69814
1.71843
1.72442
1.73418
1.74993
1.7603
1.77012
1.78065
1.80687
1.82239
1.82749
1.83778
1.84277
1.85336
1.85849
1.86399
1.8637
1.86851
1.87323
1.87487
1.87949
1.87916
1.87911
1.88442
1.88451
1.88452
1.88455
1.8845
1.88497
1.8851
1.87885
1.87908
1.87511
1.87499
1.87356
1.8738
1.87007
1.86822
1.86409
1.86328
1.85852
1.85897
1.84811
1.8487
1.8439
1.83813
1.83347
1.83255
1.82789
1.82317
1.81766
1.81714
1.81143
1.80809
1.80609
1.80826
1.8023
1.80166
1.80183
1.80196
1.80155
1.80217
1.80174
1.7966
1.80169
1.80213
1.80209
1.80177
1.80181
1.802
1.80197
1.80188
1.80112
1.80223
1.80127
1.80151
1.80221
1.802
1.80189
1.80193
1.80194
1.80221
1.80191
1.802
1.79661
1.79683
1.79202
1.79126
1.78612
1.78659
1.78093
1.77672
1.77643
1.77593
1.77133
1.76632
1.76582
1.75603
1.75499
1.75031
1.75023
1.74554
1.74052
1.73915
1.73496
1.73471
1.73035
1.72907
1.72564
1.72491
1.72412
1.71985
1.70974
1.70839
1.70496
1.70298
1.70441
1.70305
1.69309
1.69341
1.68847
1.68832
1.68373
1.68746
1.68381
1.68403
1.6772
1.67742
1.67848
1.67801
1.67314
1.67259
1.67311
1.67259
1.66733
1.66752
1.66755
1.66801
1.66256
1.66253
1.66249
1.66248
1.66218
1.65671
1.65778
1.65728
1.65741
1.65748
1.65267
1.65224
1.65218
1.6522
1.65186
1.65239
1.65232
1.65212
1.64735
1.64719
1.64655
1.64153
1.6421
1.64205
1.63646
1.63698
1.63698
1.63163
1.6316
1.63151
1.63153
1.6307
1.63213
1.627
1.62591
1.62615
1.62652
1.62628
1.62139
1.62598
1.62073
1.62158
1.62185
1.62032
1.62187
1.616
1.62094
1.61653
1.61631
1.61585
1.61618
1.6161
1.61601
1.62092
1.6169
1.62163
1.62084
1.63667
1.63662
1.65173
1.65697
1.68334
1.70841
1.71834
1.74012
1.74915
1.78089
1.79699
1.8062
1.81715
1.83283
1.84218
1.85257
1.85885
1.86823
1.87382
1.879
1.8898
1.89399
1.89907
1.90077
1.90622
1.90924
1.91116
1.91076
1.91499
1.91508
1.91577
1.91548
1.9156
1.91579
1.91023
1.91488
1.90944
1.911
1.90986
1.91018
1.91043
1.90516
1.90518
1.90493
1.90088
1.89976
1.9002
1.89507
1.89465
1.89463
1.89513
1.88479
1.88394
1.88394
1.88048
1.87853
1.87325
1.87487
1.86942
1.86397
1.85846
1.8544
1.85296
1.85393
1.84849
1.84328
1.84318
1.84324
1.83778
1.83827
1.83308
1.83275
1.83303
1.82812
1.82775
1.8273
1.82324
1.8238
1.8266
1.82856
1.82781
1.82811
1.82806
1.82739
1.82744
1.82799
1.82706
1.83307
1.83297
1.83249
1.83288
1.83295
1.82771
1.82765
1.82757
1.8279
1.82312
1.82214
1.82289
1.82233
1.81719
1.81763
1.81315
1.81643
1.81189
1.8126
1.80709
1.80708
1.80672
1.80185
1.80158
1.79714
1.79166
1.79173
1.787
1.78194
1.78075
1.78165
1.77617
1.77643
1.7708
1.77152
1.76143
1.76002
1.756
1.7501
1.75003
1.75054
1.74499
1.74489
1.73957
1.74036
1.73471
1.73022
1.72888
1.72471
1.71391
1.71401
1.71463
1.70893
1.70949
1.70434
1.70335
1.6989
1.69846
1.69882
1.69829
1.6989
1.69378
1.69332
1.69346
1.69349
1.68816
1.69328
1.68886
1.68866
1.68814
1.68291
1.68331
1.6831
1.68281
1.68352
1.67798
1.67807
1.67775
1.67778
1.67783
1.67816
1.67748
1.67395
1.67349
1.6724
1.67267
1.67258
1.67239
1.66831
1.66723
1.66748
1.66779
1.66779
1.66265
1.66246
1.66261
1.6624
1.65769
1.66156
1.65682
1.65775
1.65758
1.65274
1.65171
1.65222
1.65215
1.64697
1.64709
1.64263
1.64129
1.64228
1.63761
1.64049
1.6356
1.63719
1.63174
1.63129
1.63184
1.63154
1.6315
1.62602
1.62668
1.62169
1.62093
1.62134
1.61628
1.6207
1.61676
1.61644
1.61131
1.61575
1.61038
1.61576
1.61027
1.61578
1.61583
1.62112
1.62575
1.63165
1.63589
1.64586
1.65241
1.66756
1.67672
1.69258
1.70346
1.71342
1.73417
1.73967
1.76495
1.79116
1.79631
1.81239
1.81657
1.82713
1.83298
1.84386
1.85215
1.85281
1.85853
1.86331
1.86315
1.86894
1.87439
1.87402
1.87405
1.87921
1.87904
1.87943
1.87927
1.87806
1.87996
1.87487
1.8737
1.87455
1.87437
1.87452
1.86904
1.869
1.86909
1.86409
1.86374
1.8581
1.85924
1.85407
1.84869
1.84319
1.83837
1.83785
1.83336
1.82776
1.82763
1.81767
1.81727
1.80679
1.80735
