1.63139
1.63137
1.63174
1.63175
1.63134
1.63138
1.63166
1.63143
1.63147
1.63646
1.64077
1.64224
1.64763
1.65108
1.65683
1.66212
1.67234
1.68295
1.68813
1.70887
1.71347
1.72922
1.73928
1.7551
1.76497
1.78564
1.79187
1.80067
1.81135
1.82263
1.83282
1.84264
1.85353
1.85791
1.86382
1.8743
1.88484
1.88426
1.88472
1.89007
1.89427
1.89462
1.89986
1.89998
1.90002
1.90488
1.90534
1.91009
1.91043
1.91019
1.91055
1.91057
1.91012
1.91017
1.91013
1.91088
1.90537
1.90496
1.90422
1.90142
1.89591
1.89415
1.89014
1.88931
1.88482
1.87985
1.87488
1.86872
1.86916
1.86421
1.86469
1.85828
1.85396
1.84838
1.84851
1.84376
1.83778
1.83873
1.82815
1.8275
1.82783
1.82736
1.82214
1.81753
1.81729
1.81774
1.81677
1.8126
1.81777
1.81263
1.81246
1.81209
1.81217
1.81229
1.81221
1.81223
1.81224
1.81224
1.81225
1.81222
1.813
1.8117
1.81224
1.81744
1.81701
1.81769
1.8172
1.81731
1.81747
1.81742
1.81697
1.81709
1.81765
1.81738
1.8174
1.81737
1.81709
1.81283
1.81701
1.81172
1.79734
1.79171
1.78638
1.78141
1.77614
1.77609
1.77651
1.77094
1.77095
1.77135
1.76573
1.76102
1.75557
1.75595
1.75022
1.7503
1.74508
1.74514
1.73552
1.73424
1.72912
1.72997
1.71939
1.71932
1.71455
1.71376
1.70988
1.70343
1.7037
1.69936
1.69409
1.69351
1.69342
1.69326
1.68801
1.68854
1.68345
1.68303
1.68319
1.68311
1.68324
1.68308
1.68325
1.68309
1.6831
1.68322
1.6832
1.68312
1.68814
1.68389
1.68761
1.68918
1.68768
1.68798
1.68822
1.6884
1.68835
1.69321
1.68795
1.68861
1.68847
1.68823
1.68839
1.68871
1.68798
1.68863
1.68854
1.68815
1.68821
1.68842
1.68826
1.68838
1.68829
1.68835
1.68834
1.68832
1.68875
1.68796
1.68864
1.68396
1.68292
1.683
1.68294
1.67787
1.67804
1.67806
1.67815
1.67787
1.67246
1.67316
1.66816
1.66737
1.66785
1.6677
1.66769
1.66161
1.66806
1.66809
1.66741
1.66783
1.67307
1.67759
1.68324
1.68754
1.70894
1.71373
1.71898
1.72393
1.7343
1.75011
1.75922
1.77511
1.7813
1.79053
1.80166
1.80661
1.81671
1.82712
1.83715
1.85301
1.85878
1.86899
1.87312
1.87944
1.88951
1.89473
1.89967
1.90021
1.90582
1.90939
1.91585
1.91085
1.91033
1.91032
1.91036
1.91519
1.90984
1.91075
1.91061
1.90533
1.90536
1.90543
1.90462
1.90072
1.89947
1.90084
1.89504
1.89475
1.89046
1.8891
1.88569
1.88362
1.87833
1.87565
1.86975
1.86407
1.86406
1.85853
1.85404
1.84875
1.84323
1.83787
1.8337
1.83234
1.82846
1.8227
1.8178
1.81227
1.81219
1.80673
1.8029
1.79799
1.79586
1.79738
1.79633
1.79257
1.79537
1.7911
1.79193
1.79174
1.7915
1.79157
1.79159
1.79117
1.79129
1.79182
1.79172
1.79645
1.79685
1.79633
1.79709
1.79704
1.79653
1.79635
1.79699
1.79608
1.79696
1.79655
1.79698
1.79161
1.79616
1.79616
1.79682
1.79681
1.79671
1.79686
1.79206
1.79648
1.79094
1.79205
1.79128
1.79187
1.78688
1.78609
1.78668
1.78137
1.77617
1.77607
1.77123
1.7708
1.7714
1.76615
1.76544
1.76159
1.75987
1.7554
1.75546
1.75091
1.74984
1.75059
1.74563
1.74468
1.7455
1.7397
1.74012
1.73483
1.73476
1.72994
1.72945
1.72977
1.72953
1.72408
1.72488
1.71924
1.71456
1.7138
1.71442
1.70887
1.70417
1.70397
1.70378
1.69843
1.694
1.6931
1.69378
1.69328
1.69364
1.68789
1.68864
1.68322
1.68353
1.68288
1.68339
1.67775
1.67821
1.67787
1.67796
1.67766
1.67283
1.67287
1.67768
1.67382
1.67203
1.67349
1.66751
1.66782
1.66777
1.66803
1.66736
1.66838
1.66263
1.66243
1.6624
1.66219
1.66315
1.662
1.66291
1.6622
1.66274
1.66232
1.66271
1.66233
1.66268
1.66264
1.6624
1.66244
1.66257
1.66247
1.65766
1.65754
1.66206
1.65806
1.65681
1.65706
1.65798
1.65195
1.65224
1.65212
1.65212
1.65224
1.65223
1.65222
1.65208
1.6478
1.65097
1.64607
1.65263
1.64687
1.64673
1.64769
1.64198
1.64666
1.64718
1.64647
1.6469
1.6516
1.65263
1.65674
1.65738
1.66216
1.67246
1.67754
1.69335
1.69803
1.70846
1.71379
1.7241
1.7296
1.7451
1.75489
1.77023
1.78077
1.78606
1.79643
1.80182
1.81134
1.82158
1.82775
1.84285
1.84836
1.85324
1.85339
1.8581
1.86367
1.87344
1.87906
1.87965
1.88355
1.88388
1.88983
1.88969
1.89497
1.89545
1.89431
1.8892
1.89457
1.89504
1.89493
1.89481
1.88923
1.89008
1.88997
1.88944
1.8899
1.88466
1.88438
1.88019
1.87874
1.8746
1.87384
