1.66766
1.66734
1.66789
1.66782
1.66793
1.66736
1.66696
1.66337
1.66188
1.6672
1.66757
1.66805
1.6727
1.67261
1.67296
1.67724
1.68339
1.68793
1.69312
1.70354
1.70844
1.71919
1.72877
1.73467
1.75502
1.76024
1.77545
1.78098
1.79624
1.80686
1.81165
1.82658
1.83308
1.84408
1.85228
1.85891
1.86939
1.87362
1.88441
1.88456
1.88979
1.89459
1.89485
1.89964
1.90037
1.90449
1.90056
1.90436
1.90458
1.90567
1.90526
1.90507
1.90973
1.91027
1.91007
1.9046
1.90557
1.90533
1.90509
1.90521
1.90481
1.90098
1.90049
1.89969
1.89996
1.89513
1.89472
1.89006
1.88935
1.88464
1.88439
1.87872
1.87984
1.87457
1.87388
1.87455
1.86903
1.86384
1.85908
1.85838
1.84815
1.84864
1.84288
1.84387
1.83854
1.83289
1.82819
1.82727
1.82334
1.82191
1.81822
1.82163
1.8165
1.81814
1.81786
1.81705
1.81767
1.81718
1.81762
1.81757
1.81689
1.82195
1.81818
1.81697
1.81776
1.81768
1.81719
1.82257
1.82299
1.81801
1.8169
1.81707
1.81767
1.81265
1.81638
1.81112
1.81306
1.80772
1.80663
1.80241
1.80676
1.80137
1.79749
1.79622
1.79607
1.79689
1.79109
1.79206
1.78649
1.78115
1.78133
1.77683
1.77157
1.76561
1.76586
1.76027
1.75612
1.75146
1.7494
1.745
1.74555
1.74
1.73484
1.73511
1.72996
1.73438
1.72436
1.72903
1.72412
1.72512
1.72439
1.72387
1.71972
1.71444
1.71386
1.70862
1.70921
1.70884
1.70459
1.70328
1.70418
1.70388
1.69896
1.69324
1.69372
1.69368
1.69376
1.6882
1.68846
1.68851
1.6833
1.68307
1.68323
1.68312
1.68319
1.68317
1.68316
1.67828
1.67783
1.68255
1.67918
1.67713
1.67818
1.67789
1.67817
1.67781
1.67818
1.67822
1.67289
1.67279
1.67291
1.67276
1.67276
1.67292
1.67341
1.67232
1.66738
1.67269
1.6672
1.67302
1.6675
1.66769
1.66775
1.6727
1.66808
1.66793
1.66748
1.66782
1.66757
1.66775
1.67251
1.67339
1.67847
1.67764
1.68271
1.68852
1.69302
1.71388
1.72896
1.73502
1.75038
1.7543
1.76553
1.77573
1.78084
1.7908
1.80638
1.81699
1.82729
1.83741
1.84294
1.85276
1.85857
1.8682
1.87422
1.88387
1.89479
1.8997
1.90516
1.90517
1.90474
1.91014
1.91547
1.91538
1.91549
1.92049
1.92067
1.91578
1.91609
1.91507
1.92115
1.91533
1.92057
1.92061
1.92066
1.91554
1.91546
1.91554
1.91543
1.91559
1.91053
1.91516
1.91574
1.91054
1.91015
1.90571
1.90469
1.90561
1.89975
1.90021
1.89499
1.89519
1.88518
1.88406
1.88004
1.87533
1.87335
1.86809
1.87013
1.85897
1.85856
1.85862
1.85397
1.85322
1.84769
1.84888
1.84337
1.84317
1.83856
1.84218
1.83853
1.83764
1.83776
1.84319
1.83812
1.83803
1.83808
1.83841
1.83783
1.84286
1.84343
1.84326
1.84323
1.84319
1.84317
1.84814
1.84279
1.84358
1.84345
1.84304
1.84336
1.84323
1.84369
1.83697
1.8382
1.83836
1.83285
1.83291
1.83331
1.83298
1.82755
1.82794
1.82305
1.82259
1.8222
1.82324
1.81258
1.8169
1.8115
1.80795
1.80676
1.80117
1.8029
1.79745
1.79142
1.79209
1.78627
1.78658
1.78105
1.77657
1.77629
1.77118
1.77171
1.76582
1.76581
1.76108
1.76015
1.75457
1.75656
1.75071
1.75038
1.74529
1.74005
1.73958
1.74036
1.72984
1.72974
1.72514
1.72393
1.7245
1.71919
1.71469
1.71414
1.71413
1.70965
1.7085
1.70919
1.70386
1.70347
1.70452
1.69826
1.69895
1.69388
1.6932
1.69334
1.69402
1.69298
1.69397
1.69268
1.68818
1.68794
1.6888
1.6929
1.69341
1.69359
1.69263
1.6938
1.69357
1.69348
1.69346
1.69356
1.69355
1.69343
1.69352
1.69351
1.69347
1.6935
1.6935
1.69349
1.69349
1.69357
1.68816
1.68846
1.68866
1.68309
1.68288
1.67789
1.67805
1.67799
1.67846
1.67292
1.67275
1.67277
1.67285
1.66766
1.66773
1.66761
1.66817
1.66201
1.66291
1.66268
1.66241
1.65761
1.66208
1.65796
1.65693
1.65762
1.65718
1.65214
1.65174
1.65179
1.65218
1.65255
1.64688
1.64719
1.64262
1.64122
1.63664
1.64158
1.63724
1.63063
1.63128
1.63216
1.62653
1.62623
1.62627
1.62645
1.62673
1.62696
1.62551
1.62044
1.62181
1.62155
1.62096
1.62103
1.62079
1.62147
1.63102
1.63183
1.6414
1.64713
1.65736
1.66695
1.68244
1.69311
1.70338
1.71897
1.72885
1.74961
1.76045
1.78086
1.78599
1.80185
1.80635
1.81697
1.83276
1.83781
1.84811
1.85345
1.85894
1.86331
1.86882
1.87888
1.88392
1.88462
1.88888
1.89035
1.88916
1.89498
1.89507
1.895
1.89509
1.90043
1.89967
1.90029
1.8998
1.90018
1.89989
1.89995
1.90006
