1.71388
1.71876
1.73417
1.74497
1.75493
1.77025
1.7758
1.79089
1.79698
1.81238
1.81697
1.82215
1.82741
1.83235
1.83784
1.84819
1.85335
1.85914
1.86286
1.86905
1.8691
1.87339
1.8797
1.88397
1.8841
1.89012
1.88894
1.88925
1.89491
1.89474
1.8894
1.8899
1.88953
1.89029
1.88469
1.88492
1.88423
1.8848
1.87909
1.87955
1.87923
1.87374
1.87447
1.86895
1.86951
1.86392
1.8583
1.85356
1.85356
1.84792
1.84877
1.84325
1.83871
1.83761
1.83835
1.83265
1.82869
1.82301
1.82222
1.81755
1.8173
1.81756
1.81218
1.81225
1.80689
1.80718
1.80708
1.80674
1.80728
1.8072
1.80693
1.80721
1.80694
1.81183
1.81259
1.81743
1.8174
1.82279
1.82729
1.82805
1.82747
1.83282
1.83296
1.83292
1.8329
1.83822
1.83799
1.83816
1.84322
1.84322
1.84322
1.84322
1.8432
1.84312
1.84331
1.84323
1.84324
1.84319
1.84289
1.83864
1.83696
1.83403
1.82824
1.82742
1.82811
1.8225
1.81722
1.81756
1.81271
1.81146
1.81329
1.80654
1.8027
1.80125
1.7958
1.79258
1.78712
1.78604
1.78639
1.78157
1.78103
1.77613
1.77646
1.77064
1.7712
1.76586
1.76574
1.76577
1.76099
1.76129
1.7597
1.75158
1.75154
1.74932
1.75101
1.74647
1.74412
1.7446
1.74513
1.7403
1.7357
1.73414
1.73447
1.73544
1.7304
1.72898
1.72475
1.72425
1.72465
1.7194
1.71919
1.71979
1.71516
1.71333
1.71478
1.70892
1.70887
1.70909
1.70852
1.70789
1.70529
1.70013
1.69759
1.69815
1.69413
1.69388
1.68873
1.688
1.68333
1.68298
1.67805
1.67799
1.67321
1.67254
1.66722
1.66313
1.66345
1.66172
1.6632
1.663
1.66211
1.66185
1.66333
1.65746
1.65732
1.65732
1.65253
1.6572
1.65787
1.65769
1.65708
1.65726
1.65733
1.65235
1.65697
1.65725
1.65742
1.65731
1.65738
1.65736
1.65253
1.65816
1.65671
1.65785
1.65703
1.65792
1.65734
1.65764
1.65716
1.65738
1.66223
1.66249
1.66692
1.67738
1.68334
1.68778
1.69807
1.7085
1.7187
1.72417
1.74018
1.74945
1.76481
1.77585
1.80097
1.8071
1.82254
1.83188
1.84191
1.85351
1.85322
1.86848
1.86937
1.87906
1.88408
1.88965
1.89419
1.89975
1.90027
1.90424
1.91002
1.91049
1.91447
1.91556
1.91545
1.91551
1.92039
1.92055
1.9208
1.92084
1.92093
1.92089
1.9155
1.9199
1.91467
1.91622
1.91043
1.91029
1.91042
1.90557
1.90484
1.8997
1.89535
1.8949
1.885
1.8842
1.87953
1.87417
1.87458
1.86911
1.86439
1.86337
1.85796
1.8549
1.84991
1.84725
1.84921
1.83848
1.83781
1.83306
1.83276
1.83217
1.8286
1.82825
1.82698
1.82248
1.82267
1.82316
1.82216
1.82772
1.82666
1.82822
1.82798
1.82746
1.82706
1.82784
1.82778
1.82813
1.8278
1.82785
1.82794
1.8271
1.82344
1.82807
1.82747
1.82212
1.82293
1.8228
1.81714
1.81675
1.81151
1.80805
1.8026
1.80132
1.79583
1.79709
1.79166
1.79207
1.78633
1.78111
1.78142
1.77601
1.77177
1.76657
1.76518
1.7598
1.75629
1.75528
1.75066
1.745
1.74457
1.74079
1.73605
1.73385
1.73471
1.72999
1.72447
1.72478
1.71942
1.7145
1.71393
1.70957
1.70856
1.70926
1.70335
1.7042
1.69846
1.69877
1.69902
1.69838
1.69439
1.694
1.69311
1.6885
1.693
1.68903
1.6878
1.68872
1.68805
1.68764
1.68396
1.6836
1.68285
1.68301
1.68335
1.67791
1.683
1.67809
1.6779
1.67813
1.6776
1.67245
1.67308
1.67226
1.67256
1.67258
1.67237
1.67315
1.67242
1.6683
1.66798
1.66747
1.6676
1.66771
1.66762
1.66285
1.66711
1.66192
1.66299
1.66274
1.66236
1.66246
1.66254
1.66251
1.65764
1.66242
1.65709
1.65752
1.65687
1.65177
1.65253
1.65241
1.65201
1.65233
1.64733
1.64677
1.64191
1.64226
1.64207
1.64171
1.63733
1.64112
1.63753
1.63176
1.63592
1.63092
1.63197
1.63138
1.63207
1.63151
1.63156
1.6315
1.64218
1.64158
1.64697
1.65189
1.65731
1.66765
1.67693
1.68753
1.6982
1.72388
1.72971
1.7389
1.75007
1.75976
1.77503
1.78139
1.79652
1.80178
1.80641
1.8121
1.81715
1.82206
1.83282
1.83779
1.84334
1.84797
1.84864
1.85272
1.85837
1.85811
1.86369
1.86398
1.86835
1.86919
1.86916
1.86851
1.86872
1.86961
1.86928
1.86889
1.869
1.86904
1.8695
1.86398
1.86385
1.85846
1.8589
1.85332
1.84897
1.84783
1.84316
1.83835
1.83853
1.8334
1.82765
1.82819
1.81773
1.82202
1.81154
1.80792
1.80643
1.79639
1.79217
1.78738
1.78577
1.78091
1.77659
1.77144
1.77056
1.77122
1.76593
1.76601
1.76568
1.76035
1.76079
1.76129
1.76055
1.76057
