1.65726
1.66762
1.67209
1.68798
1.69302
1.70864
1.71861
1.73941
1.75457
1.77041
1.78061
1.79589
1.80676
1.81174
1.82736
1.83245
1.84748
1.85386
1.86386
1.87357
1.8783
1.88507
1.88982
1.88996
1.89524
1.89458
1.90003
1.90004
1.90008
1.9044
1.90498
1.90469
1.91053
1.90486
1.90537
1.90573
1.90478
1.89974
1.90513
1.90033
1.89916
1.89411
1.89583
1.88928
1.88996
1.88982
1.87977
1.87912
1.87445
1.87436
1.86411
1.86366
1.85798
1.85927
1.84907
1.84795
1.84288
1.83895
1.8378
1.83788
1.83338
1.83361
1.8323
1.82688
1.82729
1.82805
1.82769
1.82792
1.82802
1.82295
1.82721
1.82324
1.82698
1.82824
1.82787
1.82757
1.82757
1.82788
1.8276
1.82784
1.82721
1.83262
1.82767
1.83266
1.82737
1.83287
1.82806
1.82789
1.828
1.8275
1.82324
1.818
1.82186
1.81826
1.81793
1.81699
1.81226
1.81234
1.80723
1.80701
1.8071
1.80718
1.80204
1.79708
1.79652
1.79113
1.78713
1.78679
1.7866
1.78133
1.78155
1.77622
1.77145
1.77046
1.76648
1.76613
1.76553
1.76024
1.76097
1.75009
1.75528
1.74999
1.74593
1.74059
1.7395
1.73444
1.73497
1.72926
1.72988
1.72484
1.72425
1.71964
1.71895
1.71348
1.71474
1.70881
1.70914
1.70438
1.70336
1.69901
1.69844
1.69841
1.69301
1.69391
1.68933
1.68752
1.68259
1.68363
1.68338
1.68302
1.68325
1.67823
1.67824
1.6778
1.67787
1.6781
1.67362
1.67711
1.67383
1.67341
1.67241
1.66694
1.66853
1.66803
1.66789
1.66261
1.66247
1.66258
1.6573
1.65731
1.65723
1.65748
1.65747
1.65769
1.657
1.65747
1.65245
1.65737
1.6574
1.65687
1.6516
1.65709
1.65235
1.65205
1.65208
1.65231
1.6523
1.65208
1.65228
1.6519
1.65237
1.64673
1.64696
1.64706
1.64163
1.64203
1.64238
1.6415
1.64183
1.63691
1.63634
1.63698
1.63647
1.63113
1.63629
1.63164
1.63159
1.63192
1.63119
1.62641
1.63125
1.63132
1.63166
1.637
1.63643
1.64173
1.65228
1.65209
1.66779
1.67688
1.69211
1.69934
1.70748
1.72329
1.73457
1.74964
1.76008
1.77532
1.78601
1.79643
1.80145
1.8115
1.82254
1.83813
1.84244
1.85798
1.86852
1.87391
1.88482
1.88916
1.91515
1.92544
1.93102
1.93055
1.936
1.9408
1.94125
1.94123
1.9459
1.9469
1.94711
1.94597
1.9466
1.94642
1.94101
1.94157
1.93666
1.93576
1.93646
1.93138
1.93067
1.93125
1.92633
1.92546
1.92656
1.91504
1.90482
1.90553
1.89979
1.89533
1.8949
1.88499
1.88416
1.87412
1.8743
1.869
1.86416
1.85834
1.85418
1.85301
1.84818
1.84369
1.83866
1.83798
1.83237
1.83325
1.82822
1.82812
1.82735
1.82273
1.82271
1.82244
1.82268
1.82228
1.82771
1.82725
1.82322
1.82208
1.82292
1.82231
1.82275
1.81776
1.82166
1.81686
1.82311
1.81776
1.81709
1.81767
1.81759
1.81726
1.81731
1.81712
1.81716
1.81279
1.81176
1.81265
1.80756
1.80775
1.80174
1.80687
1.79654
1.79662
1.79676
1.79147
1.79142
1.78696
1.78243
1.78518
1.7829
1.77522
1.77669
1.77615
1.7708
1.76656
1.76091
1.76046
1.76066
1.75581
1.75555
1.75054
1.74554
1.74488
1.74524
1.73936
1.74046
1.73524
1.72997
1.72536
1.7238
1.71924
1.71978
1.70973
1.70836
1.70378
1.70379
1.698
1.69927
1.6936
1.69306
1.68801
1.68812
1.68369
1.67826
1.67785
1.67773
1.67293
1.66739
1.66794
1.66744
1.66207
1.66286
1.66279
1.66232
1.65686
1.65763
1.65736
1.65731
1.65728
1.65785
1.65136
1.65743
1.65247
1.65241
1.65199
1.65212
1.65218
1.65228
1.65165
1.65178
1.65254
1.65119
1.65301
1.64731
1.64191
1.64184
1.64188
1.63742
1.63616
1.63635
1.6374
1.6362
1.63155
1.63155
1.63158
1.63113
1.62635
1.62636
1.62642
1.62634
1.62639
1.62636
1.62637
1.62155
1.62094
1.6207
1.6212
1.61621
1.62037
1.61527
1.61663
1.61118
1.61556
1.61637
1.61621
1.61632
1.61576
1.61545
1.62138
1.62122
1.62076
1.62645
1.63667
1.64158
1.65148
1.65719
1.67738
1.68328
1.6924
1.70756
1.71448
1.72986
1.73877
1.75967
1.76584
1.77008
1.78557
1.79644
1.80643
1.81243
1.82793
1.8324
1.83813
1.83795
1.84262
1.84848
1.85894
1.85854
1.8643
1.86845
1.87418
1.8742
1.87949
1.87933
1.87998
1.88376
1.88505
1.88473
1.88441
1.88451
1.88451
1.88449
1.88423
1.879
1.87962
1.87919
1.87971
1.87422
1.87422
1.87416
1.86865
1.86983
1.86384
1.85894
1.85852
1.85308
1.84914
1.83767
1.83838
1.8332
1.82784
1.82279
1.81757
1.80801
1.80681
1.79707
1.79654
1.79166
1.78701
1.78664
1.78186
