1.70392
1.713
1.72437
1.72892
1.73993
1.74924
1.76475
1.77092
1.79164
1.79647
1.8062
1.81707
1.82212
1.83247
1.83768
1.84776
1.85373
1.85821
1.86326
1.86433
1.86917
1.87386
1.87418
1.87903
1.87925
1.87419
1.87906
1.87961
1.87952
1.87923
1.88398
1.88543
1.88335
1.88591
1.88345
1.87845
1.88007
1.87431
1.87418
1.87416
1.87427
1.86931
1.86922
1.86393
1.86383
1.85835
1.85421
1.853
1.8491
1.8479
1.84388
1.83872
1.83758
1.83253
1.82872
1.8225
1.82304
1.81737
1.81741
1.80699
1.80132
1.7979
1.79204
1.79123
1.79187
1.78691
1.78609
1.78666
1.78617
1.78661
1.7815
1.78561
1.78701
1.78602
1.78634
1.78649
1.78646
1.78641
1.79181
1.79142
1.79134
1.79147
1.79167
1.79156
1.79155
1.79166
1.79106
1.79653
1.79695
1.79701
1.79658
1.7965
1.7921
1.79118
1.79191
1.79134
1.79178
1.79145
1.79151
1.79164
1.78678
1.78622
1.78651
1.78646
1.78639
1.78608
1.78075
1.78168
1.77609
1.7761
1.7761
1.77164
1.77041
1.77136
1.76597
1.76038
1.76079
1.76048
1.75591
1.75058
1.75
1.7448
1.74545
1.74525
1.74056
1.73953
1.73581
1.73402
1.73538
1.7348
1.72916
1.72997
1.72473
1.71945
1.7192
1.71459
1.70885
1.70911
1.70948
1.70898
1.704
1.70371
1.69904
1.69411
1.69331
1.69333
1.68877
1.68904
1.68814
1.68368
1.68398
1.68255
1.67744
1.67317
1.67338
1.67239
1.67321
1.67254
1.67272
1.66843
1.66714
1.66809
1.66737
1.66751
1.66822
1.66812
1.66733
1.66752
1.663
1.66212
1.66282
1.66235
1.66269
1.66234
1.66267
1.66237
1.66283
1.66223
1.66208
1.66242
1.65781
1.6569
1.65778
1.65771
1.65702
1.6571
1.65756
1.65749
1.65724
1.65744
1.65705
1.65755
1.6526
1.65187
1.65281
1.65176
1.65251
1.65194
1.65228
1.65223
1.65216
1.6522
1.65182
1.65207
1.65227
1.65188
1.65239
1.65757
1.65712
1.66221
1.66724
1.67243
1.67765
1.68267
1.69246
1.70304
1.7137
1.72885
1.73964
1.74943
1.75541
1.77005
1.77641
1.79665
1.80611
1.82807
1.83677
1.84348
1.85275
1.86343
1.87379
1.87899
1.89433
1.90007
1.90483
1.90538
1.90951
1.9154
1.92032
1.92099
1.93049
1.93607
1.93617
1.93618
1.94145
1.94122
1.94615
1.94632
1.94162
1.94552
1.9472
1.94601
1.94647
1.941
1.94159
1.94109
1.94124
1.94138
1.93631
1.93158
1.93136
1.92591
1.92066
1.92063
1.91627
1.91492
1.91637
1.91001
1.9049
1.90536
1.89974
1.89549
1.89426
1.89059
1.88407
1.88006
1.87492
1.87366
1.86479
1.86358
1.85827
1.85908
1.85328
1.8538
1.84829
1.84854
1.84338
1.8433
1.84316
1.84326
1.84314
1.84312
1.84821
1.84363
1.84292
1.84308
1.8433
1.84324
1.84365
1.84355
1.84294
1.84345
1.84303
1.84337
1.8431
1.84351
1.84334
1.83834
1.8427
1.83757
1.83839
1.83862
1.83805
1.83269
1.83304
1.83244
1.8284
1.8272
1.82779
1.82232
1.82278
1.81782
1.81715
1.81754
1.8178
1.81217
1.81234
1.80756
1.80663
1.79634
1.7972
1.79635
1.79229
1.79102
1.78716
1.78172
1.77639
1.77584
1.77151
1.77047
1.77138
1.76528
1.76096
1.7604
1.75512
1.75123
1.74956
1.75083
1.74508
1.74507
1.7402
1.73975
1.735
1.73463
1.73498
1.73504
1.72977
1.72953
1.72971
1.72512
1.72888
1.71941
1.71917
1.71365
1.70958
1.70864
1.70957
1.70375
1.69938
1.69808
1.69344
1.69355
1.69342
1.69398
1.68826
1.68836
1.68832
1.68389
1.68331
1.68347
1.68332
1.67811
1.67824
1.67804
1.67844
1.67338
1.67243
1.67314
1.66818
1.67173
1.66827
1.6676
1.66775
1.66773
1.66727
1.66243
1.66252
1.66255
1.66259
1.66208
1.66142
1.66379
1.65815
1.6567
1.65767
1.65711
1.65276
1.65211
1.65209
1.65231
1.64743
1.65199
1.65232
1.64725
1.6517
1.64772
1.6471
1.64659
1.64113
1.64239
1.64149
1.64212
1.64202
1.64116
1.64237
1.63698
1.63646
1.63689
1.64177
1.64196
1.64177
1.64193
1.6463
1.65236
1.65682
1.66686
1.67801
1.68243
1.69802
1.70844
1.72327
1.73472
1.76032
1.77016
1.78556
1.80129
1.8119
1.82175
1.82766
1.85253
1.86325
1.87364
1.87919
1.88923
1.90023
1.90506
1.91526
1.91534
1.9199
1.92124
1.92579
1.92586
1.92537
1.93063
1.93117
1.93106
1.93152
1.93052
1.92661
1.93181
1.92544
1.92568
1.92036
1.92093
1.92087
1.9159
1.91519
1.90987
1.91036
1.90505
1.89998
1.90012
1.89467
1.89054
1.88568
1.88368
1.87887
1.88014
1.86898
1.86426
1.85971
1.85793
1.84985
1.84765
1.84346
1.84337
1.84367
1.84295
1.83776
1.83825
