1.68787
1.69309
1.70797
1.7283
1.73549
1.75584
1.76447
1.77598
1.79598
1.80671
1.82234
1.83204
1.84845
1.85804
1.86407
1.86857
1.87423
1.87907
1.88407
1.8949
1.89436
1.90015
1.90025
1.90421
1.90896
1.91144
1.91667
1.91463
1.91615
1.92072
1.92058
1.92056
1.92566
1.92575
1.92547
1.9213
1.92017
1.92105
1.92035
1.92089
1.91603
1.91583
1.91525
1.90986
1.91075
1.90511
1.9008
1.90046
1.89489
1.89475
1.89019
1.88473
1.88447
1.87946
1.8792
1.8692
1.869
1.86946
1.86425
1.86357
1.85965
1.85475
1.85224
1.84767
1.85416
1.84785
1.84805
1.84864
1.84818
1.84851
1.84865
1.84823
1.84846
1.84837
1.85328
1.85345
1.85359
1.85798
1.8593
1.86408
1.86369
1.86847
1.86868
1.87375
1.8739
1.87933
1.87904
1.87959
1.88371
1.88442
1.88458
1.88941
1.88951
1.88896
1.89035
1.88479
1.88429
1.88435
1.88474
1.87892
1.87976
1.87521
1.87784
1.87299
1.87471
1.87443
1.86926
1.86913
1.86937
1.86393
1.85892
1.85391
1.85369
1.85345
1.84807
1.84305
1.83856
1.8328
1.83301
1.8332
1.82784
1.82243
1.81819
1.81248
1.80758
1.80284
1.80127
1.79791
1.79101
1.79208
1.79126
1.78075
1.7817
1.77644
1.77091
1.76606
1.76599
1.76075
1.75505
1.7509
1.74534
1.74012
1.7398
1.73566
1.73409
1.72868
1.73034
1.72449
1.72007
1.7187
1.71499
1.71343
1.70992
1.70957
1.70406
1.70391
1.69895
1.69405
1.69305
1.69384
1.68888
1.6879
1.68809
1.6885
1.68298
1.68332
1.68304
1.67801
1.67802
1.67847
1.67277
1.67275
1.67292
1.67298
1.66819
1.66782
1.66763
1.66766
1.66773
1.6676
1.66776
1.66329
1.66193
1.66221
1.66314
1.66301
1.66206
1.65808
1.65839
1.65651
1.65195
1.65688
1.65322
1.65245
1.652
1.64764
1.64655
1.64669
1.64729
1.64681
1.64239
1.64139
1.64227
1.63664
1.63678
1.63184
1.63615
1.63102
1.63189
1.63129
1.63144
1.63638
1.64684
1.65725
1.66224
1.66757
1.69352
1.70899
1.71833
1.73922
1.74979
1.76035
1.78134
1.79042
1.81663
1.82248
1.84838
1.85769
1.86879
1.87854
1.88449
1.8938
1.91016
1.91977
1.93525
1.94164
1.94594
1.95131
1.95684
1.96113
1.97196
1.97699
1.98744
1.99251
1.9933
1.99712
1.99855
2.0038
2.00733
2.01273
2.01423
2.01394
2.01336
2.01377
2.0133
2.01388
2.01381
2.00854
2.00863
2.00831
2.00852
2.00329
2.00325
1.99823
1.99808
1.9986
1.99281
1.99352
1.98307
1.98227
1.97661
1.97369
1.96635
1.96215
1.95737
1.95089
1.94097
1.93632
1.93069
1.9268
1.92506
1.92164
1.91985
1.91462
1.91631
1.90553
1.90531
1.90521
1.90517
1.9052
1.90524
1.90006
1.9
1.9
1.90004
1.89998
1.89998
1.90493
1.90016
1.8999
1.90011
1.90007
1.89962
1.89553
1.89555
1.89426
1.89534
1.88998
1.88946
1.88926
1.89043
1.88466
1.88446
1.87973
1.8791
1.87473
1.8738
1.86905
1.86432
1.86344
1.85947
1.85801
1.85486
1.85251
1.84743
1.84426
1.83884
1.8327
1.83301
1.82794
1.82762
1.82777
1.82203
1.82301
1.81292
1.81178
1.80726
1.80684
1.80254
1.7919
1.79133
1.78696
1.78605
1.77653
1.77084
1.76625
1.7655
1.76007
1.75608
1.75087
1.74495
1.74532
1.74015
1.73496
1.72924
1.72989
1.72465
1.71956
1.71457
1.70945
1.70416
1.69916
1.69828
1.69279
1.69441
1.68799
1.68305
1.68323
1.6779
1.6733
1.66753
1.66792
1.66739
1.66189
1.66307
1.65813
1.65666
1.65205
1.65225
1.65216
1.64694
1.64714
1.64687
1.64234
1.64156
1.64171
1.6375
1.6361
1.63717
1.63633
1.63698
1.63687
1.63659
1.63658
1.63682
1.63173
1.63159
1.63151
1.63198
1.62634
1.62638
1.62638
1.62635
1.62638
1.62186
1.62027
1.62059
1.62168
1.6158
1.61622
1.61167
1.61024
1.61143
1.61133
1.61087
1.60533
1.60572
1.6014
1.59983
1.60116
1.60103
1.59522
1.59507
1.59572
1.59028
1.59028
1.59018
1.58452
1.58546
1.58036
1.57965
1.57995
1.57977
1.58008
1.58017
1.57959
1.57959
1.58508
1.58969
1.59514
1.59551
1.60531
1.61573
1.62609
1.64071
1.64722
1.65617
1.66756
1.67665
1.69268
1.7083
1.72845
1.73985
1.74931
1.76961
1.77632
1.79666
1.80603
1.82187
1.83284
1.84835
1.85281
1.86345
1.87345
1.87926
1.895
1.89467
1.90485
1.90991
1.91065
1.92105
1.92032
1.93047
1.93096
1.93092
1.93595
1.93582
1.93636
1.93656
1.93588
1.93152
1.93052
1.9314
1.93107
1.92611
1.92557
1.92606
1.92074
1.92056
1.92088
1.91557
1.91548
1.91069
1.91003
1.90495
1.90533
1.8998
1.89539
1.88932
1.89039
