1.74462
1.75028
1.7597
1.76608
1.77001
1.78091
1.79163
1.79593
1.80635
1.8125
1.82778
1.83334
1.8375
1.84283
1.843
1.84835
1.84831
1.84851
1.85303
1.85308
1.85883
1.85831
1.85905
1.85895
1.85852
1.85886
1.8588
1.85864
1.85867
1.85838
1.85378
1.85328
1.85381
1.84848
1.84834
1.84839
1.839
1.83734
1.83864
1.83315
1.83268
1.82731
1.82806
1.82249
1.81778
1.8124
1.81216
1.80747
1.80717
1.7973
1.7967
1.79663
1.79242
1.78761
1.78599
1.7818
1.78142
1.78121
1.77581
1.77634
1.77608
1.77604
1.77621
1.77597
1.776
1.77617
1.78098
1.78066
1.78169
1.7815
1.78109
1.78118
1.78132
1.78619
1.78694
1.78607
1.78221
1.7854
1.78722
1.78688
1.79098
1.78588
1.7917
1.79195
1.78639
1.78652
1.7863
1.79166
1.79154
1.79127
1.79178
1.79191
1.7864
1.78643
1.78634
1.78653
1.78652
1.78152
1.78141
1.78116
1.78134
1.78086
1.77673
1.77559
1.77132
1.77067
1.77083
1.7662
1.7654
1.76609
1.7607
1.76055
1.7554
1.75551
1.75105
1.74972
1.75069
1.74481
1.74535
1.74007
1.73985
1.73524
1.73444
1.73062
1.7289
1.72396
1.72477
1.72015
1.71379
1.709
1.70903
1.70892
1.70422
1.7035
1.69961
1.69881
1.69373
1.68848
1.68822
1.6884
1.68828
1.68356
1.6828
1.67809
1.67789
1.67855
1.67271
1.67292
1.67279
1.66732
1.66799
1.66345
1.66664
1.66149
1.66364
1.65686
1.65713
1.65714
1.65181
1.65247
1.65276
1.65173
1.64739
1.64674
1.64722
1.64747
1.6471
1.6417
1.64196
1.64188
1.64186
1.64185
1.6419
1.63701
1.63688
1.63656
1.63679
1.63704
1.63687
1.63694
1.63098
1.632
1.62704
1.63071
1.6318
1.6265
1.62628
1.63132
1.62644
1.62627
1.62668
1.62618
1.62117
1.62602
1.62672
1.62612
1.62661
1.62651
1.62683
1.62599
1.62667
1.62656
1.62623
1.63116
1.63144
1.6315
1.63599
1.64118
1.6473
1.6516
1.66196
1.66289
1.67159
1.68761
1.69816
1.7138
1.7237
1.73437
1.75496
1.76513
1.78581
1.7962
1.81641
1.82752
1.83717
1.84808
1.85298
1.86327
1.87372
1.87892
1.88948
1.90563
1.90963
1.91566
1.93116
1.9353
1.94624
1.94615
1.95642
1.96163
1.9622
1.96662
1.96756
1.97158
1.97621
1.97812
1.97794
1.9771
1.98299
1.98199
1.98301
1.9824
1.98231
1.98271
1.97732
1.97761
1.97731
1.97204
1.96756
1.96726
1.96707
1.96184
1.95753
1.9567
1.95727
1.95164
1.95159
1.94122
1.94146
1.93666
1.93573
1.93169
1.92598
1.92575
1.92097
1.91589
1.91521
1.9054
1.90545
1.90012
1.89512
1.8946
1.89063
1.885
1.88414
1.87878
1.87541
1.87321
1.86869
1.86938
1.86933
1.86878
1.86885
1.86918
1.86913
1.86895
1.87396
1.87389
1.8745
1.87446
1.87397
1.87922
1.87905
1.87861
1.87464
1.87423
1.87882
1.87391
1.87412
1.87422
1.86923
1.87378
1.86851
1.86464
1.86327
1.8583
1.859
1.85884
1.85374
1.85413
1.84865
1.8485
1.84879
1.84361
1.84391
1.8382
1.83855
1.82796
1.83282
1.82298
1.82227
1.81722
1.81756
1.81248
1.80712
1.80716
1.80281
1.80121
1.79605
1.79247
1.78763
1.78555
1.78748
1.78082
1.7816
1.77618
1.77055
1.77117
1.76599
1.76078
1.76048
1.75591
1.75014
1.75051
1.74611
1.74429
1.73976
1.73525
1.73012
1.72934
1.72983
1.72489
1.72417
1.71883
1.71977
1.71405
1.70933
1.70878
1.70908
1.70895
1.70452
1.70328
1.69821
1.69899
1.69926
1.69336
1.69353
1.69338
1.69363
1.68907
1.69259
1.68753
1.68894
1.68786
1.68306
1.68326
1.6827
1.68288
1.68339
1.683
1.6835
1.68293
1.68253
1.67878
1.67839
1.67774
1.67817
1.6779
1.67324
1.67741
1.67226
1.67818
1.67265
1.673
1.67269
1.66807
1.67223
1.67331
1.67311
1.67229
1.67322
1.67261
1.673
1.67314
1.67277
1.67246
1.66714
1.66815
1.66725
1.66809
1.6673
1.66801
1.66747
1.66755
1.66298
1.66782
1.6672
1.668
1.66746
1.66782
1.67246
1.68237
1.68382
1.68849
1.69755
1.70433
1.70828
1.71396
1.7236
1.73377
1.74454
1.77067
1.78046
1.78627
1.79629
1.80639
1.82174
1.83254
1.83801
1.84739
1.86247
1.87321
1.87943
1.8948
1.89933
1.90494
1.91019
1.92105
1.92971
1.93034
1.93588
1.94122
1.94578
1.94704
1.94602
1.95122
1.94602
1.94725
1.94551
1.94051
1.94191
1.93682
1.93561
1.93006
1.93172
1.92146
1.92013
1.92106
1.9157
1.91534
1.90966
1.91131
1.90065
1.89958
1.8954
1.89455
1.89541
1.88966
1.87986
1.87454
1.86883
1.86431
1.85355
1.8536
1.84346
1.84299
1.83754
1.83216
1.82699
1.8235
