1.61061
1.61103
1.60601
1.60539
1.61093
1.60561
1.60619
1.60565
1.60589
1.60056
1.60015
1.60087
1.6008
1.59547
1.59534
1.59552
1.59523
1.58997
1.59048
1.59036
1.59013
1.59464
1.59071
1.59495
1.60056
1.60579
1.61021
1.62083
1.62585
1.641
1.6474
1.65112
1.66647
1.67833
1.68834
1.69768
1.71367
1.71935
1.72861
1.73924
1.7502
1.7547
1.76572
1.77589
1.78075
1.78611
1.79646
1.79694
1.80743
1.80679
1.81729
1.81701
1.82263
1.82759
1.82773
1.83296
1.83288
1.83293
1.83774
1.83824
1.83808
1.83806
1.84328
1.84317
1.84326
1.84283
1.84348
1.84332
1.84317
1.84322
1.84321
1.83824
1.83795
1.83811
1.83261
1.83311
1.82778
1.8277
1.82325
1.82207
1.81812
1.81194
1.81744
1.81247
1.8066
1.80266
1.79728
1.79672
1.79196
1.7913
1.78103
1.78102
1.77667
1.77081
1.77626
1.77119
1.7712
1.76623
1.76552
1.77095
1.76542
1.76597
1.77057
1.76525
1.76606
1.7658
1.7658
1.76618
1.76516
1.76536
1.77101
1.76553
1.77086
1.76572
1.76581
1.76578
1.76578
1.76537
1.76601
1.76551
1.76563
1.76056
1.76075
1.76042
1.76081
1.76123
1.76049
1.75581
1.75571
1.75524
1.75526
1.75061
1.74995
1.75041
1.7506
1.74552
1.74484
1.74531
1.74035
1.74013
1.73504
1.73464
1.73047
1.73008
1.72932
1.72456
1.7195
1.7197
1.71901
1.71952
1.71923
1.71447
1.7139
1.70884
1.7091
1.70907
1.70411
1.70353
1.69877
1.69858
1.69296
1.69386
1.68766
1.68437
1.68379
1.67749
1.67291
1.67271
1.66787
1.66755
1.66775
1.66218
1.66282
1.65768
1.65717
1.65193
1.65278
1.6469
1.64223
1.64165
1.63707
1.63764
1.63155
1.62674
1.62606
1.62667
1.6261
1.62181
1.62066
1.62155
1.61617
1.62129
1.61649
1.61582
1.61605
1.62042
1.62064
1.62132
1.62136
1.62106
1.62579
1.62547
1.63187
1.63067
1.63226
1.6305
1.6372
1.64119
1.64722
1.6525
1.65643
1.67245
1.68281
1.71349
1.73384
1.73995
1.76551
1.77525
1.79602
1.80661
1.82152
1.83265
1.84739
1.85359
1.86287
1.87352
1.88404
1.89444
1.89958
1.91022
1.91495
1.92604
1.93499
1.937
1.93999
1.94676
1.95077
1.96198
1.96679
1.96741
1.9718
1.97225
1.97669
1.98249
1.98256
1.98266
1.98778
1.98771
1.9879
1.99237
1.99348
1.98796
1.9925
1.98724
1.99313
1.98794
1.98782
1.98778
1.98292
1.98246
1.97774
1.97723
1.97252
1.96685
1.96189
1.95671
1.95698
1.95185
1.9466
1.94085
1.93546
1.93662
1.93065
1.93136
1.92626
1.92539
1.92625
1.92048
1.92079
1.92071
1.92063
1.9207
1.91623
1.91987
1.91638
1.91486
1.91596
1.91536
1.91559
1.91064
1.91043
1.91038
1.91049
1.91017
1.90409
1.90605
1.89998
1.89997
1.90033
1.8953
1.89555
1.89434
1.89467
1.89492
1.89486
1.88968
1.89459
1.8891
1.8901
1.88986
1.88967
1.88508
1.88426
1.88457
1.87924
1.87941
1.87457
1.87464
1.86887
1.86352
1.85969
1.85399
1.84827
1.8386
1.83762
1.83204
1.83397
1.82361
1.81695
1.81231
1.80737
1.80686
1.80208
1.79688
1.7863
1.77623
1.77597
1.77142
1.76569
1.76102
1.7564
1.75024
1.74537
1.74056
1.7339
1.73026
1.72515
1.7191
1.71471
1.70886
1.70431
1.70336
1.69779
1.69974
1.69383
1.69327
1.68862
1.68863
1.68374
1.68283
1.67889
1.67738
1.67291
1.67274
1.66748
1.67277
1.66748
1.6678
1.66761
1.66771
1.66321
1.662
1.66224
1.6627
1.6574
1.65735
1.6574
1.65729
1.65741
1.6574
1.65773
1.65215
1.65224
1.65218
1.65263
1.64764
1.65139
1.64704
1.6479
1.6459
1.64345
1.64102
1.64136
1.63742
1.63687
1.63655
1.63666
1.63676
1.63703
1.63732
1.63136
1.63116
1.6366
1.63686
1.64095
1.64227
1.64146
1.65696
1.67299
1.67717
1.70407
1.71291
1.72881
1.73951
1.75976
1.76572
1.78627
1.79092
1.80145
1.8115
1.8222
1.82721
1.84277
1.85296
1.86318
1.87406
1.8792
1.88959
1.89423
1.89988
1.90458
1.91502
1.92029
1.92484
1.92658
1.93111
1.9309
1.931
1.9358
1.93647
1.93631
1.93605
1.93612
1.94062
1.93536
1.93682
1.93561
1.93659
1.93588
1.93149
1.93171
1.92559
1.92087
1.92045
1.91531
1.91564
1.91061
1.90491
1.89513
1.8901
1.88533
1.88443
1.87436
1.87441
1.86398
1.85891
1.85863
1.84844
1.84833
1.84302
1.83853
1.83342
1.83281
1.82796
1.82753
1.82791
1.82249
1.82261
1.81737
1.82193
1.82292
1.81754
1.81764
1.81717
1.8167
1.81839
1.81178
1.81261
1.812
1.81239
1.81273
1.80699
1.8071
1.80744
1.80724
1.80212
1.80176
1.80227
1.80159
1.80167
