1.67752
1.67291
1.67307
1.67275
1.6681
1.66725
1.66249
1.66256
1.66235
1.66259
1.66292
1.66225
1.66307
1.65738
1.65734
1.65212
1.65706
1.6523
1.65205
1.65205
1.65196
1.64724
1.64753
1.64215
1.64168
1.64711
1.64699
1.65192
1.65235
1.66212
1.66722
1.68325
1.68755
1.70353
1.71331
1.7395
1.77034
1.78067
1.80129
1.81172
1.82724
1.83737
1.84785
1.87422
1.88951
1.89424
1.91004
1.91504
1.93544
1.94161
1.94606
1.95123
1.96189
1.96201
1.97149
1.97297
1.98337
1.98202
1.98229
1.9873
1.98745
1.99295
1.99286
1.99244
1.99343
1.99253
1.99272
1.98823
1.98844
1.98734
1.97767
1.98177
1.97627
1.97357
1.96744
1.96205
1.96193
1.95654
1.95254
1.9473
1.94102
1.93668
1.9309
1.93111
1.92099
1.9204
1.91053
1.91028
1.9049
1.9006
1.89993
1.89002
1.88945
1.88414
1.88481
1.87434
1.87414
1.86919
1.86858
1.87414
1.86935
1.86875
1.86964
1.86936
1.87325
1.86813
1.86975
1.8735
1.87471
1.87445
1.87403
1.87423
1.8742
1.8742
1.87461
1.8745
1.87395
1.86872
1.86927
1.86415
1.86414
1.85919
1.85834
1.85893
1.85856
1.85318
1.84903
1.84785
1.84318
1.84322
1.83751
1.834
1.83379
1.82738
1.82796
1.82187
1.8174
1.81286
1.80798
1.80648
1.79676
1.79678
1.79108
1.78718
1.7817
1.77594
1.77132
1.77076
1.77098
1.76534
1.7614
1.75071
1.75483
1.74449
1.74605
1.73955
1.73409
1.73082
1.71447
1.70404
1.69434
1.68949
1.6875
1.68269
1.68349
1.67814
1.67789
1.67312
1.67262
1.67301
1.67258
1.67265
1.66724
1.66805
1.66759
1.66284
1.66271
1.65755
1.65713
1.65186
1.65224
1.64726
1.64683
1.64166
1.64203
1.64192
1.63659
1.63682
1.63681
1.63702
1.63665
1.63181
1.63164
1.63148
1.63143
1.63166
1.63166
1.63588
1.63135
1.63137
1.63168
1.631
1.62716
1.62694
1.6259
1.62675
1.6266
1.62626
1.62644
1.62634
1.62501
1.62663
1.63066
1.63549
1.63727
1.65644
1.67703
1.68317
1.71345
1.72928
1.74404
1.77048
1.78051
1.80654
1.81684
1.83755
1.84773
1.8635
1.8739
1.88405
1.8992
1.90957
1.925
1.93082
1.94573
1.95158
1.95647
1.96716
1.9765
1.98209
1.98794
1.99204
1.99774
2.00287
2.0079
2.01372
2.01375
2.01346
2.01841
2.02347
2.02428
2.0233
2.02363
2.02413
2.01874
2.01887
2.01897
2.01352
2.01858
2.00842
2.00844
2.0039
2.00286
1.99819
1.99317
1.98769
1.98309
1.97768
1.97741
1.96745
1.96683
1.95704
1.94643
1.93584
1.94091
1.93117
1.93091
1.92594
1.92519
1.92146
1.92113
1.91997
1.91483
1.91602
1.91511
1.92073
1.91575
1.91565
1.91539
1.91544
1.91555
1.91547
1.91549
1.91551
1.91574
1.9158
1.91049
1.91061
1.91025
1.9104
1.90556
1.90482
1.9001
1.89995
1.89544
1.89445
1.89511
1.88976
1.89006
1.88456
1.87942
1.87358
1.86986
1.86479
1.86309
1.85278
1.8542
1.84953
1.84752
1.84456
1.83824
1.83794
1.82806
1.82754
1.8181
1.81692
1.80706
1.80704
1.80125
1.79798
1.78687
1.79103
1.78713
1.77643
1.77599
1.7707
1.76665
1.76063
1.7561
1.75044
1.75015
1.74022
1.73984
1.73432
1.73029
1.72368
1.72022
1.71532
1.71331
1.70802
1.70522
1.70281
1.69767
1.69932
1.69355
1.68809
1.68407
1.68249
1.67798
1.67806
1.67278
1.6728
1.6626
1.66251
1.65734
1.65735
1.65239
1.65212
1.65219
1.65216
1.65222
1.64728
1.6468
1.6424
1.64149
1.64213
1.64122
1.63648
1.63181
1.63134
1.63138
1.6321
1.62561
1.62694
1.62668
1.62624
1.62103
1.62129
1.62127
1.62153
1.6206
1.61517
1.61669
1.61638
1.61581
1.61051
1.61115
1.61104
1.61094
1.61085
1.60619
1.60581
1.60572
1.60159
1.59979
1.60016
1.60047
1.60061
1.59979
1.59624
1.59585
1.59507
1.59525
1.59548
1.60059
1.60544
1.60552
1.60586
1.61003
1.6164
1.63172
1.63587
1.65147
1.66209
1.6721
1.69834
1.71398
1.72356
1.74431
1.75503
1.76545
1.78567
1.79632
1.81204
1.82172
1.83714
1.84318
1.86799
1.87424
1.8843
1.89408
1.89922
1.90505
1.91488
1.91588
1.92554
1.92129
1.92666
1.92466
1.9306
1.93075
1.93117
1.931
1.93102
1.93136
1.92588
1.92635
1.92055
1.91607
1.91512
1.91078
1.90997
1.89977
1.90025
1.89512
1.88983
1.88417
1.87994
1.87402
1.86917
1.86891
1.85864
1.85875
1.84841
1.84835
1.84396
1.8333
1.82741
1.82308
1.81809
1.81692
1.81275
1.8118
1.80746
1.8117
1.80659
1.80741
1.80686
1.80667
1.80728
1.80747
1.80722
1.80671
1.80737
1.80725
1.81141
1.81153
1.80785
1.81288
1.81138
