1.6007
1.60486
1.60643
1.60958
1.62618
1.63085
1.64664
1.65705
1.67276
1.68217
1.69846
1.70813
1.71893
1.73454
1.73941
1.76007
1.76542
1.78073
1.79102
1.79642
1.80671
1.81183
1.82767
1.8326
1.83309
1.83722
1.8435
1.84796
1.8528
1.85889
1.85901
1.86332
1.86352
1.86903
1.86905
1.86916
1.87378
1.86851
1.87432
1.87367
1.87508
1.86863
1.86873
1.86929
1.86921
1.8689
1.86416
1.86359
1.86458
1.8584
1.85898
1.85847
1.84822
1.85346
1.84908
1.84322
1.83884
1.83287
1.83293
1.82297
1.82233
1.8122
1.81228
1.80813
1.80629
1.80287
1.79668
1.79096
1.79207
1.78661
1.78177
1.78132
1.77597
1.77127
1.77096
1.77056
1.77108
1.77126
1.77072
1.76621
1.76546
1.76562
1.76588
1.76581
1.76575
1.76576
1.76584
1.77057
1.77073
1.77069
1.77078
1.77105
1.77075
1.77599
1.77618
1.77525
1.77639
1.77122
1.77554
1.77658
1.77642
1.77549
1.77649
1.77142
1.77542
1.7714
1.77101
1.77125
1.76631
1.76537
1.76062
1.76059
1.76063
1.7555
1.75542
1.75027
1.75515
1.74505
1.74513
1.74516
1.74002
1.73994
1.73451
1.73546
1.72943
1.72955
1.72968
1.72413
1.72032
1.71545
1.71318
1.71483
1.70897
1.70426
1.70418
1.69871
1.69393
1.69313
1.68808
1.68849
1.68306
1.68325
1.67771
1.67827
1.67271
1.6734
1.66755
1.66776
1.66762
1.6677
1.66289
1.65804
1.65677
1.65782
1.65266
1.65183
1.65231
1.64707
1.64697
1.64708
1.64715
1.64195
1.64169
1.64208
1.64209
1.63719
1.63649
1.63685
1.63678
1.63664
1.63667
1.63672
1.6367
1.63663
1.63692
1.6317
1.63164
1.63146
1.63159
1.63149
1.62675
1.62608
1.62576
1.62694
1.62681
1.626
1.62612
1.62657
1.62622
1.63117
1.63183
1.62631
1.62642
1.63209
1.6266
1.62626
1.63129
1.63169
1.63174
1.63715
1.63629
1.64193
1.65131
1.65278
1.66784
1.67202
1.68762
1.69818
1.70344
1.71342
1.72403
1.7341
1.75479
1.76526
1.78591
1.79607
1.80662
1.82672
1.83289
1.84802
1.86288
1.87357
1.88433
1.89438
1.89964
1.91523
1.92594
1.93062
1.93566
1.94104
1.94608
1.95696
1.95657
1.96146
1.96733
1.96685
1.97255
1.97215
1.97757
1.98187
1.98222
1.9878
1.98761
1.98802
1.99242
1.98852
1.98722
1.98824
1.99393
1.99213
1.99404
1.99356
1.98769
1.98783
1.98248
1.98252
1.98271
1.97744
1.9726
1.96745
1.96198
1.95161
1.95176
1.94146
1.93629
1.93112
1.93101
1.92606
1.91591
1.91565
1.91098
1.90599
1.90453
1.90081
1.90043
1.89524
1.89505
1.89472
1.89012
1.88936
1.88993
1.88916
1.88402
1.88488
1.88511
1.88449
1.88465
1.87947
1.87932
1.8794
1.87933
1.87939
1.87938
1.87935
1.87392
1.87442
1.87403
1.87454
1.87432
1.86869
1.86395
1.86382
1.86392
1.85898
1.86299
1.85974
1.85937
1.85373
1.84872
1.84821
1.84883
1.84401
1.84272
1.8435
1.8381
1.83359
1.83276
1.833
1.82751
1.82798
1.81806
1.81686
1.81252
1.81252
1.80713
1.80207
1.7918
1.7918
1.7814
1.78119
1.77684
1.77173
1.77028
1.76519
1.76174
1.75551
1.75096
1.74511
1.74478
1.73949
1.73589
1.73059
1.72897
1.73007
1.72456
1.72429
1.72023
1.71545
1.71309
1.70447
1.70339
1.69886
1.69845
1.69282
1.69442
1.68824
1.68396
1.68257
1.67915
1.67716
1.67866
1.6775
1.67837
1.67269
1.67301
1.66856
1.66693
1.66826
1.66798
1.66746
1.66277
1.66229
1.66269
1.66236
1.66263
1.66242
1.66239
1.65777
1.65758
1.65719
1.65746
1.65246
1.65197
1.65236
1.65231
1.64727
1.64719
1.64707
1.647
1.64249
1.64141
1.64159
1.64207
1.63724
1.6374
1.63613
1.63156
1.63145
1.63141
1.6313
1.62667
1.62614
1.62594
1.62185
1.61679
1.61547
1.61572
1.61182
1.61018
1.61046
1.6112
1.606
1.60547
1.60546
1.60595
1.60551
1.6059
1.60557
1.60584
1.61117
1.61029
1.61546
1.62128
1.62116
1.62611
1.63144
1.63598
1.66174
1.67711
1.68308
1.69254
1.7134
1.72432
1.75482
1.77536
1.78547
1.80555
1.81767
1.82151
1.84219
1.84848
1.86412
1.86807
1.88363
1.88972
1.89933
1.90406
1.91049
1.921
1.92528
1.93635
1.93597
1.94118
1.94146
1.94189
1.94523
1.95242
1.9468
1.9511
1.95057
1.94755
1.95107
1.94602
1.94679
1.94628
1.94685
1.94613
1.94077
1.94177
1.93593
1.93629
1.9365
1.93102
1.93096
1.93103
1.9208
1.91571
1.91533
1.91083
1.90549
1.90085
1.89943
1.89451
1.89019
1.88487
1.88469
1.8848
1.87945
1.87448
1.86904
1.86914
1.86444
1.86332
1.85836
1.85899
1.85851
1.85317
1.85384
1.84829
1.84846
