1.62123
1.62119
1.62121
1.62078
1.62131
1.6211
1.6213
1.61613
1.6205
1.61534
1.62146
1.62206
1.62096
1.62136
1.62112
1.62614
1.62692
1.63193
1.636
1.64672
1.65171
1.65697
1.67254
1.6825
1.69847
1.70806
1.72883
1.73464
1.74462
1.7603
1.77013
1.78569
1.79629
1.81166
1.81706
1.827
1.84278
1.84839
1.8635
1.86861
1.87917
1.88941
1.8948
1.89926
1.90441
1.91059
1.9154
1.92046
1.92141
1.92014
1.9253
1.92618
1.92543
1.9264
1.92548
1.92616
1.92548
1.92595
1.92092
1.92047
1.91598
1.91516
1.91052
1.91051
1.90583
1.90472
1.90018
1.90022
1.89542
1.89028
1.88932
1.8843
1.88014
1.8749
1.86925
1.86886
1.86449
1.85441
1.85286
1.84962
1.84362
1.83771
1.8331
1.83267
1.8278
1.82808
1.82312
1.82705
1.82328
1.82218
1.82274
1.82254
1.82268
1.82243
1.82241
1.82276
1.82271
1.82254
1.82253
1.82752
1.82758
1.82785
1.82728
1.82764
1.8279
1.82715
1.82341
1.82904
1.82706
1.82774
1.82768
1.82781
1.82807
1.82743
1.82201
1.82303
1.82281
1.8224
1.81843
1.8166
1.81737
1.8178
1.81213
1.81238
1.80687
1.8028
1.80125
1.80162
1.79729
1.79223
1.7866
1.78633
1.78162
1.78551
1.78224
1.77701
1.77537
1.77035
1.76687
1.76182
1.75977
1.76123
1.75517
1.75613
1.75045
1.74537
1.74013
1.73983
1.74006
1.73434
1.73555
1.72975
1.7247
1.71944
1.71984
1.714
1.71411
1.70929
1.70874
1.70317
1.70428
1.70393
1.69921
1.69826
1.69892
1.69351
1.69343
1.69355
1.69344
1.68839
1.68824
1.68816
1.68893
1.68882
1.68306
1.68325
1.68309
1.68287
1.68335
1.67758
1.67829
1.67812
1.67836
1.6728
1.67288
1.6733
1.67286
1.6677
1.66762
1.66774
1.6676
1.66775
1.66761
1.66786
1.66757
1.66681
1.66344
1.66675
1.66791
1.66797
1.66253
1.66247
1.66743
1.6619
1.66298
1.66216
1.66232
1.66265
1.66257
1.66247
1.6625
1.66209
1.66733
1.67799
1.68815
1.693
1.70264
1.71401
1.72426
1.73394
1.73986
1.76032
1.77014
1.78644
1.79569
1.81604
1.82326
1.82648
1.84711
1.8542
1.87278
1.88349
1.88978
1.89408
1.90508
1.9097
1.92087
1.92543
1.93051
1.93132
1.9365
1.9404
1.94089
1.94159
1.94665
1.94634
1.94658
1.94646
1.94645
1.94691
1.95106
1.94595
1.94205
1.94068
1.94192
1.94077
1.93734
1.93729
1.93568
1.92596
1.92578
1.92583
1.91586
1.91053
1.90563
1.90081
1.89505
1.89464
1.89548
1.88949
1.88537
1.88051
1.87368
1.86949
1.86375
1.86408
1.85917
1.85845
1.85359
1.84897
1.8484
1.83855
1.8377
1.83828
1.83289
1.83291
1.82749
1.82302
1.82265
1.82251
1.82265
1.82248
1.81851
1.82288
1.8175
1.81751
1.8173
1.81287
1.81656
1.81189
1.81252
1.8121
1.81233
1.81274
1.80697
1.80782
1.80651
1.80689
1.80227
1.80176
1.80198
1.80191
1.79622
1.79715
1.7918
1.79141
1.79174
1.7919
1.78651
1.78633
1.78089
1.78199
1.77659
1.77567
1.77587
1.77141
1.77021
1.76664
1.76514
1.76134
1.76087
1.76049
1.7552
1.75603
1.75506
1.75027
1.74545
1.74088
1.73927
1.74046
1.7347
1.73494
1.73021
1.72455
1.71963
1.71505
1.71337
1.7148
1.70958
1.70892
1.69874
1.69858
1.69372
1.69827
1.69443
1.69439
1.69322
1.68767
1.68881
1.68321
1.68354
1.678
1.67353
1.67294
1.67276
1.67289
1.67289
1.66791
1.6675
1.66298
1.66215
1.66232
1.66308
1.65844
1.65653
1.65691
1.65766
1.65714
1.65734
1.65691
1.65129
1.65293
1.65158
1.65267
1.65178
1.65744
1.6567
1.65148
1.65721
1.65261
1.65302
1.65635
1.65668
1.66273
1.66768
1.67251
1.67801
1.68834
1.69313
1.70307
1.70884
1.72437
1.73391
1.74947
1.75532
1.75998
1.78032
1.78642
1.80141
1.80679
1.82714
1.83265
1.84863
1.85269
1.86333
1.86911
1.87478
1.88345
1.88496
1.88908
1.89496
1.89476
1.90046
1.90459
1.90987
1.91061
1.9151
1.91576
1.91528
1.91569
1.92078
1.92089
1.92084
1.92048
1.92084
1.92051
1.92081
1.91612
1.92088
1.91562
1.91585
1.91077
1.91046
1.905
1.90539
1.89548
1.88988
1.88959
1.88489
1.88416
1.87426
1.8742
1.86859
1.8645
1.86343
1.85824
1.85868
1.84881
1.84806
1.84829
1.84354
1.83792
1.83818
1.83315
1.83311
1.83311
1.83267
1.8331
1.83271
1.83794
1.83815
1.8376
1.83877
1.83809
1.83766
1.84232
1.8435
1.84344
1.84299
1.84344
1.84302
1.84355
1.84792
1.84876
1.84757
1.84906
1.84882
1.84804
1.84865
1.8484
1.84844
1.84893
1.84798
1.84816
1.84856
1.84333
1.83762
1.83836
1.83785
1.83231
