1.68881
1.68321
1.68354
1.678
1.67353
1.67294
1.67276
1.67289
1.67289
1.66791
1.6675
1.66298
1.66215
1.66232
1.66308
1.65844
1.65653
1.65691
1.65766
1.65714
1.65734
1.65691
1.65129
1.65293
1.65158
1.65267
1.65178
1.65744
1.6567
1.65148
1.65721
1.65261
1.65302
1.65635
1.65668
1.66273
1.66768
1.67251
1.67801
1.68834
1.69313
1.70307
1.70884
1.72437
1.73391
1.74947
1.75532
1.75998
1.78032
1.78642
1.80141
1.80679
1.82714
1.83265
1.84863
1.85269
1.86333
1.86911
1.87478
1.88345
1.88496
1.88908
1.89496
1.89476
1.90046
1.90459
1.90987
1.91061
1.9151
1.91576
1.91528
1.91569
1.92078
1.92089
1.92084
1.92048
1.92084
1.92051
1.92081
1.91612
1.92088
1.91562
1.91585
1.91077
1.91046
1.905
1.90539
1.89548
1.88988
1.88959
1.88489
1.88416
1.87426
1.8742
1.86859
1.8645
1.86343
1.85824
1.85868
1.84881
1.84806
1.84829
1.84354
1.83792
1.83818
1.83315
1.83311
1.83311
1.83267
1.8331
1.83271
1.83794
1.83815
1.8376
1.83877
1.83809
1.83766
1.84232
1.8435
1.84344
1.84299
1.84344
1.84302
1.84355
1.84792
1.84876
1.84757
1.84906
1.84882
1.84804
1.84865
1.8484
1.84844
1.84893
1.84798
1.84816
1.84856
1.84333
1.83762
1.83836
1.83785
1.83231
1.83329
1.82789
1.83286
1.8271
1.82335
1.82197
1.81744
1.81728
1.81758
1.81247
1.80747
1.80674
1.8029
1.79758
1.79622
1.79157
1.7867
1.7863
1.78103
1.7814
1.77611
1.77608
1.77034
1.77141
1.76614
1.76557
1.76105
1.75641
1.7547
1.74934
1.75097
1.74511
1.74041
1.73949
1.73961
1.73539
1.72898
1.72438
1.7245
1.72002
1.71971
1.71455
1.71412
1.71458
1.70944
1.70866
1.70438
1.70411
1.70359
1.69882
1.69854
1.69858
1.69918
1.69826
1.69298
1.6939
1.68849
1.69282
1.68947
1.68868
1.68806
1.68817
1.68808
1.68848
1.68823
1.68868
1.69347
1.69346
1.70368
1.70398
1.72369
1.72505
1.74002
1.7493
1.7648
1.77584
1.801
1.81194
1.82705
1.83798
1.86254
1.86931
1.87814
1.88472
1.89411
1.90469
1.9152
1.92499
1.93135
1.94148
1.9408
1.94616
1.9568
1.95678
1.96737
1.96658
1.97222
1.97724
1.97756
1.97744
1.98231
1.98282
1.98269
1.98749
1.98799
1.9876
1.98794
1.99216
1.99398
1.98767
1.98832
1.9874
1.98798
1.98764
1.9829
1.98234
1.9775
1.97751
1.97221
1.97234
1.96739
1.96272
1.96147
1.9514
1.95185
1.94628
1.94188
1.93699
1.93095
1.93113
1.92553
1.92154
1.91629
1.91493
1.90585
1.90474
1.90548
1.9054
1.90012
1.9
1.89559
1.89463
1.8946
1.89509
1.89504
1.88982
1.89029
1.88921
1.8898
1.88965
1.88966
1.8893
1.89487
1.88948
1.88983
1.88975
1.88965
1.88928
1.88944
1.88986
1.88976
1.88964
1.88479
1.88919
1.89008
1.88904
1.88419
1.87946
1.87969
1.87949
1.87929
1.87493
1.87454
1.86918
1.86971
1.86399
1.86394
1.85897
1.85848
1.85281
1.84967
1.84463
1.84256
1.83799
1.83859
1.83757
1.83251
1.83319
1.82738
1.82805
1.81685
1.81788
1.81206
1.81277
1.80224
1.80171
1.79705
1.79644
1.79226
1.79097
1.78735
1.78071
1.78113
1.77695
1.77213
1.7704
1.7714
1.77055
1.76645
1.76518
1.75985
1.76126
1.75539
1.75545
1.75067
1.74995
1.74568
1.74476
1.74542
1.74488
1.73951
1.73553
1.73415
1.73384
1.73031
1.72998
1.7294
1.7238
1.72054
1.71875
1.71447
1.71425
1.71368
1.70904
1.70849
1.70898
1.70896
1.70901
1.70895
1.70909
1.70401
1.70367
1.70375
1.70426
1.69862
1.6986
1.69871
1.69913
1.69867
1.69382
1.69368
1.69335
1.69385
1.6887
1.68844
1.68829
1.68842
1.68865
1.68806
1.68374
1.68265
1.6836
1.68347
1.67768
1.67813
1.67792
1.67359
1.67265
1.67302
1.67279
1.67286
1.67283
1.67293
1.66784
1.66771
1.66768
1.66226
1.66762
1.66205
1.66323
1.66197
1.65734
1.65739
1.65248
1.65193
1.65151
1.65278
1.65167
1.65148
1.65271
1.65245
1.65243
1.6525
1.65147
1.65286
1.64676
1.64725
1.64683
1.64654
1.64254
1.64222
1.64161
1.64203
1.64175
1.64183
1.6415
1.64209
1.64172
1.64151
1.647
1.65149
1.66192
1.66789
1.67722
1.68302
1.7035
1.70891
1.73002
1.73861
1.74988
1.75951
1.77069
1.78008
1.80071
1.8121
1.84321
1.85285
1.87348
1.87958
1.90414
1.91035
1.91483
1.92041
1.92533
1.93577
1.94134
1.94588
1.95139
1.95672
1.95709
1.9614
1.9665
1.9676
1.96737
1.96698
1.97324
1.96704
1.97251
1.97228
1.97239
1.97215
1.96752
1.96734
1.96663
1.96223
1.95655
1.95664
1.9525
