1.56971
1.56487
1.56439
1.56444
1.56442
1.5644
1.55931
1.55439
1.55392
1.55444
1.5493
1.54904
1.54901
1.54884
1.54885
1.55388
1.55389
1.5543
1.56001
1.56796
1.57567
1.58552
1.59403
1.60929
1.6214
1.6362
1.64645
1.65672
1.67733
1.68742
1.71927
1.73348
1.7451
1.74954
1.76464
1.77974
1.79132
1.80689
1.82143
1.8318
1.84788
1.85365
1.86839
1.87437
1.88446
1.88906
1.89951
1.90527
1.90996
1.91062
1.91458
1.9211
1.92584
1.92574
1.93056
1.93093
1.93589
1.93634
1.93624
1.93164
1.93134
1.93075
1.93116
1.92642
1.92574
1.92591
1.9211
1.91537
1.9153
1.9108
1.90544
1.90531
1.89526
1.89457
1.88994
1.88495
1.87426
1.86963
1.86457
1.86382
1.85859
1.8436
1.84293
1.83855
1.8334
1.83258
1.83236
1.82854
1.828
1.8226
1.82252
1.82263
1.82263
1.82251
1.82262
1.82705
1.82348
1.82895
1.82637
1.82717
1.82782
1.83249
1.8332
1.82818
1.83716
1.83738
1.83816
1.8376
1.83239
1.83282
1.83273
1.83383
1.83353
1.83248
1.83273
1.82719
1.82823
1.82309
1.81786
1.81739
1.81251
1.81207
1.80651
1.80748
1.79147
1.79179
1.78699
1.78191
1.77635
1.77088
1.76611
1.76105
1.76031
1.75519
1.7511
1.74487
1.74071
1.73538
1.73508
1.72433
1.71893
1.7147
1.7141
1.70976
1.70338
1.69417
1.69309
1.69307
1.68884
1.68844
1.68276
1.68242
1.67377
1.67208
1.66779
1.66726
1.66208
1.65824
1.66194
1.65722
1.65739
1.65217
1.65224
1.64729
1.64682
1.64203
1.64179
1.64198
1.64174
1.63746
1.63223
1.63108
1.63131
1.62679
1.6263
1.62641
1.62157
1.6258
1.62198
1.62171
1.62081
1.61552
1.61693
1.61026
1.61143
1.61214
1.60987
1.60539
1.60559
1.60089
1.59624
1.5951
1.59519
1.59556
1.59014
1.59035
1.59022
1.5902
1.5851
1.58502
1.58545
1.58962
1.58585
1.58555
1.5847
1.58486
1.58966
1.59533
1.59549
1.60548
1.61024
1.62592
1.63159
1.65618
1.66759
1.68757
1.6982
1.71879
1.72937
1.75442
1.7652
1.77545
1.78549
1.79684
1.80557
1.82626
1.83813
1.85811
1.86855
1.89354
1.90031
1.9149
1.92041
1.93102
1.94072
1.95665
1.96179
1.96685
1.97213
1.9773
1.98243
1.98258
1.98742
1.98814
1.99337
1.99265
1.99787
1.99831
1.99874
1.99763
2.00337
1.99837
1.99783
1.99289
1.99835
1.99322
1.99266
1.99366
1.9924
1.98724
1.98269
1.97768
1.97169
1.97317
1.96203
1.9571
1.95179
1.94628
1.93641
1.93141
1.92614
1.92117
1.91617
1.91536
1.91116
1.9051
1.90036
1.89523
1.89467
1.89
1.88976
1.88973
1.8902
1.88399
1.88458
1.88453
1.88465
1.88436
1.88466
1.87958
1.87881
1.87981
1.87963
1.87915
1.87926
1.87947
1.8745
1.87389
1.8745
1.87487
1.86882
1.86936
1.86873
1.86386
1.86391
1.86383
1.85839
1.85896
1.84943
1.84761
1.84841
1.84349
1.83771
1.83305
1.82765
1.82248
1.81794
1.81194
1.80792
1.8074
1.79765
1.7909
1.79208
1.78162
1.78141
1.77659
1.77565
1.76628
1.76535
1.75524
1.75072
1.74591
1.745
1.74068
1.73505
1.72976
1.72447
1.7195
1.7144
1.70951
1.70387
1.69927
1.69403
1.69318
1.68892
1.68787
1.67858
1.6776
1.67251
1.66855
1.66743
1.66306
1.65754
1.65712
1.65168
1.65261
1.6468
1.64723
1.64214
1.63682
1.63656
1.63204
1.63106
1.63196
1.62641
1.62632
1.62186
1.62073
1.62145
1.62147
1.62115
1.61639
1.61588
1.61136
1.61116
1.61067
1.60595
1.60554
1.60612
1.60541
1.60595
1.60554
1.60592
1.60069
1.60019
1.60125
1.59576
1.59511
1.5956
1.59489
1.59093
1.58967
1.58953
1.59037
1.58462
1.58544
1.58477
1.58531
1.58488
1.58521
1.58058
1.5807
1.57924
1.58045
1.5803
1.58001
1.58032
1.57472
1.56988
1.56941
1.56962
1.56952
1.56473
1.56412
1.56461
1.56431
1.55895
1.55949
1.55418
1.55403
1.55383
1.54959
1.5484
1.54974
1.54829
1.5482
1.54418
1.53869
1.5434
1.53811
1.53897
1.53832
1.53808
1.53911
1.53851
1.53822
1.53337
1.53799
1.53904
1.54454
1.54803
1.55878
1.56398
1.57929
1.58974
1.59499
1.61586
1.6255
1.65681
1.6923
1.7037
1.72421
1.73355
1.75449
1.76505
1.77569
1.78567
1.79634
1.80148
1.82213
1.83259
1.84774
1.85817
1.87835
1.89503
1.89918
1.91015
1.91519
1.92631
1.93666
1.94196
1.94077
1.94601
1.94687
1.95189
1.95144
1.95141
1.94622
1.94663
1.94204
1.94081
1.94102
1.94154
1.94158
1.93605
1.9359
1.93077
1.92587
1.91583
1.91564
1.91071
1.91046
1.90037
1.89526
1.8897
1.88525
1.87474
1.87381
1.86928
1.86394
