1.59536
1.59988
1.61033
1.62098
1.63644
1.64622
1.65693
1.66701
1.67744
1.68774
1.70833
1.71883
1.7341
1.7446
1.75972
1.77059
1.78052
1.78625
1.80675
1.81703
1.83774
1.84232
1.85324
1.86362
1.87373
1.88366
1.89495
1.90069
1.90917
1.91611
1.92038
1.92577
1.93035
1.93635
1.94124
1.94127
1.94144
1.94645
1.946
1.94602
1.94701
1.95266
1.95081
1.95232
1.94622
1.95199
1.94689
1.95159
1.94682
1.9414
1.94119
1.93666
1.93567
1.9318
1.92537
1.92532
1.92185
1.91573
1.91048
1.9056
1.89992
1.89531
1.89449
1.89032
1.88963
1.87978
1.87457
1.8699
1.86843
1.86465
1.8588
1.85867
1.85871
1.85317
1.84943
1.84393
1.84399
1.84307
1.83778
1.83823
1.838
1.83804
1.83798
1.84285
1.83864
1.8433
1.84318
1.83838
1.84227
1.84362
1.84426
1.84236
1.84266
1.83877
1.84349
1.84348
1.84303
1.83772
1.83829
1.83796
1.83798
1.8381
1.83803
1.83851
1.83281
1.83296
1.83337
1.82768
1.82252
1.82257
1.81778
1.81709
1.8132
1.81152
1.80619
1.80326
1.79748
1.79174
1.79149
1.79165
1.78676
1.7861
1.78065
1.78181
1.77634
1.77142
1.7662
1.7654
1.76001
1.75633
1.75045
1.75008
1.7457
1.74045
1.73949
1.72965
1.72967
1.72442
1.71961
1.71457
1.71428
1.70952
1.7086
1.7048
1.70307
1.69833
1.69409
1.68902
1.68786
1.68863
1.6836
1.68292
1.67794
1.67854
1.6727
1.67295
1.66795
1.66793
1.66264
1.65774
1.65708
1.65758
1.65716
1.65305
1.65149
1.65273
1.65185
1.6475
1.64722
1.64698
1.6415
1.64218
1.63728
1.64112
1.63604
1.63719
1.63129
1.63135
1.63165
1.62612
1.62697
1.62666
1.62618
1.62105
1.62626
1.62154
1.62111
1.62118
1.62121
1.62127
1.62153
1.62106
1.62127
1.61669
1.61554
1.61575
1.61626
1.61615
1.6164
1.61572
1.61633
1.61623
1.61588
1.61136
1.6105
1.61075
1.61101
1.61098
1.6108
1.61045
1.61613
1.61552
1.6256
1.63062
1.63707
1.65202
1.66167
1.68202
1.68837
1.72326
1.73422
1.7596
1.77034
1.79653
1.80573
1.84294
1.85266
1.8838
1.89961
1.90962
1.92027
1.93598
1.94554
1.95647
1.9619
1.97211
1.98175
1.98711
1.99318
1.99717
2.00198
2.00873
2.01365
2.01862
2.02382
2.02433
2.02326
2.0244
2.02358
2.02948
2.03366
2.02858
2.02944
2.02887
2.02923
2.02902
2.02912
2.02908
2.02423
2.02376
2.02407
2.01935
2.01835
2.01905
2.01413
2.01399
2.00848
2.00408
1.99778
1.99844
1.9927
1.98862
1.98291
1.97793
1.97714
1.97287
1.96703
1.96717
1.95678
1.95689
1.9463
1.94668
1.94182
1.941
1.94151
1.93678
1.93704
1.93061
1.93079
1.92669
1.92635
1.92544
1.92116
1.92554
1.92614
1.92558
1.92116
1.92089
1.92052
1.92075
1.92506
1.92161
1.91994
1.92025
1.92097
1.916
1.92001
1.92122
1.91613
1.91021
1.91036
1.91028
1.905
1.90544
1.90531
1.90512
1.90034
1.89976
1.89541
1.89437
1.89526
1.88983
1.88951
1.88542
1.8855
1.87887
1.8798
1.87454
1.87394
1.86855
1.86463
1.85837
1.85906
1.85356
1.85358
1.8486
1.84832
1.84355
1.83773
1.83348
1.8324
1.8285
1.82182
1.82323
1.81762
1.8124
1.80714
1.80255
1.79704
1.79209
1.79117
1.78057
1.78189
1.77116
1.77076
1.7656
1.76144
1.76037
1.75523
1.75518
1.75017
1.74557
1.73497
1.73471
1.72913
1.73039
1.72012
1.71871
1.71529
1.71327
1.70327
1.70342
1.69933
1.69418
1.69296
1.68769
1.68849
1.68824
1.6835
1.68258
1.67869
1.67346
1.6724
1.66776
1.66758
1.66781
1.66307
1.66702
1.6633
1.65609
1.65832
1.65173
1.65257
1.65191
1.65248
1.6519
1.64672
1.64729
1.64242
1.64136
1.63625
1.63709
1.63598
1.63666
1.63676
1.63137
1.63166
1.6266
1.63113
1.62693
1.62598
1.62672
1.6257
1.62097
1.62176
1.61554
1.61641
1.61623
1.61112
1.61114
1.60583
1.60564
1.60581
1.60562
1.60581
1.601
1.60503
1.59986
1.60111
1.59643
1.5995
1.59684
1.59436
1.5961
1.59491
1.59518
1.59073
1.59101
1.58922
1.58577
1.5854
1.58485
1.5803
1.57965
1.58048
1.57422
1.57511
1.57534
1.56953
1.56971
1.56905
1.57042
1.56408
1.56464
1.56427
1.56432
1.56404
1.56402
1.56472
1.56949
1.56922
1.57432
1.58473
1.59504
1.60553
1.61512
1.63058
1.64111
1.65174
1.6726
1.68719
1.708
1.72391
1.73421
1.74447
1.75981
1.77499
1.79548
1.81185
1.83235
1.84301
1.86844
1.87388
1.89483
1.90418
1.91523
1.93073
1.9356
1.95124
1.95638
1.96157
1.96711
1.97164
1.97759
1.98782
1.99215
2.00354
2.00303
2.00837
2.0081
