1.86756
1.87461
1.88456
1.88934
1.90513
1.91004
1.91548
1.91544
1.92531
1.92616
1.93649
1.94078
1.94618
1.94631
1.94662
1.95081
1.95196
1.95135
1.95629
1.95724
1.95709
1.95658
1.95698
1.95698
1.95135
1.95182
1.95157
1.94637
1.94647
1.94656
1.94087
1.94207
1.93595
1.93147
1.9265
1.92044
1.91516
1.91621
1.91045
1.90513
1.90078
1.89477
1.8901
1.87976
1.87907
1.87468
1.86904
1.86946
1.85939
1.85824
1.85278
1.85376
1.84858
1.84818
1.84305
1.83852
1.83778
1.83818
1.83751
1.83853
1.83315
1.83758
1.8329
1.83288
1.83257
1.83277
1.8333
1.83784
1.83759
1.83886
1.83861
1.83762
1.83841
1.83827
1.8379
1.83735
1.8337
1.83426
1.83225
1.83826
1.83301
1.82809
1.82751
1.82279
1.82237
1.82279
1.81689
1.81219
1.81232
1.8077
1.80625
1.80288
1.80116
1.79769
1.79601
1.79058
1.79278
1.78724
1.781
1.78182
1.77605
1.77125
1.77075
1.7656
1.76581
1.76001
1.7562
1.75494
1.75096
1.74982
1.75067
1.74515
1.74074
1.73568
1.73447
1.73024
1.72516
1.72443
1.71894
1.7147
1.70927
1.70875
1.70333
1.69901
1.69833
1.6936
1.6934
1.68807
1.68849
1.68358
1.68281
1.68347
1.683
1.67836
1.67741
1.67209
1.66844
1.66757
1.66772
1.66809
1.66283
1.66258
1.66251
1.65741
1.65725
1.65747
1.65723
1.65267
1.65174
1.65226
1.65211
1.6473
1.64682
1.64717
1.64657
1.64741
1.64181
1.64196
1.63727
1.64077
1.63583
1.63738
1.63687
1.63697
1.63165
1.63103
1.63195
1.63119
1.62643
1.63085
1.62688
1.62597
1.62668
1.62656
1.62627
1.62096
1.62138
1.62109
1.62081
1.62111
1.61571
1.61629
1.61652
1.61567
1.61676
1.61066
1.61102
1.61081
1.61091
1.61088
1.61087
1.61055
1.60629
1.60483
1.60518
1.60611
1.60544
1.60591
1.60602
1.6055
1.601
1.60027
1.60059
1.60056
1.60096
1.6002
1.60543
1.61081
1.61538
1.61654
1.62013
1.62648
1.63076
1.6365
1.6462
1.66669
1.67772
1.69821
1.70831
1.73446
1.74435
1.75949
1.78035
1.79612
1.82159
1.83257
1.85335
1.86788
1.87922
1.90959
1.93033
1.93635
1.94487
1.96108
1.96703
1.9875
1.99873
2.00734
2.01804
2.01927
2.02287
2.03354
2.03473
2.03973
2.04417
2.04516
2.04422
2.04478
2.04893
2.04895
2.05029
2.04473
2.04899
2.04502
2.03944
2.03938
2.0395
2.03931
2.0338
2.03509
2.02871
2.02397
2.02392
2.01878
2.01425
2.00856
2.0084
1.9983
1.99347
1.99304
1.98799
1.98285
1.97758
1.96757
1.96241
1.95209
1.95173
1.94184
1.93686
1.93603
1.92118
1.91071
1.90523
1.90515
1.89944
1.8952
1.89053
1.88906
1.88536
1.88384
1.88516
1.87909
1.87383
1.87445
1.86948
1.86871
1.86893
1.86464
1.86482
1.86316
1.85959
1.85919
1.85836
1.85373
1.85381
1.84843
1.84834
1.84885
1.84322
1.83844
1.8384
1.83295
1.83282
1.82737
1.82278
1.8182
1.81722
1.80718
1.80701
1.7968
1.79677
1.7967
1.79203
1.78671
1.78629
1.77624
1.77631
1.77162
1.77088
1.7661
1.76095
1.7556
1.74542
1.74042
1.73519
1.72956
1.72496
1.72419
1.71893
1.71479
1.70385
1.69904
1.69342
1.68881
1.68806
1.67818
1.67775
1.6679
1.66791
1.65762
1.65709
1.64717
1.64701
1.64146
1.63764
1.63644
1.62638
1.62629
1.6208
1.61675
1.61091
1.60554
1.60595
1.6059
1.60113
1.60056
1.59559
1.59039
1.58582
1.58453
1.58543
1.58015
1.57971
1.57557
1.57414
1.57
1.5741
1.57042
1.56888
1.56979
1.56943
1.56418
1.56461
1.56438
1.55963
1.55955
1.559
1.55384
1.5543
1.54899
1.54927
1.54334
1.54411
1.544
1.54355
1.54404
1.5436
1.53868
1.53823
1.5337
1.53273
1.5328
1.534
1.53281
1.52902
1.52868
1.52274
1.52286
1.5233
1.52296
1.51772
1.51805
1.51837
1.5172
1.51249
1.51305
1.50852
1.5065
1.51336
1.51339
1.50755
1.50773
1.50791
1.50786
1.50746
1.50767
1.50796
1.50233
1.50785
1.5127
1.51275
1.51735
1.52785
1.53303
1.54857
1.55364
1.56934
1.57907
1.58977
1.60526
1.61079
1.62558
1.64644
1.65669
1.66722
1.67728
1.6879
1.69749
1.7089
1.71834
1.72928
1.74954
1.76014
1.77604
1.78541
1.79654
1.8117
1.81705
1.83252
1.83765
1.84813
1.85336
1.85819
1.8687
1.87412
1.87443
1.87891
1.8836
1.88522
1.88906
1.89012
1.89518
1.89507
1.89054
1.89385
1.889
1.89025
1.88924
1.88452
1.88458
1.88017
1.8745
1.87393
1.86406
1.86376
1.85818
1.85304
1.84318
1.84322
1.83324
1.83266
1.82286
1.82234
1.81225
1.81224
1.81266
1.80258
1.80146
1.79153
1.79197
