1.91056
1.92007
1.92108
1.92628
1.9255
1.93094
1.93097
1.931
1.93588
1.93061
1.93128
1.92643
1.92535
1.92613
1.92564
1.92111
1.91613
1.91461
1.91175
1.90924
1.90637
1.89938
1.89509
1.89508
1.88965
1.88492
1.87454
1.869
1.86403
1.86424
1.85403
1.85317
1.84904
1.84782
1.84406
1.83803
1.83817
1.8331
1.83273
1.82796
1.82762
1.82819
1.82245
1.8227
1.82233
1.82312
1.81744
1.82231
1.81797
1.8169
1.81785
1.82261
1.82252
1.82251
1.82218
1.8181
1.81635
1.81793
1.81699
1.81716
1.82203
1.81677
1.8179
1.8177
1.81719
1.81756
1.81729
1.81748
1.81742
1.81309
1.81155
1.8118
1.80814
1.80629
1.80765
1.80676
1.80236
1.79682
1.79679
1.79207
1.79117
1.79237
1.78664
1.78148
1.77627
1.77639
1.771
1.77088
1.76618
1.76051
1.76086
1.75558
1.75035
1.75064
1.74486
1.74047
1.7396
1.73575
1.73412
1.73526
1.72955
1.73016
1.72497
1.7196
1.71468
1.71367
1.70975
1.70432
1.70343
1.69446
1.69279
1.68748
1.68933
1.68338
1.67827
1.67279
1.67302
1.67262
1.66782
1.66756
1.66287
1.66265
1.66243
1.66299
1.66249
1.65697
1.65734
1.65284
1.65172
1.65251
1.65196
1.64787
1.64641
1.6475
1.64248
1.64138
1.64178
1.63665
1.63675
1.63628
1.63699
1.63139
1.63166
1.62653
1.62633
1.62633
1.62645
1.62648
1.62182
1.62162
1.62091
1.62142
1.62106
1.62173
1.6212
1.6155
1.61646
1.61627
1.61588
1.61616
1.61597
1.61617
1.61063
1.61115
1.61099
1.61088
1.61119
1.61549
1.61028
1.61135
1.61052
1.6108
1.61056
1.6063
1.60612
1.60581
1.6057
1.6003
1.60076
1.60032
1.60034
1.59494
1.59132
1.59579
1.59025
1.59054
1.59031
1.58574
1.59099
1.58429
1.58494
1.58512
1.58505
1.5851
1.58503
1.58545
1.58473
1.57984
1.57996
1.57988
1.57959
1.58009
1.57896
1.57928
1.58047
1.57904
1.58053
1.58434
1.58516
1.58948
1.59566
1.60532
1.61053
1.62082
1.62595
1.63597
1.64695
1.66738
1.67679
1.70333
1.71354
1.73907
1.74993
1.75987
1.77039
1.78555
1.79639
1.81693
1.82701
1.85792
1.86896
1.87356
1.88395
1.89468
1.90527
1.91443
1.93081
1.93598
1.94112
1.94596
1.95134
1.9568
1.96166
1.972
1.97212
1.97732
1.98262
1.97729
1.98213
1.98274
1.98285
1.98239
1.98285
1.9828
1.98247
1.98216
1.98261
1.97778
1.97721
1.97277
1.97199
1.96638
1.96774
1.96307
1.96153
1.95627
1.9528
1.95073
1.94755
1.94077
1.94181
1.93601
1.93132
1.92632
1.92103
1.92034
1.91615
1.91011
1.91055
1.90049
1.89966
1.8941
1.89061
1.88448
1.88461
1.87962
1.87467
1.87446
1.86915
1.86891
1.86435
1.86342
1.85946
1.85964
1.85793
1.85281
1.85417
1.8544
1.84795
1.84879
1.84798
1.84848
1.84837
1.84845
1.8483
1.8483
1.8481
1.84855
1.84343
1.84308
1.84311
1.8433
1.84319
1.8437
1.84321
1.8377
1.83837
1.83236
1.82804
1.82755
1.82825
1.82237
1.82269
1.81693
1.81775
1.80719
1.80713
1.80212
1.79672
1.79239
1.78763
1.78595
1.77631
1.77596
1.77139
1.76647
1.76516
1.75536
1.75561
1.74577
1.74461
1.74551
1.74002
1.74027
1.73536
1.72979
1.72914
1.72517
1.71906
1.71955
1.71951
1.7092
1.7088
1.7037
1.70388
1.69387
1.69324
1.68886
1.68789
1.68345
1.68296
1.67731
1.679
1.6727
1.66697
1.66823
1.66245
1.6625
1.65778
1.65239
1.64716
1.63679
1.63704
1.63158
1.63155
1.62703
1.62593
1.62112
1.61644
1.61083
1.61102
1.6059
1.60557
1.59567
1.59526
1.58521
1.58532
1.57992
1.58037
1.57007
1.56911
1.5652
1.56024
1.55836
1.55407
1.55419
1.55399
1.55371
1.54954
1.54932
1.54862
1.54409
1.54848
1.5433
1.54454
1.54838
1.54823
1.54949
1.54414
1.54344
1.54403
1.54355
1.54393
1.54363
1.54368
1.54382
1.53935
1.54289
1.54343
1.53908
1.53827
1.53847
1.53866
1.5386
1.53861
1.53825
1.53889
1.53836
1.53888
1.53789
1.53888
1.53886
1.53344
1.53839
1.53386
1.53317
1.53358
1.53345
1.53345
1.53348
1.53303
1.53289
1.52855
1.53294
1.53317
1.53851
1.53864
1.54332
1.55376
1.55916
1.56377
1.57382
1.58478
1.59998
1.61027
1.63066
1.6415
1.6514
1.68275
1.70333
1.71307
1.73913
1.75478
1.77492
1.78185
1.79715
1.80614
1.81669
1.82724
1.83796
1.84787
1.85359
1.8589
1.86828
1.87397
1.87927
1.87939
1.88381
1.88996
1.88907
1.88963
1.88929
1.89504
1.89475
1.89489
1.89526
1.89458
1.88979
1.88961
1.88519
1.88404
1.88486
1.87949
1.87918
1.87511
1.8752
1.86853
1.86415
1.85338
1.85367
