1.66775
1.66284
1.66677
1.66272
1.6624
1.6625
1.66293
1.65706
1.65758
1.65266
1.65246
1.65241
1.6475
1.64672
1.64164
1.64681
1.6365
1.63694
1.63644
1.63603
1.63234
1.63236
1.63132
1.62574
1.62726
1.62142
1.62109
1.62126
1.61601
1.62099
1.61077
1.61139
1.61052
1.61113
1.61079
1.60605
1.60631
1.60044
1.59574
1.59509
1.59544
1.59532
1.59553
1.5901
1.59033
1.59028
1.59507
1.59968
1.60612
1.61021
1.6202
1.63128
1.6473
1.66091
1.66822
1.69392
1.70243
1.72833
1.73993
1.76527
1.77548
1.79653
1.81102
1.82254
1.83186
1.84302
1.85266
1.86854
1.88361
1.89388
1.9049
1.91026
1.9148
1.9205
1.92568
1.93634
1.936
1.94156
1.94553
1.95215
1.95081
1.95228
1.95118
1.9514
1.95181
1.95161
1.94676
1.94675
1.94623
1.94078
1.94222
1.93201
1.92536
1.92104
1.91554
1.91108
1.9049
1.90545
1.89544
1.88999
1.88014
1.87378
1.86448
1.85899
1.85402
1.84363
1.83849
1.82821
1.81764
1.81726
1.8078
1.80657
1.79817
1.78743
1.78079
1.77116
1.77119
1.76591
1.76084
1.7556
1.7505
1.74529
1.7405
1.7396
1.72986
1.72949
1.72482
1.71971
1.719
1.71953
1.71435
1.71392
1.71425
1.71405
1.70373
1.70921
1.70883
1.70421
1.70352
1.70403
1.70392
1.6985
1.6988
1.70339
1.69934
1.69807
1.69826
1.69897
1.69884
1.69851
1.69857
1.69425
1.69817
1.69323
1.69363
1.69342
1.6936
1.69363
1.69302
1.68854
1.68827
1.68829
1.68807
1.68287
1.68376
1.6782
1.67783
1.67276
1.67292
1.66747
1.66783
1.66282
1.65786
1.65691
1.65283
1.65173
1.65191
1.6475
1.64236
1.64153
1.63761
1.63712
1.63154
1.63192
1.62641
1.62646
1.62146
1.62103
1.61645
1.61581
1.61576
1.6168
1.61549
1.61206
1.60616
1.6054
1.60013
1.60129
1.59535
1.59539
1.59055
1.58994
1.59048
1.58576
1.58459
1.57958
1.58005
1.57986
1.57553
1.57901
1.57407
1.57519
1.57492
1.57464
1.57475
1.57962
1.58017
1.58541
1.58928
1.61057
1.62043
1.64107
1.6518
1.67253
1.68717
1.71304
1.72878
1.74435
1.77018
1.78534
1.81149
1.82655
1.85234
1.86862
1.87863
1.90458
1.9149
1.94107
1.95077
1.95714
1.97108
1.97812
1.98813
1.99683
2.00238
2.00839
2.01332
2.01912
2.02299
2.02342
2.02909
2.02896
2.024
2.02492
2.02308
2.01882
2.01923
2.01341
2.00838
2.0089
1.99305
1.98849
1.978
1.96262
1.94761
1.93672
1.91612
1.91063
1.90077
1.88485
1.87505
1.85429
1.84369
1.82323
1.81265
1.78331
1.77517
1.75009
1.74108
1.72006
1.70911
1.69363
1.67962
1.66742
1.66347
1.65247
1.64272
1.61595
1.60643
1.60073
1.59599
1.58564
1.57517
1.56466
1.55968
1.5541
1.54923
1.54386
1.53884
1.53393
1.52834
1.52331
1.51862
1.51752
1.51265
1.5128
1.51284
1.5081
1.51205
1.50687
1.50823
1.50311
1.50683
1.50822
1.50795
1.50738
1.50751
1.50769
1.50756
1.5077
1.50756
1.51293
1.51289
1.5127
1.51273
1.51283
1.51318
1.51243
1.51311
1.51879
1.51721
1.51705
1.51869
1.51843
1.51756
1.51824
1.51772
1.51812
1.51782
1.51788
1.51799
1.51794
1.51795
1.52283
1.51845
1.52245
1.52274
1.52333
1.52311
1.52308
1.52843
1.52822
1.52836
1.53304
1.5329
1.53385
1.53854
1.53828
1.53925
1.53901
1.53828
1.53927
1.53811
1.53875
1.53849
1.5387
1.54349
1.54369
1.54333
1.54454
1.54381
1.54373
1.54375
1.54377
1.54376
1.54375
1.54367
1.54875
1.5486
1.54869
1.54907
1.54903
1.55326
1.55354
1.55452
1.55855
1.55875
1.56455
1.55913
1.56422
1.56393
1.56519
1.5649
1.56398
1.56377
1.56501
1.5635
1.56468
1.5645
1.56398
1.5587
1.5597
1.55953
1.55904
1.55941
1.55934
1.55917
1.564
1.56474
1.56905
1.57856
1.58895
1.59564
1.61583
1.62557
1.63617
1.66155
1.67254
1.70325
1.71845
1.74459
1.75932
1.7906
1.80161
1.81628
1.84205
1.85823
1.87875
1.88917
1.90991
1.91955
1.93078
1.94622
1.95613
1.97171
1.97747
1.99234
1.99828
2.00305
2.00338
2.00876
2.01262
2.01322
2.01333
2.00853
2.00845
2.00375
2.0028
1.99835
1.99797
1.98791
1.98318
1.97265
1.96761
1.95778
1.95118
1.93672
1.93088
1.91598
1.91019
1.89569
1.88933
1.8807
1.87387
1.86996
1.8543
1.84818
1.83854
1.83279
1.8227
1.81762
1.81276
1.8073
1.80212
1.79217
1.79118
1.78573
1.78246
1.78038
1.77634
1.77591
1.77599
1.77618
1.77607
1.7761
1.77616
1.77601
1.7762
1.78194
1.78069
1.78064
1.78172
1.78538
1.79008
1.7875
1.78706
1.78595
1.79113
1.78701
1.78636
