1.52812
1.52403
1.52235
1.51244
1.51304
1.50261
1.50233
1.49207
1.4877
1.48251
1.48172
1.47735
1.47656
1.47182
1.4664
1.46681
1.46109
1.45553
1.45173
1.45057
1.44533
1.44588
1.44077
1.44067
1.43553
1.43037
1.43029
1.43015
1.42455
1.42542
1.42461
1.42054
1.41924
1.41548
1.41508
1.41477
1.41516
1.41428
1.41441
1.41492
1.41408
1.41432
1.41496
1.4149
1.41937
1.42016
1.42454
1.43015
1.42986
1.45483
1.47027
1.48173
1.50766
1.52167
1.5384
1.5734
1.59472
1.63546
1.65136
1.72219
1.74927
1.7741
1.80112
1.82547
1.87736
1.90392
1.95021
1.97624
1.99689
2.04255
2.06486
2.10059
2.1205
2.16824
2.17799
2.19904
2.20951
2.22536
2.22959
2.24002
2.24624
2.24564
2.24622
2.24569
2.24615
2.24128
2.24038
2.23487
2.23135
2.22089
2.21508
2.2101
2.19512
2.18911
2.16423
2.14367
2.13257
2.12783
2.09673
2.07585
2.06603
2.05538
2.0349
2.02444
1.99403
1.9733
1.96182
1.95284
1.93742
1.92585
1.90993
1.90142
1.88571
1.87921
1.86362
1.85967
1.85347
1.84317
1.83851
1.83322
1.82815
1.81767
1.81266
1.80668
1.80297
1.79741
1.79626
1.79222
1.78735
1.7858
1.78131
1.78114
1.77664
1.78059
1.77689
1.77582
1.77146
1.76626
1.76054
1.76056
1.76106
1.75542
1.7507
1.75031
1.74584
1.73973
1.73521
1.72442
1.71931
1.71479
1.70926
1.70475
1.69826
1.68833
1.67777
1.67369
1.66773
1.66201
1.65808
1.64788
1.64148
1.63651
1.62709
1.62622
1.61567
1.6164
1.60635
1.60571
1.59555
1.5904
1.58064
1.57405
1.56912
1.56546
1.55436
1.54937
1.54428
1.53889
1.53341
1.52896
1.5185
1.50798
1.50731
1.49727
1.49731
1.48746
1.4821
1.47745
1.47159
1.46098
1.46135
1.45606
1.45056
1.44659
1.44145
1.43971
1.42978
1.43053
1.4252
1.42528
1.41429
1.41494
1.40933
1.4097
1.40981
1.41519
1.41392
1.41526
1.415
1.41441
1.4147
1.41522
1.41914
1.42518
1.44034
1.44503
1.46078
1.47034
1.4962
1.51227
1.52689
1.56865
1.58889
1.63026
1.65555
1.71252
1.74328
1.76953
1.83122
1.86211
1.92414
1.95499
2.04778
2.07911
2.10993
2.13599
2.16662
2.22347
2.24969
2.27528
2.29669
2.32177
2.33864
2.37464
2.38944
2.41533
2.43086
2.44678
2.45219
2.46734
2.47336
2.46878
2.46737
2.46322
2.46245
2.44717
2.44253
2.43701
2.42196
2.41666
2.39561
2.38608
2.36551
2.35472
2.33997
2.31431
2.30274
2.26701
2.25211
2.22104
2.21054
2.17964
2.16396
2.14354
2.12834
2.11731
2.09215
2.08095
2.05561
2.04466
2.02373
2.01487
1.98275
1.97847
1.96216
1.95213
1.93639
1.93152
1.92093
1.91599
1.9107
1.90073
1.89591
1.88926
1.87438
1.87406
1.86941
1.86883
1.86433
1.86351
1.85858
1.85399
1.84806
1.84385
1.83357
1.82745
1.82315
1.81277
1.80696
1.79644
1.79214
1.7867
1.78181
1.7711
1.76641
1.75642
1.74938
1.73948
1.73557
1.72931
1.71468
1.70928
1.699
1.69361
1.67841
1.67319
1.66241
1.65817
1.64753
1.63737
1.63126
1.62105
1.61657
1.60107
1.59526
1.59112
1.58091
1.57471
1.56451
1.56472
1.54861
1.5443
1.53848
1.52875
1.52795
1.51819
1.51335
1.50745
1.50326
1.49743
1.4926
1.4869
1.47676
1.47656
1.46604
1.46656
1.45656
1.45596
1.44606
1.44542
1.4362
1.43475
1.42508
1.42506
1.42015
1.41529
1.41413
1.41028
1.40502
1.40394
1.40417
1.40001
1.39958
1.39937
1.39392
1.38967
1.38823
1.38849
1.38916
1.38371
1.3837
1.38379
1.38362
1.38363
1.38866
1.38911
1.39311
1.41398
1.43473
1.44541
1.46041
1.48043
1.5108
1.52322
1.54201
1.57795
1.59992
1.64097
1.66592
1.74336
1.76464
1.81644
1.84123
1.89344
1.91948
1.99146
2.01264
2.04918
2.06882
2.12171
2.1623
2.17825
2.19346
2.20433
2.21433
2.22032
2.22557
2.22499
2.22558
2.22553
2.22064
2.21598
2.21422
2.20396
2.20075
2.19046
2.18366
2.1798
2.16389
2.15352
2.13781
2.12799
2.10171
2.09179
2.06614
2.05527
2.04006
2.02969
2.00892
1.99384
1.98789
1.96265
1.95209
1.93675
1.92605
1.91495
1.90628
1.895
1.87992
1.87449
1.85948
1.85359
1.84913
1.8384
1.83325
1.82307
1.81777
1.8073
1.80244
1.7972
1.79689
1.78702
1.78634
1.78645
1.78148
1.77616
1.77605
1.7709
1.77085
1.76621
1.7616
1.75988
1.75528
1.75595
1.75025
1.74498
1.74072
1.73492
1.73027
1.72553
1.71924
1.71935
1.71449
1.70928
1.69896
1.69357
1.68344
1.67848
1.67321
1.66809
1.66293
1.65774
1.64742
1.64222
1.63145
1.62679
1.61631
1.61143
1.60563
1.60097
