1.67752
1.67881
1.67361
1.67224
1.67293
1.67245
1.66256
1.66293
1.66282
1.66268
1.65692
1.65767
1.65711
1.65273
1.65172
1.65258
1.647
1.64709
1.64145
1.64255
1.63653
1.63672
1.63176
1.62642
1.62605
1.62179
1.62115
1.61571
1.61633
1.61143
1.61045
1.60616
1.6054
1.60592
1.60119
1.60004
1.60097
1.60124
1.60041
1.59549
1.59535
1.5954
1.59055
1.58999
1.58565
1.58951
1.58421
1.58565
1.58031
1.57968
1.57518
1.57491
1.57508
1.56959
1.5695
1.56966
1.56371
1.56402
1.55976
1.55934
1.55925
1.5687
1.57472
1.59035
1.59938
1.61502
1.62617
1.64027
1.6524
1.66089
1.6779
1.7038
1.71792
1.76031
1.78608
1.80088
1.81154
1.83755
1.8526
1.87287
1.88453
1.90495
1.90939
1.92041
1.93077
1.94042
1.95094
1.95702
1.96589
1.9729
1.97256
1.97701
1.97694
1.9729
1.97242
1.96705
1.9675
1.96271
1.96145
1.95643
1.95223
1.94168
1.93658
1.93135
1.921
1.91598
1.90602
1.90005
1.88977
1.89013
1.87995
1.86977
1.85879
1.84861
1.84339
1.8277
1.82333
1.81229
1.80215
1.79689
1.78211
1.77617
1.75589
1.75065
1.74032
1.73526
1.72502
1.71951
1.7089
1.70922
1.70385
1.6991
1.69336
1.6888
1.68416
1.68238
1.67754
1.67832
1.67246
1.67312
1.67263
1.66729
1.66794
1.66284
1.66272
1.66244
1.6626
1.66244
1.66289
1.65737
1.65738
1.65731
1.65732
1.65214
1.6521
1.65263
1.65241
1.65203
1.65271
1.64678
1.64766
1.64263
1.64125
1.64234
1.6415
1.63689
1.63659
1.6367
1.63221
1.63228
1.63139
1.62708
1.62096
1.61622
1.61586
1.61631
1.61102
1.61073
1.60567
1.60561
1.60101
1.59597
1.59499
1.59523
1.59546
1.59538
1.59026
1.59015
1.59021
1.58979
1.58454
1.58546
1.58031
1.58018
1.57966
1.57975
1.58033
1.57458
1.57494
1.56926
1.5698
1.5696
1.5696
1.56483
1.56407
1.56469
1.56013
1.56348
1.55845
1.55987
1.55426
1.55883
1.56
1.55383
1.55425
1.55398
1.55398
1.55419
1.55903
1.55904
1.56927
1.57425
1.59453
1.60049
1.62633
1.63574
1.64659
1.67237
1.69237
1.7134
1.72876
1.75933
1.77544
1.81564
1.82762
1.85347
1.86248
1.88894
1.8999
1.92488
1.93589
1.94619
1.95642
1.96746
1.9776
1.97728
1.9829
1.98315
1.98702
1.98733
1.98813
1.98264
1.98235
1.98314
1.9829
1.97753
1.9719
1.96774
1.96174
1.95248
1.94612
1.94137
1.93646
1.92199
1.92011
1.90571
1.90028
1.89537
1.87484
1.85922
1.85384
1.84891
1.83378
1.82729
1.81685
1.813
1.79746
1.79176
1.78703
1.77604
1.77166
1.7613
1.75576
1.74586
1.74012
1.73481
1.72991
1.72461
1.71927
1.71446
1.70944
1.7091
1.69904
1.69833
1.69363
1.69338
1.68897
1.68786
1.68865
1.68855
1.68328
1.68317
1.68318
1.68283
1.68351
1.6779
1.6733
1.67735
1.67222
1.67331
1.66778
1.66758
1.66208
1.66281
1.65633
1.65343
1.6512
1.64591
1.64301
1.63795
1.63583
1.63065
1.62732
1.62567
1.61526
1.61669
1.61193
1.61011
1.60597
1.60555
1.60583
1.60008
1.6009
1.59505
1.59564
1.58982
1.59058
1.58436
1.58593
1.58512
1.58058
1.58027
1.57965
1.57979
1.57998
1.57986
1.57995
1.57984
1.58027
1.58001
1.57964
1.58005
1.57983
1.57991
1.57988
1.58029
1.58
1.58001
1.5794
1.57995
1.57463
1.57434
1.58018
1.57498
1.57455
1.57978
1.57445
1.57496
1.57486
1.57421
1.57368
1.58007
1.5898
1.59533
1.60551
1.61522
1.63036
1.6417
1.64643
1.67253
1.68681
1.71261
1.72421
1.75498
1.76468
1.79055
1.81635
1.84228
1.85329
1.88377
1.88949
1.90502
1.90978
1.92608
1.93043
1.94129
1.94124
1.9459
1.95099
1.95706
1.95705
1.95649
1.95166
1.95167
1.94685
1.94654
1.94127
1.93689
1.92592
1.9209
1.9099
1.90622
1.8956
1.88985
1.87932
1.87449
1.85907
1.85409
1.84858
1.83277
1.82861
1.81302
1.80719
1.79212
1.78638
1.77671
1.76617
1.7607
1.74555
1.73994
1.73555
1.72512
1.71949
1.71477
1.70464
1.69892
1.69363
1.68889
1.68332
1.67859
1.67385
1.67212
1.66733
1.66298
1.66241
1.66261
1.65719
1.65811
1.65675
1.65694
1.65768
1.65756
1.65719
1.65747
1.65741
1.6573
1.65775
1.65699
1.65756
1.65718
1.65724
1.65297
1.65259
1.65189
1.65236
1.65204
1.6521
1.65226
1.64699
1.64707
1.64225
1.64155
1.63678
1.64158
1.64202
1.64165
1.63712
1.63692
1.63655
1.63671
1.6366
1.63203
1.63121
1.63214
1.63067
1.63113
1.62689
1.62626
1.62679
1.62118
1.6211
1.62133
1.62132
1.6211
1.61667
1.61551
1.61564
1.61636
1.6158
1.61023
