1.57938
1.58068
1.57553
1.57414
1.57434
1.57026
1.56917
1.56991
1.56521
1.56383
1.56412
1.56504
1.55925
1.55922
1.55431
1.55888
1.55414
1.55433
1.55384
1.55388
1.54903
1.54894
1.54892
1.54891
1.54847
1.54963
1.54382
1.54378
1.54385
1.54367
1.54856
1.54921
1.54868
1.55358
1.56396
1.57481
1.5836
1.59924
1.61081
1.62025
1.64648
1.65675
1.69751
1.71336
1.73901
1.75525
1.77576
1.79045
1.828
1.83715
1.84805
1.85791
1.8686
1.88912
1.89459
1.91022
1.91981
1.92569
1.93087
1.93543
1.94121
1.94615
1.95154
1.95679
1.95691
1.95665
1.95699
1.95661
1.95705
1.95705
1.95659
1.95184
1.95187
1.94665
1.94658
1.94159
1.9316
1.92555
1.92127
1.91101
1.90533
1.90554
1.90001
1.89522
1.8897
1.87953
1.87432
1.864
1.85937
1.85373
1.84346
1.83826
1.82311
1.8177
1.80194
1.7975
1.78708
1.78147
1.77567
1.77162
1.76087
1.7559
1.75512
1.74535
1.74006
1.73511
1.73454
1.72889
1.7254
1.72013
1.71875
1.71965
1.71495
1.71847
1.71402
1.71905
1.71996
1.71428
1.719
1.7194
1.71955
1.71915
1.71943
1.7192
1.71924
1.71935
1.71933
1.71929
1.7193
1.71931
1.71449
1.71874
1.71526
1.71334
1.71471
1.71376
1.71399
1.71432
1.70891
1.70944
1.70414
1.70362
1.70393
1.70377
1.70332
1.69928
1.69331
1.69365
1.69339
1.68865
1.68806
1.68321
1.6831
1.68323
1.67831
1.67772
1.6787
1.67319
1.67205
1.66145
1.66335
1.65819
1.65671
1.65337
1.65257
1.65191
1.64675
1.64716
1.6415
1.63742
1.63602
1.63049
1.63234
1.62202
1.6206
1.62166
1.61642
1.61577
1.61633
1.61054
1.61062
1.60626
1.60531
1.60602
1.60037
1.60075
1.60001
1.5951
1.59566
1.59595
1.59047
1.59073
1.5898
1.59058
1.58559
1.5891
1.5841
1.58094
1.57916
1.57949
1.58018
1.57995
1.58034
1.57526
1.57926
1.57552
1.57414
1.5744
1.57457
1.57486
1.57479
1.57471
1.57473
1.57474
1.57432
1.58017
1.58415
1.58931
1.59579
1.61085
1.62024
1.62633
1.6468
1.65639
1.68204
1.69334
1.71933
1.73335
1.74487
1.7702
1.78568
1.80596
1.81688
1.83191
1.85257
1.86367
1.88425
1.88914
1.90949
1.91542
1.93071
1.94053
1.94633
1.95648
1.96155
1.96704
1.97213
1.97673
1.97808
1.97692
1.98247
1.97744
1.97739
1.97752
1.97739
1.97166
1.97279
1.96684
1.96746
1.95717
1.95646
1.94623
1.94187
1.936
1.93636
1.93114
1.92597
1.91558
1.91597
1.9007
1.89943
1.8856
1.87881
1.86377
1.86396
1.83814
1.82793
1.82279
1.81287
1.80692
1.7918
1.78701
1.78239
1.7755
1.76598
1.75554
1.75548
1.75519
1.75118
1.75082
1.75435
1.75049
1.74026
1.73962
1.74074
1.74545
1.7444
1.74582
1.74029
1.73965
1.73493
1.73465
1.72892
1.72575
1.72519
1.72439
1.72449
1.71903
1.71954
1.71947
1.71918
1.7193
1.71927
1.71979
1.7185
1.71514
1.71331
1.70871
1.70927
1.70446
1.70323
1.70441
1.69843
1.69929
1.6933
1.69398
1.68828
1.6839
1.68261
1.67828
1.6778
1.67346
1.66744
1.66772
1.66726
1.66351
1.66301
1.65693
1.65711
1.65752
1.652
1.65233
1.64699
1.64187
1.63751
1.63602
1.63179
1.63137
1.62722
1.62684
1.62605
1.62038
1.62196
1.61613
1.6159
1.61622
1.61106
1.61072
1.61103
1.61104
1.61031
1.60496
1.60637
1.60617
1.60011
1.60093
1.60074
1.60043
1.59567
1.60045
1.59503
1.5957
1.59514
1.59489
1.59533
1.59562
1.59033
1.59071
1.585
1.58549
1.58571
1.58454
1.5793
1.58036
1.57514
1.57457
1.57968
1.57476
1.57964
1.57483
1.57955
1.57974
1.58001
1.5843
1.58469
1.595
1.59981
1.61087
1.62639
1.63562
1.64196
1.66766
1.67704
1.70275
1.71342
1.72892
1.7545
1.76546
1.79141
1.8014
1.8265
1.83804
1.86369
1.87333
1.8845
1.8939
1.89997
1.90934
1.92568
1.93524
1.94548
1.95167
1.95607
1.9621
1.96666
1.97697
1.97745
1.97748
1.98187
1.98288
1.98303
1.98236
1.97773
1.97228
1.97269
1.96718
1.96201
1.95737
1.94677
1.94635
1.93658
1.93135
1.92101
1.91592
1.91077
1.90084
1.89489
1.88433
1.87981
1.85904
1.85401
1.84367
1.83357
1.82316
1.81766
1.81277
1.80741
1.80233
1.79686
1.78711
1.78101
1.77088
1.76646
1.76037
1.75602
1.75046
1.75023
1.74545
1.74486
1.73946
1.74081
1.73548
1.73466
1.73487
1.72949
1.73498
1.72938
1.72988
1.72984
1.72945
1.72978
1.72485
1.72459
1.73
1.72449
1.72444
1.72443
1.72451
1.72004
1.72322
1.71808
1.72018
1.71964
1.71913
1.7194
1.71407
1.71903
1.71375
1.71443
1.70948
