1.65777
1.65698
1.65766
1.65228
1.65699
1.65726
1.65241
1.65231
1.65209
1.64779
1.64741
1.64194
1.64141
1.63617
1.63187
1.62579
1.62675
1.62076
1.62159
1.6158
1.61619
1.61128
1.61054
1.61117
1.60628
1.60522
1.59968
1.60121
1.59511
1.59561
1.59035
1.59011
1.58543
1.58473
1.57915
1.58047
1.57503
1.57451
1.56964
1.56958
1.56519
1.5638
1.55936
1.55955
1.55465
1.55359
1.54891
1.54895
1.54889
1.54407
1.54359
1.54383
1.54456
1.54441
1.54285
1.54935
1.55372
1.56368
1.5737
1.58486
1.59449
1.61972
1.63204
1.66211
1.67657
1.7024
1.71904
1.76012
1.80615
1.81668
1.84767
1.85818
1.87904
1.88891
1.92034
1.93013
1.94586
1.95217
1.96208
1.97126
1.9831
1.98221
1.98713
1.98837
1.99252
1.99355
1.9924
1.98703
1.98844
1.9825
1.97789
1.96708
1.96277
1.95734
1.95155
1.94133
1.93683
1.93118
1.91571
1.91046
1.90018
1.89543
1.88553
1.87439
1.86963
1.85346
1.84919
1.83391
1.82718
1.81232
1.81217
1.80786
1.7916
1.78707
1.77169
1.7704
1.75541
1.75546
1.74513
1.74031
1.72933
1.72539
1.71976
1.71453
1.7084
1.70466
1.7048
1.69819
1.69834
1.69934
1.69339
1.69356
1.69317
1.68889
1.68791
1.68812
1.68365
1.67854
1.67768
1.67843
1.67282
1.67282
1.668
1.66738
1.66178
1.65644
1.658
1.65244
1.65198
1.64655
1.64254
1.63689
1.63617
1.63228
1.62636
1.62189
1.61585
1.61665
1.6062
1.6053
1.60163
1.59557
1.59521
1.58492
1.58523
1.58064
1.57487
1.5751
1.56959
1.56514
1.56389
1.55969
1.55892
1.55376
1.55476
1.55396
1.54854
1.54968
1.53907
1.53867
1.53856
1.53291
1.53386
1.52923
1.53246
1.52753
1.5288
1.52895
1.5274
1.52439
1.52369
1.52275
1.51784
1.51795
1.51806
1.51782
1.51775
1.51814
1.51811
1.5178
1.51785
1.51803
1.51788
1.51841
1.51759
1.51775
1.51807
1.51797
1.51798
1.51786
1.51803
1.51802
1.51788
1.5179
1.51798
1.51793
1.51751
1.52335
1.52778
1.53311
1.53805
1.55372
1.56369
1.58441
1.59444
1.62549
1.63627
1.67235
1.68735
1.70283
1.73392
1.74961
1.78011
1.80083
1.81685
1.84734
1.86297
1.89389
1.90489
1.93084
1.94526
1.99155
2.00687
2.01441
2.02946
2.03377
2.04346
2.04995
2.05519
2.05475
2.06026
2.05988
2.05962
2.05553
2.05444
2.04936
2.05039
2.04012
2.03897
2.02953
2.02909
2.02431
2.01407
2.00836
1.99366
1.98794
1.97277
1.96713
1.95708
1.95167
1.93074
1.92678
1.92029
1.90003
1.89562
1.87998
1.8744
1.85925
1.85384
1.83833
1.83338
1.82766
1.81715
1.81272
1.8025
1.79672
1.78637
1.78189
1.77644
1.76623
1.75573
1.75528
1.74606
1.7444
1.73947
1.74033
1.73473
1.73486
1.73003
1.7293
1.73031
1.72948
1.72404
1.72973
1.72399
1.72443
1.71913
1.71938
1.71929
1.71351
1.71419
1.7092
1.7034
1.70412
1.70397
1.70379
1.69844
1.69881
1.69373
1.69373
1.68842
1.68391
1.68261
1.678
1.67843
1.67255
1.66864
1.66376
1.6616
1.65725
1.65738
1.65187
1.65288
1.64678
1.64207
1.63661
1.63231
1.63092
1.62566
1.62216
1.61564
1.61017
1.61182
1.60531
1.60155
1.59985
1.59615
1.59564
1.59529
1.58512
1.59028
1.58477
1.58576
1.58491
1.57919
1.57562
1.57568
1.57398
1.57029
1.56901
1.57006
1.5696
1.56961
1.56419
1.56459
1.55948
1.55948
1.5538
1.55389
1.55465
1.54873
1.54907
1.54945
1.54363
1.54367
1.54384
1.54335
1.53814
1.54381
1.5382
1.53884
1.53858
1.53858
1.5436
1.53836
1.53874
1.53852
1.53859
1.53859
1.53893
1.54371
1.53414
1.53409
1.53294
1.5338
1.5336
1.53338
1.53313
1.53324
1.53371
1.53326
1.53351
1.53341
1.53837
1.53777
1.53918
1.53818
1.54867
1.56441
1.57366
1.59397
1.60575
1.61539
1.64604
1.66147
1.69152
1.70435
1.73481
1.74892
1.78037
1.80094
1.81153
1.84246
1.85756
1.88331
1.89432
1.90497
1.92552
1.93534
1.95645
1.96152
1.98668
1.99849
2.00231
2.00804
2.01358
2.01286
2.01854
2.01375
2.01356
2.00878
2.00779
2.00359
2.00306
1.99752
1.99406
1.9878
1.98301
1.977
1.96709
1.96278
1.95259
1.94649
1.93147
1.92129
1.91086
1.90028
1.88428
1.87504
1.86454
1.85369
1.84388
1.83789
1.82326
1.81715
1.80216
1.79195
1.78199
1.78077
1.77111
1.76638
1.75505
1.75093
1.74584
1.73963
1.73428
1.72885
1.72587
1.72533
1.7239
1.71978
1.71899
1.71913
1.71944
1.71449
1.71876
1.71862
1.71992
1.71386
1.71914
1.71422
1.71421
1.71411
1.71415
1.71455
1.71486
1.70873
1.70915
1.70887
1.70814
