1.72431
1.7246
1.71911
1.71946
1.71431
1.71404
1.7142
1.70864
1.70486
1.70006
1.69758
1.69325
1.69363
1.68815
1.68354
1.68321
1.68363
1.67808
1.67802
1.67271
1.66811
1.66731
1.66176
1.65861
1.65353
1.65124
1.65326
1.64197
1.64179
1.63152
1.63158
1.62163
1.61648
1.61152
1.60549
1.60631
1.60084
1.60034
1.59493
1.59099
1.58601
1.58424
1.58096
1.57493
1.57009
1.5702
1.5643
1.55997
1.55507
1.54854
1.54878
1.54863
1.54331
1.53922
1.53867
1.53853
1.53867
1.53865
1.53855
1.54431
1.54777
1.5584
1.5696
1.57398
1.59438
1.60505
1.62597
1.64086
1.66677
1.68693
1.70356
1.73464
1.75352
1.78952
1.8117
1.87309
1.88839
1.92968
1.9506
1.98644
2.00293
2.03866
2.05379
2.08042
2.09471
2.10621
2.12736
2.13634
2.15225
2.15798
2.16282
2.1685
2.17346
2.17812
2.17829
2.17927
2.17888
2.17392
2.16918
2.16804
2.15803
2.15377
2.14287
2.13283
2.1171
2.10742
2.09251
2.08544
2.06149
2.04601
2.03374
2.03023
2.00839
1.9996
1.97878
1.97212
1.95189
1.94695
1.93689
1.91581
1.91048
1.89009
1.88486
1.87501
1.86456
1.85439
1.84422
1.83274
1.82179
1.81847
1.80174
1.80243
1.78659
1.78635
1.77614
1.77603
1.77027
1.76668
1.76089
1.75527
1.75565
1.74998
1.746
1.74104
1.73922
1.74087
1.73501
1.72982
1.7192
1.71942
1.71392
1.70951
1.70856
1.69877
1.69864
1.68853
1.68329
1.67834
1.67291
1.66833
1.6672
1.65833
1.65699
1.64697
1.64747
1.62738
1.62552
1.61015
1.61151
1.60051
1.59619
1.58069
1.57934
1.56488
1.55914
1.54855
1.54477
1.53289
1.52903
1.52302
1.51838
1.50749
1.50243
1.4975
1.49236
1.4827
1.4812
1.47102
1.47173
1.46153
1.46099
1.45125
1.44605
1.44538
1.44109
1.44044
1.43053
1.43039
1.42547
1.4199
1.41978
1.40981
1.40938
1.40431
1.40436
1.39882
1.3951
1.39314
1.38778
1.38968
1.3893
1.38855
1.394
1.40377
1.40477
1.42491
1.42956
1.45604
1.47006
1.50087
1.5223
1.54233
1.59439
1.61428
1.67102
1.70213
1.73294
1.79984
1.84116
1.91343
1.94935
2.02195
2.05819
2.13047
2.16652
2.19745
2.25981
2.28567
2.33761
2.36295
2.40454
2.42567
2.47266
2.48225
2.50299
2.50942
2.52482
2.52478
2.52944
2.53488
2.53527
2.5308
2.52918
2.51906
2.51565
2.5051
2.49362
2.48901
2.47377
2.46368
2.44217
2.42799
2.40751
2.39561
2.38149
2.35565
2.34419
2.30326
2.28866
2.25713
2.2415
2.2105
2.20039
2.1693
2.1538
2.14348
2.11207
2.1026
2.07114
2.06056
2.0346
2.02468
1.98893
1.97762
1.9522
1.9468
1.92624
1.91624
1.89615
1.88905
1.88046
1.85902
1.8437
1.83394
1.82722
1.81681
1.81304
1.798
1.79579
1.77536
1.77221
1.76149
1.75518
1.75111
1.73541
1.72992
1.7197
1.71455
1.7043
1.69894
1.69366
1.68291
1.67404
1.6633
1.65228
1.63702
1.63203
1.62171
1.61151
1.60111
1.59535
1.59055
1.57516
1.56998
1.55949
1.54981
1.53935
1.53357
1.51837
1.51278
1.50794
1.49717
1.49258
1.48223
1.47703
1.46673
1.46604
1.44649
1.44015
1.42996
1.42015
1.4152
1.40982
1.4044
1.39948
1.38883
1.38893
1.37832
1.37921
1.37401
1.36848
1.36315
1.35866
1.35733
1.34705
1.34796
1.34773
1.34289
1.34212
1.34253
1.33671
1.33766
1.33292
1.3314
1.32695
1.32687
1.32237
1.32128
1.32119
1.31732
1.31135
1.31146
1.30662
1.30701
1.3008
1.29646
1.29553
1.29549
1.2914
1.29034
1.29059
1.29088
1.28529
1.2859
1.28583
1.2854
1.28579
1.29146
1.29025
1.30022
1.31104
1.32651
1.33658
1.35769
1.37216
1.40332
1.42413
1.48079
1.5056
1.55172
1.57894
1.64026
1.66649
1.75863
1.85674
1.88811
1.95
1.98113
2.04261
2.06956
2.09888
2.15043
2.17353
2.21433
2.23407
2.26503
2.28151
2.29671
2.32245
2.33335
2.34919
2.35369
2.35935
2.36413
2.36493
2.36457
2.36025
2.35891
2.34856
2.34492
2.33412
2.32406
2.31843
2.30237
2.29372
2.26188
2.25171
2.23061
2.22109
2.20033
2.18953
2.16364
2.15382
2.13821
2.12258
2.10754
2.08147
2.07081
2.04529
2.03471
2.01458
2.00848
1.99417
1.97848
1.96749
1.947
1.94159
1.92102
1.9107
1.90562
1.88537
1.86936
1.85916
1.85386
1.84346
1.83825
1.82789
1.8183
1.80819
1.80627
1.79615
1.79233
1.78657
1.77595
1.77171
1.76116
1.76024
1.75052
1.74563
1.74032
1.73037
1.72907
1.71413
1.7142
1.6993
1.69371
1.68347
1.67848
1.66771
1.66804
1.6522
1.64734
1.63738
1.63173
1.61609
1.61645
1.60649
1.60024
1.59147
1.58557
