1.48708
1.48241
1.48133
1.47579
1.4773
1.47134
1.46662
1.46577
1.46671
1.46608
1.46155
1.46052
1.46078
1.45663
1.45644
1.45562
1.45628
1.46061
1.46604
1.47588
1.48665
1.49643
1.5166
1.53278
1.55836
1.57367
1.59971
1.61489
1.64632
1.66616
1.67772
1.7138
1.73338
1.76403
1.78086
1.80712
1.82076
1.8426
1.85298
1.86776
1.88374
1.9044
1.91513
1.93575
1.94089
1.95091
1.95669
1.96129
1.96735
1.97768
1.98208
1.9871
1.98826
1.99235
1.99266
1.99313
1.98775
1.98776
1.98227
1.97846
1.9767
1.97181
1.9682
1.95767
1.95127
1.94125
1.93692
1.93113
1.91649
1.91506
1.89983
1.89576
1.87998
1.86911
1.85372
1.84895
1.83268
1.82376
1.8131
1.79764
1.79168
1.78177
1.7765
1.76077
1.75604
1.7453
1.73523
1.72964
1.72444
1.71521
1.70961
1.70366
1.69351
1.69352
1.68855
1.68329
1.67859
1.67871
1.67265
1.67293
1.66731
1.66321
1.66301
1.65686
1.65705
1.65756
1.65745
1.65285
1.653
1.65152
1.65272
1.65176
1.65252
1.65193
1.64635
1.64789
1.6474
1.642
1.64164
1.63635
1.64151
1.63675
1.63656
1.63084
1.63208
1.6263
1.62677
1.62611
1.62661
1.61662
1.61565
1.6163
1.61167
1.61033
1.61125
1.61072
1.606
1.60037
1.60082
1.59535
1.59542
1.59092
1.58971
1.58584
1.58443
1.58474
1.58043
1.58025
1.57477
1.5747
1.56989
1.5694
1.56965
1.5645
1.5648
1.55436
1.55874
1.55486
1.55506
1.54881
1.54403
1.54355
1.53912
1.53819
1.53891
1.53376
1.53803
1.53329
1.5339
1.528
1.52848
1.52811
1.52804
1.5236
1.52274
1.52286
1.5188
1.5181
1.51827
1.51811
1.513
1.51258
1.51261
1.50849
1.50794
1.50733
1.50785
1.50736
1.50775
1.50705
1.50336
1.5032
1.50182
1.50201
1.50281
1.50217
1.50228
1.50259
1.50217
1.50264
1.50248
1.50283
1.50315
1.50189
1.5031
1.49795
1.50167
1.50269
1.50294
1.50246
1.50289
1.50208
1.50278
1.50707
1.50318
1.50678
1.51207
1.51812
1.5278
1.53835
1.55888
1.56883
1.58391
1.60967
1.62511
1.65621
1.67649
1.72363
1.74374
1.79147
1.8221
1.83223
1.84751
1.87327
1.88904
1.9146
1.92552
1.94608
1.95609
1.96654
1.9773
1.98199
1.99701
1.99888
2.00906
2.01287
2.01813
2.01925
2.02328
2.02325
2.02435
2.02362
2.02421
2.01439
2.00856
2.00835
2.00404
2.00316
1.99303
1.98838
1.98255
1.97216
1.96783
1.95746
1.95128
1.94763
1.93677
1.93122
1.91522
1.91086
1.89467
1.88526
1.87912
1.86453
1.85894
1.84391
1.83817
1.83324
1.82282
1.81801
1.81242
1.79173
1.7815
1.77665
1.7712
1.76114
1.75543
1.7456
1.74032
1.73448
1.73022
1.72436
1.71971
1.71898
1.71511
1.71385
1.70948
1.7043
1.70355
1.70372
1.70386
1.69899
1.69872
1.69887
1.69862
1.69874
1.69853
1.69364
1.69835
1.69348
1.69841
1.69314
1.69374
1.69331
1.69362
1.69305
1.69343
1.68875
1.68794
1.68867
1.68412
1.68243
1.68244
1.68376
1.68758
1.68404
1.68249
1.68332
1.67828
1.6823
1.67771
1.67823
1.67333
1.67251
1.67347
1.67235
1.66726
1.67281
1.66358
1.66167
1.66316
1.66202
1.65766
1.65713
1.65159
1.65303
1.64717
1.64217
1.64152
1.64185
1.63697
1.6365
1.63093
1.62707
1.62643
1.62153
1.62132
1.62121
1.61626
1.61104
1.61092
1.60606
1.6015
1.59985
1.60107
1.5953
1.59553
1.5848
1.58532
1.57938
1.58079
1.57432
1.57511
1.57442
1.56901
1.57007
1.57035
1.56413
1.56461
1.55911
1.55979
1.55995
1.55869
1.55404
1.55413
1.55441
1.55384
1.55395
1.55383
1.55426
1.54847
1.54926
1.54909
1.54881
1.54888
1.54895
1.54893
1.54893
1.55467
1.55362
1.55925
1.56934
1.57956
1.58946
1.60004
1.60993
1.6208
1.63581
1.64656
1.67194
1.68769
1.71314
1.7291
1.75548
1.76919
1.78154
1.79033
1.8067
1.81671
1.83781
1.84749
1.86787
1.87445
1.88362
1.89897
1.90039
1.91612
1.91503
1.92097
1.92521
1.93118
1.93084
1.93604
1.93578
1.93593
1.93592
1.93064
1.93125
1.92635
1.92543
1.92618
1.92108
1.91088
1.90574
1.89985
1.90022
1.8899
1.88464
1.87919
1.87502
1.8698
1.86363
1.84889
1.84797
1.83287
1.83298
1.8224
1.81785
1.81279
1.80699
1.80265
1.79219
1.78626
1.77605
1.77618
1.7663
1.76092
1.75593
1.75091
1.74532
1.73503
1.73466
1.73004
1.72466
1.7195
1.71375
1.70997
1.70475
1.70313
1.69434
1.69284
1.68831
1.68788
1.68831
1.68356
1.67769
1.67824
1.67782
1.67217
1.66868
1.66375
1.66196
1.66293
1.66316
1.66198
1.65754
1.65722
1.6573
1.65292
1.65655
