1.63658
1.63706
1.63603
1.63236
1.6324
1.63042
1.63056
1.63099
1.6362
1.63717
1.63784
1.63573
1.63647
1.63203
1.63634
1.63704
1.63157
1.63637
1.63684
1.63663
1.63629
1.63639
1.63695
1.63686
1.63656
1.63662
1.63196
1.6315
1.63104
1.62711
1.62124
1.61687
1.6154
1.61121
1.61065
1.61104
1.60544
1.60599
1.6005
1.60022
1.59983
1.59628
1.59468
1.59539
1.59542
1.59032
1.59021
1.58534
1.58478
1.58471
1.58584
1.58016
1.57971
1.58005
1.57999
1.57984
1.57479
1.57472
1.57518
1.57442
1.57433
1.57012
1.56981
1.56986
1.56971
1.5642
1.56459
1.55935
1.55914
1.55977
1.55845
1.55433
1.55428
1.55392
1.55465
1.55478
1.55355
1.55378
1.55918
1.56457
1.56913
1.58452
1.59521
1.61541
1.6254
1.66142
1.67225
1.69836
1.70806
1.73446
1.74929
1.77047
1.79037
1.8172
1.82685
1.84224
1.85365
1.87307
1.88479
1.8949
1.89971
1.90434
1.91026
1.91468
1.91616
1.92091
1.92047
1.92105
1.92037
1.91561
1.92038
1.91076
1.90996
1.90588
1.90093
1.8944
1.88432
1.87986
1.86959
1.86365
1.85323
1.84908
1.83393
1.83204
1.82433
1.81313
1.80182
1.79132
1.78694
1.77147
1.76608
1.74968
1.74145
1.73064
1.7289
1.71874
1.71486
1.70398
1.70375
1.6935
1.69387
1.68377
1.68277
1.67804
1.67803
1.66789
1.67232
1.66678
1.66839
1.66804
1.66742
1.66774
1.66764
1.66768
1.67254
1.67255
1.67311
1.67819
1.67782
1.67752
1.67829
1.678
1.67795
1.67784
1.6786
1.67359
1.67719
1.6733
1.67252
1.6727
1.67292
1.67328
1.67254
1.66311
1.66692
1.66279
1.6623
1.66209
1.66282
1.65788
1.6569
1.65732
1.65246
1.64686
1.6427
1.64124
1.63668
1.64159
1.63631
1.6321
1.63174
1.62655
1.62626
1.6264
1.62193
1.62163
1.62089
1.62147
1.61573
1.62111
1.61565
1.61636
1.61171
1.61031
1.61106
1.61108
1.6055
1.60556
1.60628
1.60062
1.60053
1.60007
1.59635
1.59575
1.59075
1.5906
1.58992
1.58974
1.58574
1.58517
1.58499
1.59082
1.59433
1.60508
1.61547
1.6251
1.63659
1.66737
1.67721
1.71331
1.74423
1.75513
1.79522
1.80687
1.83279
1.84756
1.86801
1.87912
1.90908
1.92059
1.93081
1.94038
1.95586
1.96234
1.972
1.97736
1.98214
1.98268
1.98694
1.98849
1.98867
1.98224
1.98236
1.97804
1.96717
1.9623
1.95205
1.95133
1.94116
1.93662
1.92637
1.92054
1.91629
1.90577
1.9003
1.89007
1.8849
1.86903
1.86465
1.84815
1.83884
1.8279
1.82311
1.80717
1.79739
1.77649
1.77141
1.7559
1.75061
1.74027
1.73531
1.72521
1.72396
1.71412
1.71428
1.70887
1.70426
1.69824
1.69429
1.69294
1.69325
1.69406
1.68818
1.6884
1.68307
1.68328
1.68322
1.68313
1.68317
1.68316
1.68317
1.68316
1.68316
1.68315
1.68307
1.68327
1.68307
1.68324
1.68322
1.68312
1.67868
1.67785
1.67818
1.67799
1.6724
1.66841
1.66813
1.66288
1.6622
1.65711
1.65756
1.65751
1.65242
1.6516
1.64741
1.64711
1.64144
1.63768
1.63673
1.63194
1.62594
1.62608
1.61063
1.60622
1.60532
1.60157
1.59981
1.60109
1.60018
1.5958
1.59509
1.59524
1.59103
1.5902
1.59033
1.59007
1.59046
1.5904
1.58565
1.58521
1.5849
1.58533
1.57962
1.57969
1.58011
1.5797
1.58008
1.57985
1.57996
1.57498
1.57456
1.57465
1.5748
1.57477
1.57952
1.58404
1.58591
1.60087
1.60963
1.62114
1.641
1.64694
1.67277
1.687
1.71333
1.72891
1.7443
1.77071
1.78491
1.80563
1.82186
1.84789
1.86838
1.89378
1.90546
1.91533
1.92491
1.93585
1.94615
1.95121
1.96158
1.96709
1.97238
1.9772
1.9824
1.98229
1.98291
1.98238
1.98283
1.98245
1.98252
1.98271
1.97821
1.97692
1.97784
1.9724
1.96733
1.96699
1.95236
1.94668
1.94674
1.94145
1.93637
1.92606
1.92086
1.90503
1.90097
1.89474
1.89056
1.88452
1.87978
1.87414
1.86981
1.85404
1.85357
1.83797
1.83336
1.82766
1.81853
1.81205
1.80754
1.79718
1.79152
1.78134
1.77639
1.77137
1.7564
1.75131
1.74495
1.73475
1.73524
1.73445
1.72893
1.73014
1.72436
1.71983
1.72022
1.71368
1.71377
1.71447
1.71387
1.71439
1.714
1.70929
1.70865
1.70868
1.70925
1.70875
1.70925
1.70917
1.70892
1.70866
1.70334
1.70421
1.70406
1.70363
1.70371
1.7039
1.70378
1.70381
1.70391
1.69882
1.69857
1.69833
1.69443
1.69404
1.69305
1.68826
1.6937
1.6888
1.68848
1.68834
1.68302
1.68324
1.67765
1.67839
1.67762
1.67343
1.67333
1.66757
1.66288
1.66261
1.66248
1.65688
1.65808
1.6521
1.64778
1.64715
1.64212
1.64165
