1.66246
1.6577
1.65267
1.6518
1.64802
1.637
1.63655
1.6314
1.62188
1.62077
1.61581
1.61129
1.60161
1.59635
1.59462
1.59121
1.58523
1.58488
1.57541
1.57516
1.56953
1.57004
1.56987
1.56934
1.56987
1.56895
1.56922
1.56984
1.56937
1.56978
1.57428
1.57504
1.57973
1.57999
1.5852
1.58951
1.59512
1.60525
1.61584
1.63151
1.64084
1.65679
1.67746
1.69217
1.72873
1.73968
1.75423
1.77057
1.79593
1.80675
1.82139
1.84733
1.86296
1.87853
1.8942
1.90994
1.92041
1.93011
1.93657
1.94509
1.95201
1.962
1.96644
1.98235
1.98283
1.9825
1.98748
1.98847
1.99353
1.99221
1.99267
1.99305
1.98815
1.98742
1.98812
1.98267
1.97815
1.97698
1.96712
1.96711
1.95183
1.95157
1.94138
1.93677
1.92622
1.92602
1.91053
1.90573
1.88983
1.8794
1.87481
1.86897
1.85308
1.84948
1.83888
1.8325
1.82189
1.81878
1.80827
1.80165
1.79772
1.79599
1.79254
1.786
1.77602
1.78105
1.77002
1.76674
1.76513
1.76009
1.76095
1.75572
1.75532
1.74977
1.75078
1.75069
1.75036
1.74542
1.74488
1.74573
1.74423
1.74455
1.74557
1.74538
1.74493
1.74502
1.74519
1.74507
1.74515
1.7451
1.74556
1.74587
1.74491
1.74037
1.73965
1.74018
1.73491
1.73511
1.73458
1.73535
1.72952
1.72969
1.72472
1.72433
1.72447
1.72444
1.71873
1.71979
1.71518
1.71367
1.71456
1.70934
1.7087
1.70919
1.7038
1.70378
1.69891
1.69846
1.69884
1.69401
1.69302
1.6883
1.68843
1.6837
1.68265
1.67799
1.67808
1.67857
1.67269
1.67276
1.6681
1.66765
1.66308
1.66214
1.66231
1.66308
1.65751
1.65726
1.6574
1.65244
1.65235
1.65206
1.65254
1.6523
1.64781
1.65133
1.65238
1.64729
1.64671
1.64734
1.64678
1.64685
1.64716
1.64691
1.64738
1.6467
1.64679
1.64679
1.64681
1.64683
1.64714
1.64656
1.65226
1.65167
1.65265
1.65253
1.6519
1.65242
1.65276
1.6517
1.65228
1.64762
1.64765
1.65144
1.64787
1.64303
1.64582
1.64639
1.64706
1.64704
1.65222
1.65657
1.67748
1.69805
1.70358
1.72954
1.73896
1.74964
1.76492
1.77572
1.79008
1.82087
1.83765
1.8582
1.87284
1.8894
1.91506
1.93002
1.95089
1.9615
1.99238
1.99775
2.01331
2.01837
2.02965
2.03836
2.0494
2.05498
2.05972
2.05994
2.06013
2.06005
2.06006
2.06003
2.06011
2.05479
2.05498
2.05486
2.04965
2.04982
2.03949
2.03977
2.02892
2.02483
2.01832
2.00914
1.9995
1.99188
1.98926
1.97855
1.97229
1.95661
1.94102
1.93187
1.92137
1.9153
1.91082
1.90068
1.89469
1.89012
1.87433
1.87457
1.85403
1.8532
1.84899
1.83862
1.83316
1.82826
1.81791
1.81697
1.80266
1.79642
1.79171
1.79155
1.78596
1.78673
1.78153
1.78599
1.78183
1.78145
1.78118
1.78593
1.78679
1.78666
1.78625
1.78654
1.78597
1.79202
1.79087
1.79106
1.79204
1.79678
1.79707
1.79653
1.79666
1.80168
1.802
1.80238
1.80152
1.80225
1.80256
1.80137
1.80221
1.79728
1.79633
1.79746
1.79615
1.79066
1.79228
1.78679
1.78614
1.78096
1.78143
1.78119
1.77578
1.77636
1.77119
1.7663
1.75503
1.74481
1.74547
1.74022
1.73484
1.73479
1.72549
1.72015
1.71377
1.70858
1.70937
1.70412
1.69873
1.69858
1.69342
1.69395
1.68341
1.68309
1.67294
1.67278
1.66797
1.66754
1.66326
1.66197
1.65259
1.647
1.64211
1.63642
1.63661
1.63186
1.62632
1.62105
1.61649
1.61567
1.61006
1.60671
1.60674
1.60008
1.59537
1.59548
1.59526
1.59533
1.59053
1.58556
1.58464
1.57996
1.57986
1.57993
1.57507
1.57494
1.57495
1.56965
1.56956
1.56927
1.56977
1.5642
1.56462
1.56458
1.56427
1.5692
1.56979
1.57391
1.57979
1.58448
1.59474
1.61437
1.62179
1.6468
1.65655
1.66723
1.68217
1.69321
1.7075
1.73341
1.74964
1.78608
1.79592
1.81643
1.82256
1.83672
1.86333
1.87362
1.89924
1.90986
1.925
1.93133
1.93518
1.94132
1.94581
1.95668
1.96173
1.9621
1.96677
1.96732
1.96713
1.96717
1.96712
1.96715
1.96236
1.9616
1.9623
1.95247
1.94652
1.94159
1.93625
1.93168
1.92607
1.9158
1.90577
1.89993
1.89018
1.88483
1.87988
1.87446
1.86955
1.8642
1.85887
1.84888
1.83939
1.83217
1.82853
1.82276
1.81757
1.81245
1.80215
1.79734
1.78144
1.77671
1.76591
1.76572
1.7555
1.75537
1.74515
1.74559
1.73987
1.7346
1.73489
1.72927
1.73041
1.7248
1.7197
1.71906
1.71944
1.71925
1.71931
1.71922
1.71452
1.71439
1.71395
1.71429
1.71446
1.70939
1.70871
1.709
1.70943
1.70863
1.7044
1.70339
1.7036
1.70396
1.69883
1.69433
