1.6221
1.62048
1.61044
1.61126
1.60619
1.60051
1.60024
1.60078
1.60039
1.60048
1.6006
1.60055
1.60045
1.60496
1.60539
1.61094
1.60561
1.60533
1.6057
1.60573
1.61104
1.61074
1.61113
1.61073
1.61577
1.6114
1.61121
1.61061
1.61064
1.60663
1.60606
1.60016
1.60129
1.59526
1.59043
1.59015
1.58011
1.57984
1.57469
1.57474
1.56441
1.56488
1.55462
1.55362
1.54966
1.54444
1.54327
1.53357
1.53333
1.52858
1.52798
1.51883
1.51716
1.51381
1.50863
1.50246
1.49765
1.49208
1.48774
1.48301
1.47601
1.47133
1.46186
1.46059
1.45541
1.45153
1.44633
1.44069
1.43569
1.43514
1.43547
1.42988
1.43088
1.42453
1.42543
1.42531
1.42477
1.43548
1.44002
1.45
1.46081
1.49132
1.50203
1.52739
1.54274
1.57328
1.58959
1.62016
1.6361
1.65575
1.69152
1.70879
1.75889
1.79589
1.81158
1.83169
1.87862
1.90949
1.92028
1.92985
1.95569
1.96694
1.98201
1.99244
2.00292
2.00801
2.01842
2.02388
2.02389
2.02403
2.02407
2.01897
2.0144
2.00815
2.0087
1.99844
1.99784
1.98196
1.97865
1.94713
1.92593
1.91648
1.88994
1.85901
1.8488
1.82832
1.8183
1.7974
1.78703
1.7665
1.75593
1.73038
1.7194
1.70445
1.69846
1.67327
1.66253
1.65765
1.65229
1.64202
1.63236
1.62707
1.62143
1.6164
1.61093
1.60528
1.606
1.59543
1.59518
1.59556
1.59005
1.59023
1.59017
1.59012
1.59077
1.58904
1.58582
1.58534
1.58493
1.58551
1.57984
1.58002
1.57934
1.57412
1.57522
1.56957
1.56959
1.56956
1.56405
1.56028
1.56028
1.55363
1.54944
1.54853
1.54326
1.53934
1.53798
1.53275
1.53397
1.52824
1.52353
1.51855
1.51748
1.50804
1.5073
1.50264
1.49723
1.49288
1.49198
1.48661
1.48279
1.48234
1.47662
1.46672
1.46056
1.45666
1.45138
1.45
1.44616
1.44052
1.43568
1.43032
1.42998
1.42478
1.42519
1.42023
1.41998
1.41493
1.41002
1.40982
1.40973
1.40448
1.40423
1.40993
1.41412
1.42505
1.43425
1.45008
1.46073
1.47556
1.5007
1.51765
1.56851
1.60457
1.62561
1.65036
1.69676
1.71862
1.79497
1.82114
1.87264
1.89888
1.94475
1.97124
2.01779
2.03816
2.05891
2.10064
2.12056
2.15667
2.17302
2.20428
2.21421
2.23494
2.24543
2.25077
2.26122
2.26639
2.27189
2.27644
2.27736
2.27725
2.27664
2.26719
2.25103
2.24632
2.23093
2.22564
2.19967
2.17878
2.17442
2.13877
2.11129
2.09786
2.0777
2.06464
2.04429
2.03546
1.99827
1.98867
1.96828
1.95699
1.92633
1.91572
1.89972
1.89097
1.87009
1.86373
1.83974
1.83234
1.81766
1.8127
1.80194
1.79707
1.78712
1.78063
1.7773
1.77145
1.77094
1.76024
1.75605
1.75103
1.74965
1.74637
1.74063
1.73937
1.73051
1.72355
1.72065
1.71472
1.70888
1.70426
1.69851
1.69388
1.68833
1.68357
1.6783
1.67322
1.6673
1.66261
1.65758
1.65247
1.64756
1.64171
1.63678
1.63177
1.62206
1.62055
1.60643
1.59603
1.59044
1.58587
1.57965
1.56992
1.56934
1.55918
1.5548
1.54874
1.54463
1.53386
1.52849
1.52327
1.51351
1.51216
1.50746
1.50333
1.49682
1.49277
1.48197
1.47211
1.46657
1.46165
1.46076
1.45075
1.45087
1.44598
1.43509
1.43073
1.42607
1.42457
1.42475
1.42564
1.42954
1.43553
1.44523
1.45039
1.46595
1.48083
1.5168
1.533
1.56382
1.58344
1.61943
1.64119
1.70719
1.72889
1.78033
1.80504
1.85697
1.87855
1.95544
1.97596
2.01731
2.04293
2.07926
2.10039
2.13627
2.15222
2.16248
2.18824
2.19875
2.22554
2.22948
2.24034
2.24109
2.2458
2.24604
2.24118
2.24047
2.23655
2.2313
2.22009
2.21569
2.20994
2.18944
2.1845
2.16936
2.15809
2.15382
2.13305
2.12247
2.10226
2.09143
2.06088
2.02397
2.01455
1.99399
1.98288
1.95671
1.94754
1.93645
1.91567
1.90606
1.88481
1.87467
1.85958
1.84871
1.82351
1.81735
1.80204
1.79741
1.78153
1.77663
1.76122
1.76017
1.75009
1.74551
1.73929
1.73561
1.72991
1.72982
1.71909
1.71988
1.71469
1.70919
1.70366
1.69904
1.69875
1.69382
1.68894
1.68782
1.67745
1.67847
1.67761
1.6719
1.66872
1.65775
1.65709
1.64742
1.64193
1.63162
1.62159
1.61606
1.61041
1.60639
1.59055
1.58561
1.58015
1.56982
1.56944
1.56519
1.55464
1.55375
1.54869
1.54422
1.53835
1.53397
1.52854
1.52362
1.52266
1.51199
1.51347
1.49694
1.4976
1.49207
1.48737
1.48249
1.48119
1.47754
1.46736
1.46554
1.46024
1.45699
1.4515
1.44552
1.4409
1.43484
1.43584
1.4301
1.42527
1.4205
1.41941
1.41488
1.41443
1.41008
1.4039
1.40409
1.4042
1.40474
1.404
