1.65196
1.64208
1.64176
1.63706
1.63684
1.63182
1.62737
1.63081
1.62693
1.62595
1.62614
1.62653
1.62645
1.62677
1.62522
1.62719
1.62208
1.62063
1.62555
1.62206
1.62154
1.61657
1.62041
1.61618
1.61595
1.61056
1.60532
1.60599
1.6011
1.59528
1.59053
1.58578
1.58457
1.58094
1.57509
1.56491
1.56399
1.55392
1.55427
1.54901
1.54432
1.53921
1.53331
1.53348
1.52301
1.52289
1.51733
1.51358
1.50204
1.50277
1.49232
1.48752
1.48194
1.47721
1.4718
1.46688
1.46142
1.4561
1.4511
1.44627
1.44518
1.43502
1.43611
1.42981
1.43026
1.42531
1.42528
1.42477
1.42972
1.43045
1.43446
1.44993
1.45586
1.49082
1.50727
1.5172
1.53263
1.54774
1.58319
1.59991
1.66102
1.68749
1.72821
1.75427
1.80089
1.8261
1.87207
1.89928
1.94487
1.96631
1.98595
2.02848
2.05296
2.08952
2.10607
2.12091
2.16348
2.18415
2.19318
2.21385
2.21533
2.23439
2.23132
2.23105
2.22996
2.23015
2.22623
2.22108
2.21461
2.20022
2.19405
2.17363
2.16886
2.14852
2.13808
2.11188
2.10705
2.08074
2.07154
2.03469
2.02473
1.99921
1.98796
1.96273
1.95692
1.93125
1.92161
1.90092
1.89
1.88019
1.85938
1.84898
1.83423
1.82731
1.81242
1.80731
1.80203
1.78674
1.78619
1.77024
1.77155
1.7658
1.75632
1.75484
1.74605
1.74576
1.73979
1.7401
1.73431
1.73518
1.72935
1.72982
1.71908
1.71959
1.71865
1.71346
1.70986
1.70505
1.70286
1.69776
1.69456
1.68934
1.68225
1.68394
1.67772
1.67337
1.66756
1.66306
1.65771
1.65274
1.64692
1.64227
1.63161
1.62653
1.61571
1.61196
1.60142
1.59989
1.59662
1.59105
1.58481
1.57473
1.57022
1.56502
1.55915
1.5548
1.54916
1.5487
1.54433
1.53427
1.52798
1.52288
1.51839
1.51283
1.50821
1.50245
1.50238
1.48745
1.47681
1.47163
1.47143
1.461
1.45673
1.44571
1.44575
1.44098
1.43517
1.42565
1.41927
1.41465
1.41467
1.40911
1.40544
1.40875
1.41002
1.42032
1.42391
1.43974
1.45041
1.46044
1.47102
1.48593
1.49671
1.5325
1.54787
1.58397
1.60445
1.65062
1.67161
1.69234
1.73909
1.76892
1.81544
1.84721
1.89359
1.91894
1.94537
1.98689
2.01153
2.05322
2.07477
2.11052
2.12639
2.14187
2.16783
2.18281
2.21441
2.21978
2.23575
2.23552
2.24583
2.24561
2.24572
2.24122
2.24092
2.23591
2.23088
2.22091
2.22001
2.20424
2.20039
2.18428
2.17454
2.16358
2.14318
2.13274
2.11272
2.10195
2.07631
2.06582
2.05541
2.02924
2.01938
1.9934
1.98368
1.96768
1.94748
1.93645
1.911
1.9001
1.87957
1.86507
1.84958
1.84265
1.83436
1.82247
1.81337
1.8069
1.79216
1.78637
1.77675
1.7712
1.76578
1.76143
1.75545
1.75106
1.74478
1.73991
1.73514
1.725
1.71963
1.71468
1.70922
1.7042
1.70356
1.69841
1.69434
1.69286
1.68766
1.68406
1.67849
1.67753
1.6687
1.65704
1.65795
1.65277
1.65179
1.64171
1.64198
1.63162
1.62706
1.62578
1.62206
1.61188
1.59554
1.5858
1.58011
1.57519
1.56947
1.55917
1.55487
1.54901
1.54411
1.53902
1.53383
1.5283
1.52296
1.51761
1.51338
1.50306
1.50197
1.49839
1.48777
1.4864
1.48103
1.47752
1.47156
1.46626
1.46184
1.45633
1.45093
1.44531
1.44107
1.44004
1.43611
1.42985
1.42597
1.42058
1.41929
1.40885
1.41052
1.40472
1.39929
1.39416
1.38909
1.38876
1.38364
1.38415
1.37848
1.37382
1.36887
1.36769
1.36863
1.36846
1.36803
1.37279
1.37744
1.38868
1.39872
1.41381
1.43411
1.4504
1.47544
1.49164
1.52739
1.54798
1.56817
1.6095
1.63499
1.6814
1.70302
1.72787
1.7796
1.80557
1.85728
1.88775
1.93454
1.95593
1.981
2.02232
2.03874
2.07941
2.0951
2.13602
2.14757
2.16808
2.17815
2.18862
2.20392
2.20475
2.21528
2.21464
2.22001
2.21534
2.21466
2.20962
2.21522
2.19449
2.18972
2.17931
2.16914
2.16357
2.14309
2.13792
2.11739
2.10712
2.092
2.07137
2.0603
2.03435
2.02452
1.9989
1.98334
1.96235
1.94793
1.93606
1.90984
1.90149
1.86384
1.83361
1.82312
1.80212
1.79207
1.77146
1.76615
1.74075
1.72976
1.72477
1.70952
1.70853
1.70455
1.6938
1.69322
1.68757
1.68447
1.67859
1.67752
1.67253
1.67305
1.6727
1.66771
1.66282
1.66268
1.66282
1.65727
1.65786
1.6521
1.64771
1.64651
1.63724
1.63241
1.6265
1.62622
1.62093
1.61656
1.60581
1.5954
1.59085
1.58016
1.57527
1.57057
1.56886
1.55927
1.55439
1.54444
1.54318
1.5273
1.52912
1.5232
1.51818
1.50792
1.50737
1.50302
1.49233
1.49197
1.49272
1.48227
1.48144
1.47166
1.46646
