1.62708
1.6263
1.62154
1.61109
1.60626
1.59579
1.59513
1.58505
1.58059
1.57454
1.56453
1.56438
1.55434
1.54898
1.54401
1.53875
1.53401
1.52892
1.52328
1.5135
1.51226
1.50835
1.50214
1.50279
1.49732
1.49244
1.4874
1.48232
1.48144
1.47151
1.47143
1.46707
1.46575
1.46193
1.46051
1.45501
1.45196
1.44679
1.44472
1.44198
1.43936
1.44145
1.43485
1.43002
1.43034
1.42555
1.42466
1.42041
1.41945
1.41393
1.41567
1.40956
1.41439
1.40964
1.40942
1.41405
1.41873
1.42562
1.43568
1.44428
1.46507
1.477
1.50252
1.51626
1.5329
1.55888
1.57813
1.60925
1.6306
1.66592
1.68286
1.70191
1.74338
1.7602
1.80068
1.82153
1.86264
1.88375
1.90414
1.93551
1.95528
1.98647
2.00293
2.02842
2.04335
2.05445
2.08089
2.09025
2.10583
2.11644
2.12686
2.12739
2.13152
2.13256
2.13713
2.13774
2.13756
2.13308
2.13174
2.12215
2.10651
2.10169
2.09099
2.08178
2.07057
2.05493
2.04555
2.02431
2.01438
1.99371
1.98269
1.96222
1.94762
1.9412
1.91548
1.90656
1.89013
1.87515
1.8597
1.84344
1.81789
1.81269
1.79632
1.78675
1.77593
1.77686
1.77052
1.7669
1.76036
1.75551
1.75063
1.75032
1.74577
1.74547
1.74008
1.74468
1.73938
1.74043
1.73544
1.73429
1.73518
1.73501
1.73464
1.73479
1.73471
1.72913
1.7301
1.72921
1.72494
1.71959
1.71906
1.71913
1.71463
1.71376
1.70869
1.70918
1.7039
1.70374
1.69808
1.6995
1.6935
1.68865
1.68804
1.68369
1.68282
1.67856
1.67381
1.67216
1.66197
1.66326
1.66203
1.65729
1.65743
1.6524
1.64723
1.64644
1.63781
1.63287
1.63099
1.62141
1.62106
1.61143
1.61044
1.61051
1.6064
1.60509
1.5995
1.60139
1.59569
1.5955
1.58988
1.59057
1.5851
1.58054
1.5843
1.57471
1.57481
1.57039
1.56926
1.56988
1.56408
1.55984
1.55479
1.5535
1.54975
1.54377
1.54372
1.53862
1.5338
1.52859
1.52796
1.52801
1.53338
1.53338
1.53799
1.5439
1.54811
1.56319
1.57502
1.60014
1.61015
1.63572
1.6512
1.66669
1.69764
1.71842
1.73855
1.78037
1.80048
1.84674
1.86817
1.91494
1.93938
1.98595
2.00779
2.04889
2.06897
2.09501
2.13142
2.14678
2.17787
2.19368
2.21937
2.22996
2.2401
2.25622
2.2611
2.27195
2.27655
2.28133
2.28261
2.28172
2.27713
2.27672
2.2668
2.26652
2.26178
2.25089
2.24198
2.22598
2.21507
2.20008
2.19492
2.16874
2.16397
2.15352
2.13286
2.12267
2.09202
2.0859
2.06005
2.05122
2.03445
2.01441
2.00417
1.9725
1.94647
1.93767
1.92569
1.90532
1.89579
1.87499
1.86914
1.84803
1.84417
1.83328
1.82806
1.82275
1.81756
1.80223
1.80211
1.79245
1.78606
1.78231
1.78088
1.77671
1.77081
1.76652
1.75554
1.75582
1.75034
1.74573
1.74472
1.73577
1.73044
1.72906
1.72523
1.71438
1.71401
1.70908
1.69846
1.69433
1.68917
1.68763
1.68445
1.67732
1.67853
1.67279
1.66747
1.65811
1.65326
1.65143
1.64131
1.63774
1.6315
1.62136
1.62109
1.61084
1.6061
1.60092
1.59048
1.5856
1.57519
1.57439
1.55935
1.55922
1.55479
1.54423
1.53895
1.52859
1.52314
1.51822
1.51292
1.50272
1.49739
1.48656
1.48244
1.47202
1.47108
1.46098
1.46168
1.45594
1.44574
1.44067
1.43562
1.43033
1.42513
1.42
1.41487
1.41025
1.40903
1.39937
1.39906
1.39395
1.38961
1.3883
1.38305
1.37978
1.37924
1.37811
1.37786
1.37901
1.37822
1.38362
1.39345
1.42912
1.44025
1.45002
1.46553
1.49636
1.51213
1.54787
1.56828
1.60514
1.62966
1.65194
1.67056
1.69281
1.71215
1.75859
1.78075
1.82665
1.84715
1.8683
1.9091
1.93026
1.9611
1.98163
2.00722
2.02353
2.03313
2.05947
2.0698
2.09535
2.1005
2.10689
2.10629
2.11218
2.1113
2.11149
2.11188
2.10665
2.10195
2.09042
2.08625
2.07105
2.0699
2.05044
2.02509
2.0186
1.99831
1.99311
1.97267
1.96267
1.92112
1.90013
1.89067
1.86988
1.85911
1.83811
1.82871
1.82255
1.81332
1.80213
1.7924
1.78184
1.77156
1.75592
1.75064
1.74556
1.73488
1.73021
1.71995
1.71447
1.70925
1.70389
1.69887
1.69422
1.69295
1.684
1.6825
1.67761
1.67399
1.66923
1.66645
1.66252
1.66247
1.65733
1.65738
1.65774
1.65255
1.65196
1.64785
1.64646
1.6411
1.6376
1.63231
1.63104
1.62658
1.62632
1.62151
1.62104
1.61619
1.61586
1.60588
1.60613
1.60047
1.59099
1.5809
1.57913
1.56934
1.56969
1.56508
1.55915
1.5545
1.54931
1.54381
1.53391
1.52823
1.52834
1.52348
1.5179
1.50792
1.50742
1.50226
1.50295
1.49242
1.49189
1.49238
1.48744
