1.68907
1.68338
1.66292
1.65771
1.64151
1.63771
1.62122
1.61685
1.60131
1.59557
1.59022
1.58535
1.58071
1.57929
1.57406
1.57049
1.5688
1.56416
1.56957
1.56428
1.56446
1.56454
1.56428
1.56421
1.56424
1.56425
1.56484
1.57403
1.57527
1.57996
1.57988
1.58569
1.58457
1.58476
1.58528
1.59023
1.59025
1.59027
1.59018
1.59027
1.58991
1.59008
1.58464
1.58543
1.57919
1.58531
1.58021
1.57484
1.575
1.57445
1.56965
1.57443
1.57008
1.56984
1.56938
1.56395
1.56442
1.56443
1.55915
1.55928
1.55925
1.55971
1.55879
1.56011
1.56023
1.55354
1.54923
1.54874
1.54889
1.549
1.53964
1.53432
1.53381
1.53397
1.53267
1.52883
1.53348
1.52889
1.5327
1.53754
1.5438
1.55448
1.56308
1.58405
1.5996
1.6106
1.64142
1.66612
1.70169
1.71916
1.77967
1.80104
1.84219
1.86784
1.90837
1.93049
1.9661
1.98653
2.00732
2.04375
2.05941
2.0958
2.11059
2.14252
2.15688
2.17335
2.19396
2.20378
2.24038
2.25558
2.26125
2.27191
2.27646
2.27564
2.27609
2.27677
2.26768
2.26583
2.25149
2.25077
2.22557
2.22017
2.21084
2.19966
2.19492
2.17394
2.16415
2.14364
2.13274
2.097
2.08635
2.06575
2.05556
2.02994
2.01949
2.00898
1.98842
1.97313
1.95238
1.94178
1.92147
1.91568
1.88974
1.88525
1.86942
1.86391
1.84826
1.84852
1.8377
1.83348
1.83247
1.82205
1.82301
1.82202
1.82301
1.81838
1.81703
1.82162
1.82325
1.82236
1.82759
1.82222
1.82285
1.82272
1.82249
1.82256
1.82259
1.82298
1.8177
1.81784
1.81716
1.80215
1.79719
1.79185
1.78208
1.77148
1.76571
1.76094
1.75056
1.74566
1.73533
1.72989
1.71469
1.70891
1.70416
1.69368
1.68853
1.67289
1.66835
1.65262
1.64744
1.63715
1.62709
1.62134
1.60587
1.60074
1.58522
1.58496
1.56524
1.55933
1.54372
1.53932
1.5236
1.51788
1.50317
1.49702
1.4869
1.48749
1.47663
1.47214
1.46151
1.456
1.44616
1.44083
1.4355
1.43564
1.42533
1.42475
1.42513
1.42979
1.44599
1.44982
1.47029
1.4817
1.50709
1.52135
1.55264
1.57868
1.63944
1.70887
1.73208
1.7839
1.81136
1.89297
1.97075
1.99692
2.04882
2.06896
2.13641
2.18781
2.20889
2.23468
2.25048
2.27184
2.28137
2.30332
2.30684
2.31319
2.31731
2.31753
2.31886
2.31258
2.29788
2.28803
2.2779
2.26691
2.23604
2.20581
2.19437
2.18543
2.15909
2.13339
2.11736
2.10242
2.0769
2.0611
2.03493
2.0196
1.99395
1.98293
1.94273
1.93056
1.90538
1.89571
1.8749
1.86441
1.83305
1.82312
1.80798
1.80186
1.78651
1.78195
1.77626
1.76601
1.76562
1.75454
1.75135
1.74066
1.73948
1.74069
1.72999
1.72949
1.72492
1.72399
1.71861
1.71989
1.71488
1.71356
1.7146
1.70897
1.709
1.70326
1.70468
1.69326
1.69368
1.68825
1.68837
1.67781
1.67321
1.66801
1.66748
1.65768
1.65219
1.6476
1.6422
1.63235
1.63085
1.62764
1.61704
1.61527
1.60621
1.59557
1.59038
1.59019
1.58462
1.58053
1.57006
1.56925
1.56377
1.56005
1.55383
1.54458
1.53933
1.53359
1.52372
1.52262
1.5125
1.50852
1.50277
1.49774
1.48794
1.47655
1.47678
1.46684
1.46596
1.45627
1.45131
1.45083
1.44512
1.44653
1.44053
1.44089
1.43541
1.43526
1.44075
1.45001
1.46578
1.47107
1.49595
1.50771
1.53318
1.55222
1.5693
1.59967
1.62024
1.6615
1.68186
1.7281
1.74941
1.76911
1.81064
1.83698
1.87799
1.89893
1.94011
1.96087
1.98137
2.03353
2.06443
2.07969
2.09073
2.11666
2.12144
2.14211
2.14803
2.15828
2.16287
2.16852
2.16844
2.16842
2.16368
2.15899
2.15756
2.14755
2.14323
2.13254
2.12195
2.11276
2.09665
2.08663
2.076
2.05538
2.04528
2.01972
2.0087
1.97385
1.96183
1.93657
1.92164
1.9009
1.88509
1.85975
1.84862
1.82813
1.81812
1.80761
1.79732
1.78709
1.77616
1.7553
1.75117
1.73032
1.72428
1.7042
1.70356
1.68983
1.67766
1.67345
1.67371
1.66725
1.66295
1.66216
1.66272
1.65786
1.65696
1.65714
1.65749
1.65245
1.65158
1.65624
1.65342
1.65105
1.65306
1.64789
1.64632
1.64178
1.64187
1.6419
1.63643
1.63735
1.63168
1.62658
1.62137
1.62103
1.61692
1.61174
1.60571
1.60117
1.59526
1.59085
1.58974
1.5842
1.58093
1.57956
1.56907
1.56988
1.55967
1.55948
1.54966
1.54872
1.54428
1.53395
1.53305
1.5233
1.50811
1.50726
1.5022
1.49776
1.4918
1.48761
1.47794
1.4756
1.47257
1.46755
1.4654
1.45554
1.4567
1.44645
1.44509
1.44161
1.43623
1.42981
1.42527
1.41951
1.41562
1.41478
1.41427
1.41372
1.4145
1.42483
