1.75563
1.74577
1.74459
1.73446
1.7351
1.73453
1.72917
1.72555
1.72559
1.7236
1.71986
1.71443
1.71429
1.70958
1.70441
1.70344
1.70401
1.70368
1.69829
1.6994
1.69376
1.69292
1.68389
1.67884
1.67729
1.67371
1.66805
1.66742
1.65736
1.65735
1.65285
1.64723
1.64684
1.63228
1.62675
1.61632
1.61145
1.60644
1.60036
1.5857
1.57454
1.56423
1.54444
1.54358
1.53873
1.53402
1.52351
1.50831
1.50709
1.49719
1.49736
1.4875
1.48175
1.47192
1.46666
1.45656
1.45561
1.44555
1.44123
1.44001
1.43002
1.42543
1.42003
1.41482
1.40901
1.41034
1.40456
1.39944
1.39892
1.39447
1.39856
1.40465
1.41996
1.42425
1.43482
1.47561
1.51755
1.53683
1.5681
1.58926
1.62547
1.64605
1.68728
1.7126
1.7339
1.77493
1.79561
1.83737
1.85711
1.89358
1.9144
1.95087
1.97084
1.98718
2.01311
2.02807
2.04838
2.06008
2.06938
2.09621
2.1068
2.10628
2.1164
2.11144
2.11221
2.10709
2.10166
2.09182
2.08553
2.07627
2.07022
2.05094
2.04396
2.02825
2.0204
1.99286
1.9567
1.94766
1.92612
1.91635
1.88003
1.86951
1.84831
1.8392
1.81831
1.80781
1.78166
1.76549
1.7567
1.74969
1.7353
1.72942
1.71916
1.71471
1.70912
1.69874
1.69378
1.68917
1.68772
1.67815
1.67789
1.67809
1.67324
1.67254
1.66751
1.66776
1.66767
1.66247
1.66247
1.66256
1.66263
1.66277
1.65757
1.65174
1.65254
1.64794
1.64668
1.64236
1.63747
1.63602
1.63244
1.62736
1.62552
1.62047
1.61696
1.60592
1.60562
1.60007
1.59607
1.59013
1.58548
1.57434
1.5706
1.56533
1.56368
1.54915
1.53935
1.53318
1.52845
1.52809
1.5227
1.51898
1.50829
1.50315
1.49227
1.49208
1.48643
1.48778
1.47707
1.47644
1.47188
1.4663
1.4615
1.45655
1.45061
1.45097
1.44588
1.44589
1.43588
1.43493
1.42983
1.42514
1.42055
1.41937
1.41527
1.41526
1.40982
1.40393
1.3992
1.39917
1.39373
1.39427
1.3942
1.38901
1.39433
1.3934
1.39412
1.40426
1.40931
1.42455
1.43465
1.4599
1.47634
1.52157
1.53762
1.57397
1.59877
1.6354
1.66156
1.75332
1.80567
1.82663
1.87314
1.89846
1.91977
1.96611
1.9914
2.0279
2.04908
2.08036
2.09514
2.12664
2.13684
2.14734
2.17337
2.17824
2.19403
2.1994
2.20391
2.20904
2.21044
2.21021
2.20952
2.20418
2.20051
2.18988
2.18374
2.17332
2.16416
2.15393
2.14306
2.13264
2.1175
2.08681
2.07551
2.05524
2.04523
2.02448
2.01424
2.00417
1.98282
1.9736
1.94727
1.94144
1.9155
1.90626
1.88432
1.87504
1.85972
1.85312
1.83311
1.82792
1.81267
1.81195
1.80195
1.80226
1.79215
1.79123
1.78612
1.78215
1.78018
1.78068
1.77677
1.77637
1.77593
1.77044
1.77131
1.76668
1.76506
1.76091
1.76081
1.76088
1.75556
1.75039
1.75015
1.74089
1.73927
1.73516
1.73489
1.72936
1.72508
1.71459
1.71382
1.69928
1.6981
1.68794
1.68387
1.67235
1.65811
1.65234
1.64164
1.62624
1.62153
1.61103
1.61126
1.60045
1.59577
1.58493
1.5694
1.56973
1.565
1.55464
1.55366
1.54346
1.54411
1.53334
1.52365
1.52269
1.51719
1.51368
1.50219
1.49747
1.49231
1.48659
1.48158
1.47629
1.46653
1.46126
1.45605
1.45597
1.45151
1.45036
1.44114
1.43999
1.42964
1.43057
1.42933
1.42586
1.42436
1.43547
1.45571
1.46064
1.48618
1.49689
1.52737
1.5427
1.58935
1.63048
1.64615
1.66619
1.70273
1.7232
1.76496
1.7801
1.80075
1.83705
1.85257
1.88815
1.90467
1.93037
1.95048
1.99686
2.01756
2.02406
2.04902
2.05515
2.0653
2.06515
2.07575
2.07017
2.07578
2.07534
2.07588
2.07576
2.07088
2.06574
2.06532
2.05546
2.04962
2.03983
2.03464
2.02953
2.01407
2.0088
1.97765
1.95715
1.94727
1.9266
1.92078
1.89539
1.88999
1.8592
1.83375
1.82255
1.80737
1.79709
1.77717
1.7554
1.75067
1.74028
1.73488
1.715
1.7102
1.70808
1.69877
1.69853
1.69338
1.69358
1.68854
1.68814
1.6889
1.68276
1.6778
1.67817
1.67805
1.67763
1.6722
1.67326
1.66782
1.66758
1.66774
1.66284
1.65835
1.65124
1.64299
1.63658
1.63142
1.62706
1.61604
1.61617
1.61059
1.60622
1.60088
1.59554
1.59046
1.58515
1.58012
1.57529
1.56935
1.56528
1.55479
1.55363
1.54373
1.54378
1.52843
1.52272
1.51891
1.51329
1.50746
1.50223
1.49776
1.49746
1.49241
1.48726
1.4867
1.48186
1.48187
1.48167
1.47613
1.47712
1.4715
1.46702
1.46579
1.46605
1.4617
1.46154
1.46084
1.45661
1.45609
1.45065
1.44608
1.4454
1.44552
1.44088
1.44103
1.44007
1.43625
1.43966
1.44557
1.45487
