1.61575
1.61133
1.61055
1.61155
1.60582
1.60123
1.59623
1.59466
1.58616
1.58427
1.57472
1.57516
1.56508
1.56391
1.55999
1.54927
1.54379
1.53354
1.5285
1.52353
1.51796
1.50748
1.50285
1.48694
1.4825
1.472
1.46668
1.45608
1.45104
1.44585
1.43548
1.43075
1.41509
1.40473
1.39959
1.39448
1.38454
1.37858
1.37369
1.36829
1.3581
1.35774
1.3532
1.34313
1.34184
1.33212
1.33254
1.32254
1.31622
1.30285
1.29972
1.29016
1.29117
1.28059
1.28084
1.26492
1.25929
1.25569
1.24889
1.25028
1.24936
1.2492
1.24945
1.25422
1.26965
1.27941
1.32056
1.33197
1.37287
1.3923
1.44397
1.47043
1.55734
1.59338
1.66069
1.70151
1.85623
1.93892
1.97549
2.05348
2.09321
2.1717
2.21275
2.27969
2.31143
2.34701
2.4037
2.4308
2.47751
2.50265
2.53922
2.5551
2.56552
2.59163
2.59643
2.60711
2.61208
2.61232
2.60775
2.60751
2.59227
2.57118
2.56199
2.54631
2.52043
2.50516
2.45826
2.42213
2.40273
2.33966
2.31963
2.2831
2.26263
2.22083
2.20107
2.15967
2.13841
2.11784
2.0818
2.06585
2.02519
2.01401
1.963
1.9316
1.91637
1.90074
1.8749
1.86472
1.84396
1.83337
1.82325
1.80214
1.79733
1.78117
1.77164
1.76084
1.75111
1.7406
1.73505
1.73011
1.71969
1.71427
1.70444
1.69885
1.6888
1.68323
1.67858
1.66807
1.66298
1.65305
1.64667
1.64244
1.62625
1.62651
1.60615
1.59056
1.58552
1.58028
1.56517
1.5593
1.54411
1.54352
1.52803
1.51917
1.50409
1.5012
1.49418
1.47866
1.47021
1.46012
1.45222
1.43085
1.42516
1.40959
1.40507
1.38961
1.38347
1.37947
1.36371
1.35802
1.34771
1.34271
1.33244
1.32728
1.31713
1.31141
1.2964
1.29031
1.27485
1.27566
1.26525
1.2599
1.24962
1.24487
1.23941
1.22948
1.21349
1.2132
1.20296
1.19821
1.18727
1.18162
1.1781
1.17685
1.16669
1.16701
1.1618
1.16157
1.16158
1.1618
1.16604
1.17652
1.1874
1.20785
1.22217
1.2534
1.26964
1.34552
1.37699
1.43881
1.47452
1.55134
1.59335
1.6337
1.72708
1.7732
1.87614
1.92385
2.02644
2.07765
2.18153
2.23228
2.27979
2.37798
2.42345
2.50635
2.54865
2.58924
2.62621
2.65685
2.68849
2.74539
2.77086
2.79248
2.8336
2.84904
2.86984
2.88064
2.89136
2.89614
2.89682
2.89587
2.88587
2.88155
2.8713
2.85062
2.8354
2.79413
2.75783
2.73791
2.71675
2.69643
2.67556
2.65023
2.60343
2.57822
2.53093
2.50616
2.47414
2.42833
2.402
2.35086
2.32456
2.27317
2.25207
2.22733
2.18605
2.159
2.11304
2.09657
2.05562
2.03532
2.01977
1.98921
1.97289
1.942
1.92708
1.89601
1.88466
1.85888
1.84435
1.83312
1.80751
1.7869
1.77676
1.75562
1.74602
1.73999
1.72435
1.71487
1.69903
1.68868
1.66788
1.65774
1.64194
1.63702
1.61651
1.60631
1.58604
1.57949
1.55967
1.5544
1.53824
1.52959
1.5031
1.49744
1.47689
1.47201
1.45097
1.44627
1.42067
1.4095
1.39453
1.38915
1.37309
1.36392
1.35298
1.34282
1.33731
1.32216
1.31694
1.30106
1.29195
1.28149
1.27518
1.26563
1.24985
1.24924
1.22967
1.22337
1.2125
1.20908
1.19342
1.18724
1.1771
1.1724
1.16198
1.15663
1.1516
1.14663
1.14105
1.13081
1.13069
1.11473
1.11567
1.11039
1.10457
1.10034
1.09018
1.08887
1.08439
1.07922
1.07864
1.0784
1.08937
1.10951
1.12417
1.13602
1.17118
1.20743
1.23181
1.28828
1.32056
1.38648
1.42305
1.46362
1.54632
1.59254
1.67998
1.72721
1.82503
1.87637
1.92361
2.02151
2.06786
2.20731
2.2488
2.3313
2.3683
2.44044
2.47618
2.5333
2.55987
2.60563
2.62726
2.64236
2.66866
2.68358
2.70517
2.71054
2.72054
2.72129
2.72066
2.71085
2.7052
2.6905
2.68033
2.66979
2.6442
2.6288
2.57714
2.54046
2.52152
2.47488
2.45319
2.43331
2.39186
2.3705
2.32366
2.29976
2.25361
2.23063
2.16511
2.14301
2.10689
2.08282
2.04601
2.0245
1.96847
1.95248
1.91682
1.90069
1.85998
1.84841
1.81756
1.80844
1.78749
1.77633
1.75595
1.7457
1.74517
1.7243
1.71977
1.70365
1.6942
1.67873
1.67309
1.65238
1.65212
1.63663
1.6319
1.61614
1.61156
1.60104
1.58583
1.58005
1.5594
1.53899
1.52856
1.51286
1.50341
1.48188
1.46608
1.45678
1.45096
1.43494
1.42633
1.41049
1.39913
1.38384
1.37911
1.35807
1.3529
1.332
1.32726
1.31159
1.30691
1.28624
1.27588
1.26558
1.25514
1.24478
1.23911
1.22863
1.22414
1.21354
1.20858
1.19855
1.19259
1.18791
1.1775
1.17168
1.17229
1.16223
1.15649
1.14679
1.14571
1.13566
1.13652
1.1305
