1.91606
1.9058
1.88559
1.87921
1.85905
1.85409
1.84823
1.83266
1.82827
1.81293
1.81173
1.79734
1.79631
1.78657
1.78674
1.78134
1.77591
1.77179
1.76126
1.76013
1.75555
1.75578
1.7455
1.74486
1.73503
1.73453
1.72459
1.72002
1.71536
1.7087
1.69904
1.69842
1.68833
1.68344
1.67312
1.66819
1.66317
1.65227
1.65253
1.64208
1.63723
1.62184
1.61589
1.61173
1.60122
1.59518
1.58507
1.58058
1.56967
1.56468
1.55438
1.54944
1.54892
1.54411
1.53376
1.52878
1.52291
1.51355
1.50813
1.50237
1.4871
1.48203
1.4767
1.47179
1.46638
1.45625
1.45578
1.44556
1.44573
1.43571
1.43513
1.43533
1.4353
1.44098
1.44988
1.45594
1.47605
1.48641
1.51208
1.53193
1.5679
1.58947
1.61382
1.6657
1.69221
1.75363
1.78474
1.85188
1.88226
1.91904
1.98582
2.01716
2.0791
2.11468
2.15126
2.20828
2.23882
2.29585
2.32234
2.36846
2.38952
2.4307
2.44646
2.46205
2.4881
2.49826
2.51398
2.52417
2.52903
2.53054
2.52948
2.52528
2.51982
2.49973
2.49393
2.46903
2.46265
2.43728
2.42257
2.39202
2.37561
2.36568
2.35021
2.32986
2.30892
2.27827
2.25723
2.21605
2.2053
2.14952
2.13241
2.09734
2.08156
2.04515
2.03044
1.98314
1.94225
1.9317
1.90595
1.89534
1.86933
1.86403
1.84952
1.83394
1.82243
1.80758
1.80217
1.78651
1.78155
1.76653
1.76076
1.75057
1.7505
1.73485
1.72989
1.71976
1.71407
1.70414
1.6988
1.68346
1.67848
1.66776
1.66349
1.6524
1.64727
1.63153
1.63158
1.62178
1.61635
1.61136
1.60081
1.59053
1.58556
1.56991
1.5649
1.55457
1.54892
1.54406
1.52868
1.52351
1.51318
1.50769
1.48783
1.48143
1.46713
1.45664
1.45105
1.44622
1.43574
1.4302
1.41995
1.41493
1.39968
1.39887
1.38388
1.37914
1.37809
1.36805
1.36393
1.35337
1.34739
1.33721
1.33242
1.32733
1.31684
1.31197
1.30162
1.3007
1.29117
1.29
1.30078
1.30097
1.32145
1.33124
1.34241
1.37879
1.40137
1.44821
1.48072
1.54785
1.58242
1.66508
1.70685
1.75263
1.79965
1.84563
1.89738
2.00053
2.05185
2.15517
2.20686
2.31037
2.36165
2.409
2.5479
2.62553
2.66702
2.70349
2.76523
2.79688
2.84868
2.87455
2.91594
2.93216
2.94716
2.97247
2.98441
2.99496
2.99876
2.99915
3.00023
2.99469
2.98521
2.97907
2.95861
2.94417
2.91382
2.90139
2.84122
2.8203
2.77884
2.75354
2.70731
2.68579
2.62928
2.604
2.57778
2.55192
2.52612
2.50026
2.44329
2.41781
2.371
2.34557
2.31937
2.2727
2.24753
2.20631
2.18486
2.11828
2.10168
2.06594
2.04567
1.99924
1.9835
1.95242
1.9422
1.91611
1.90086
1.88003
1.86962
1.84422
1.83305
1.82358
1.80831
1.7968
1.77643
1.76693
1.75142
1.7397
1.71922
1.71495
1.70385
1.68412
1.67796
1.6575
1.64798
1.62719
1.60723
1.58614
1.57541
1.55486
1.54449
1.53399
1.52363
1.51346
1.50291
1.48763
1.47724
1.4563
1.44603
1.4302
1.42057
1.40992
1.3893
1.38408
1.36826
1.35407
1.33151
1.32314
1.30749
1.30087
1.27698
1.25444
1.25
1.23466
1.22858
1.2088
1.19838
1.19302
1.18752
1.17676
1.16779
1.15757
1.15128
1.13618
1.13123
1.12623
1.12053
1.11544
1.11023
1.09982
1.09488
1.09433
1.08987
1.08927
1.08917
1.09445
1.1044
1.11453
1.14964
1.16681
1.20764
1.28843
1.32529
1.39701
1.44254
1.58176
1.68505
1.73735
1.79286
1.90625
1.95986
2.07298
2.12845
2.28431
2.33609
2.42482
2.46991
2.55268
2.59085
2.62528
2.69301
2.71975
2.77201
2.79165
2.83322
2.84962
2.88573
2.90634
2.90678
2.9019
2.90154
2.88202
2.84532
2.83067
2.78379
2.73796
2.71679
2.64457
2.61975
2.56805
2.54105
2.48464
2.45426
2.37577
2.34616
2.29429
2.26754
2.21621
2.19091
2.13911
2.11776
2.0931
2.04694
2.02422
1.98335
1.96865
1.94788
1.91157
1.89567
1.85904
1.84921
1.81322
1.80218
1.77665
1.76688
1.75559
1.73506
1.72535
1.70468
1.69341
1.67787
1.66886
1.6574
1.64184
1.63741
1.61662
1.61117
1.59012
1.58106
1.57412
1.5656
1.55867
1.55039
1.53855
1.52366
1.51336
1.49755
1.48783
1.46706
1.45645
1.43665
1.42991
1.40962
1.39971
1.39441
1.38442
1.37392
1.36846
1.34784
1.34295
1.32194
1.31234
1.30622
1.2853
1.28146
1.26105
1.25436
1.23393
1.22963
1.21848
1.20301
1.19892
1.18329
1.17721
1.16711
1.1618
1.15192
1.14197
1.13593
1.12604
1.12076
1.10517
1.09937
1.09562
1.08888
1.07922
1.079
1.06912
1.06892
1.0587
1.05856
1.05356
1.04349
1.03335
1.03254
1.02813
1.02294
1.01694
