2.26738
2.24124
2.23116
2.19991
2.18992
2.17436
2.14864
2.1335
2.10764
2.09188
2.06608
2.05539
2.01955
2.004
1.98346
1.97262
1.95198
1.94215
1.92144
1.91079
1.90553
1.8897
1.88001
1.86948
1.85901
1.85402
1.84367
1.83838
1.8276
1.82302
1.81225
1.81229
1.80209
1.79693
1.79217
1.78177
1.776
1.76627
1.76544
1.74996
1.75056
1.72964
1.72518
1.70984
1.70877
1.68886
1.66762
1.66334
1.64827
1.64163
1.62156
1.61128
1.60145
1.59008
1.57482
1.57033
1.56022
1.5492
1.54425
1.53381
1.52348
1.51319
1.50768
1.49207
1.48773
1.47168
1.46652
1.44683
1.42986
1.42557
1.41506
1.40958
1.39931
1.3943
1.37898
1.36351
1.36265
1.35263
1.3528
1.34302
1.34189
1.34765
1.35741
1.36266
1.39336
1.40832
1.4341
1.45482
1.49614
1.51713
1.56847
1.59833
1.6249
1.68703
1.72163
1.78876
1.82654
1.89823
1.93368
2.00606
2.04261
2.07396
2.14579
2.17724
2.23977
2.2694
2.32687
2.35325
2.37867
2.4362
2.46725
2.48226
2.49834
2.50864
2.51949
2.52493
2.52942
2.52956
2.52539
2.52035
2.51412
2.50989
2.49378
2.48441
2.46352
2.44805
2.42208
2.41185
2.3964
2.36538
2.35041
2.31966
2.30336
2.26231
2.25189
2.21593
2.17928
2.14284
2.12394
2.0929
2.07588
2.05669
2.02561
2.00903
1.96295
1.93189
1.91618
1.88002
1.86959
1.84869
1.83885
1.808
1.781
1.77661
1.76163
1.75538
1.75107
1.73566
1.72972
1.71922
1.71454
1.69924
1.69378
1.67799
1.66365
1.66165
1.65087
1.6435
1.63264
1.62624
1.62159
1.61646
1.60635
1.59587
1.59027
1.58011
1.56999
1.54887
1.53812
1.52962
1.51881
1.50763
1.49231
1.48714
1.47183
1.46675
1.45623
1.4518
1.43624
1.43018
1.41512
1.40989
1.39923
1.39465
1.38415
1.37896
1.3634
1.35793
1.34347
1.33167
1.31701
1.31144
1.29544
1.28054
1.26018
1.2595
1.24975
1.24477
1.23438
1.23372
1.22846
1.22426
1.22272
1.22875
1.23332
1.24333
1.25441
1.26399
1.30634
1.34717
1.36645
1.4182
1.44411
1.47517
1.53696
1.57267
1.64479
1.68134
1.75845
1.79457
1.83565
1.91836
1.95957
2.03773
2.07787
2.15552
2.19253
2.25976
2.29546
2.32665
2.38385
2.41476
2.48203
2.49829
2.53455
2.54476
2.56547
2.57094
2.58205
2.58566
2.58748
2.58223
2.58106
2.57059
2.56237
2.54157
2.52996
2.49463
2.44864
2.43248
2.3817
2.3249
2.24629
2.20536
2.18547
2.12849
2.10716
2.07049
2.05172
2.01571
1.99826
1.96732
1.95284
1.91114
1.89604
1.86984
1.85423
1.82857
1.82271
1.79223
1.78179
1.76578
1.75642
1.72445
1.70909
1.70446
1.6886
1.6837
1.66836
1.65742
1.64686
1.64228
1.62685
1.62156
1.60589
1.60112
1.59569
1.58439
1.58123
1.56481
1.55926
1.54366
1.53907
1.52357
1.51819
1.51343
1.49211
1.46746
1.44572
1.44076
1.43039
1.42077
1.41035
1.39913
1.3893
1.37886
1.37831
1.36315
1.35852
1.34808
1.34273
1.33245
1.32734
1.32181
1.30622
1.30184
1.29136
1.28101
1.27629
1.27006
1.26533
1.25405
1.25028
1.23884
1.23456
1.21824
1.21373
1.20856
1.20308
1.19321
1.19228
1.18219
1.18243
1.17219
1.17183
1.16146
1.16202
1.16214
1.15636
1.15151
1.15733
1.15583
1.1617
1.1773
1.1864
1.19766
1.22294
1.23798
1.26899
1.29452
1.3405
1.36728
1.39197
1.45369
1.49051
1.55747
1.59777
1.67036
1.71194
1.82993
1.87231
1.94962
1.98592
2.05813
2.09875
2.19768
2.22876
2.28578
2.31185
2.35824
2.3795
2.39969
2.42584
2.44143
2.46242
2.46755
2.47852
2.48333
2.48345
2.48336
2.47276
2.46892
2.44831
2.44214
2.40735
2.39084
2.36556
2.34948
2.29834
2.27797
2.24238
2.22089
2.18508
2.16947
2.12826
2.10775
2.08705
2.05145
2.02987
1.99413
1.97791
1.94131
1.92723
1.89645
1.87986
1.83373
1.82298
1.79743
1.78694
1.7663
1.75645
1.71975
1.70359
1.69468
1.67301
1.66831
1.65796
1.65201
1.64173
1.63228
1.62164
1.61162
1.60583
1.59608
1.58556
1.57522
1.56958
1.55945
1.55419
1.53406
1.52812
1.518
1.51347
1.49719
1.4876
1.47709
1.47184
1.45596
1.4512
1.43559
1.43518
1.43508
1.41415
1.4107
1.39466
1.3891
1.37349
1.37336
1.3535
1.34727
1.33718
1.33774
1.32208
1.31617
1.31257
1.29705
1.29509
1.2856
1.27584
1.27073
1.26037
1.24918
1.24528
1.23507
1.2331
1.22313
1.21959
1.2079
1.2035
1.19793
1.19284
1.18289
1.17822
1.17684
1.17291
1.16757
1.16637
1.1566
1.15083
1.14732
1.14092
1.13653
1.13539
1.13597
1.13097
1.13092
1.13054
1.13086
1.14099
1.15042
