1.63665
1.63698
1.63649
1.62626
1.62687
1.61606
1.60633
1.60082
1.58571
1.57488
1.55508
1.54399
1.52375
1.50853
1.47224
1.46156
1.4311
1.42017
1.385
1.34806
1.33748
1.31202
1.30659
1.28616
1.27622
1.27016
1.25519
1.24965
1.23947
1.23902
1.23373
1.22968
1.22868
1.23379
1.23397
1.23838
1.24305
1.24975
1.25369
1.26468
1.26954
1.28572
1.29583
1.30086
1.3111
1.31613
1.32181
1.33134
1.33641
1.34238
1.34729
1.35268
1.35722
1.35748
1.36264
1.36764
1.36865
1.36845
1.37292
1.36925
1.37375
1.37314
1.37332
1.36849
1.36806
1.36284
1.3633
1.35804
1.35302
1.34815
1.34708
1.3427
1.33769
1.33776
1.332
1.32729
1.32654
1.31688
1.31632
1.30619
1.30148
1.29597
1.28631
1.2851
1.28055
1.27068
1.2697
1.26555
1.25965
1.25968
1.25509
1.255
1.25473
1.25455
1.25957
1.26996
1.27951
1.30028
1.3155
1.3315
1.36721
1.39247
1.43408
1.45962
1.52105
1.55263
1.64988
1.68629
1.7639
1.80404
1.92403
1.96484
2.05243
2.09402
2.21219
2.2945
2.33235
2.36737
2.4346
2.46197
2.52382
2.54879
2.6115
2.65364
2.66819
2.68315
2.68599
2.69046
2.68027
2.6744
2.65415
2.63935
2.61363
2.5976
2.5824
2.54614
2.52623
2.48477
2.46428
2.39724
2.3714
2.32457
2.2994
2.25244
2.22666
2.17959
2.15481
2.10747
2.08728
2.06179
2.02511
1.99958
1.96312
1.94706
1.89099
1.87011
1.83958
1.82761
1.80228
1.79233
1.77158
1.76118
1.74024
1.7301
1.72019
1.71902
1.70354
1.70406
1.69882
1.69377
1.68351
1.67845
1.67284
1.67284
1.66294
1.65733
1.65281
1.65177
1.64135
1.63743
1.62171
1.60604
1.60097
1.58561
1.58515
1.57037
1.54903
1.54439
1.52878
1.52303
1.50798
1.4878
1.48185
1.46172
1.4514
1.44069
1.42486
1.42027
1.40536
1.39879
1.38846
1.37986
1.36268
1.35393
1.34306
1.33757
1.32743
1.32162
1.30591
1.30216
1.29543
1.28044
1.27605
1.25999
1.2552
1.24438
1.2443
1.23914
1.23913
1.24432
1.25401
1.27471
1.31556
1.3359
1.38172
1.40826
1.50491
1.62453
1.66466
1.75789
1.8042
1.95861
2.11445
2.17003
2.22285
2.33158
2.48638
2.53187
2.62042
2.66672
2.74495
2.78089
2.84837
2.87918
2.90584
2.95202
2.96794
2.99894
3.00971
3.02543
3.03015
3.02585
3.02539
3.01045
3.00009
2.97473
2.96444
2.94437
2.90868
2.8916
2.84559
2.82578
2.74894
2.67045
2.63559
2.58342
2.55231
2.46447
2.40742
2.37706
2.34546
2.28932
2.26711
2.21017
2.18605
2.11281
2.08741
2.04118
2.00463
1.96284
1.94752
1.90652
1.89039
1.85917
1.83409
1.80331
1.77086
1.75682
1.73634
1.72882
1.70438
1.68381
1.67324
1.66332
1.64812
1.64166
1.62134
1.61666
1.58517
1.56989
1.56008
1.54486
1.5384
1.51344
1.50302
1.48814
1.47679
1.46212
1.45073
1.43584
1.43042
1.40529
1.39387
1.37883
1.37355
1.34824
1.33203
1.32285
1.31198
1.29053
1.2703
1.26512
1.25556
1.23505
1.22879
1.21395
1.20829
1.19245
1.18326
1.16136
1.15712
1.14129
1.13162
1.1212
1.11042
1.09527
1.0896
1.0847
1.08386
1.07855
1.07952
1.10934
1.12993
1.14997
1.18597
1.20728
1.26353
1.28903
1.31994
1.39164
1.43793
1.52542
1.57249
1.61803
1.72097
1.77323
1.88193
1.93733
2.05152
2.10882
2.274
2.32564
2.42405
2.47024
2.59555
2.70325
2.73504
2.78672
2.80726
2.84386
2.85974
2.89115
2.89588
2.90102
2.89725
2.89211
2.88623
2.86571
2.8561
2.80976
2.79414
2.75292
2.73293
2.66955
2.58858
2.55745
2.474
2.38764
2.36018
2.29844
2.27381
2.18538
2.10803
2.03043
2.00459
1.95835
1.93701
1.89581
1.87518
1.85482
1.81795
1.80324
1.76636
1.7512
1.71488
1.69976
1.67393
1.66319
1.64259
1.63199
1.60118
1.5908
1.57562
1.56433
1.54936
1.54374
1.52403
1.50783
1.49812
1.49219
1.47711
1.47182
1.45103
1.43498
1.43119
1.42495
1.40941
1.40513
1.38954
1.37905
1.37372
1.35821
1.35318
1.33794
1.33225
1.31672
1.31172
1.2862
1.26502
1.25564
1.24024
1.23382
1.21907
1.21363
1.18776
1.18734
1.17147
1.16801
1.14673
1.13648
1.12591
1.11559
1.10547
1.09481
1.07953
1.07392
1.06412
1.05377
1.04282
1.03827
1.0328
1.02795
1.01814
1.01631
1.02151
1.02246
1.03247
1.04208
1.07858
1.09803
1.1661
1.25288
1.28829
1.37093
1.41687
1.51514
1.56657
1.67445
1.73163
1.78815
1.91218
1.96889
2.08791
2.14921
2.26336
2.32004
2.47031
2.52217
2.6052
2.64618
2.71384
2.74999
2.85409
2.89079
2.90594
2.93781
2.94307
2.94287
2.93278
2.92806
