1.58542
1.58488
1.56992
1.56452
1.54939
1.54379
1.52871
1.52306
1.51381
1.49794
1.49726
1.47251
1.46626
1.45663
1.45111
1.44085
1.42524
1.4204
1.40516
1.39927
1.39472
1.38377
1.37926
1.36825
1.35768
1.34865
1.33748
1.33225
1.31671
1.312
1.29057
1.28643
1.27031
1.27008
1.25423
1.25043
1.24434
1.23407
1.22907
1.21388
1.21293
1.19784
1.19299
1.18243
1.17738
1.16732
1.16654
1.15597
1.15211
1.14163
1.14061
1.13656
1.13067
1.12589
1.11607
1.11949
1.11127
1.10952
1.10998
1.11493
1.13076
1.14025
1.16528
1.17745
1.21346
1.23127
1.27835
1.31041
1.37146
1.40264
1.4381
1.51547
1.55698
1.63935
1.68552
1.77417
1.82438
1.87194
1.96432
2.01125
2.09909
2.14482
2.19174
2.27443
2.316
2.4244
2.48664
2.51307
2.5438
2.59029
2.60707
2.6577
2.67338
2.68463
2.68997
2.69483
2.69536
2.6901
2.68504
2.66976
2.65967
2.62911
2.61797
2.60367
2.58248
2.56667
2.5466
2.51074
2.48997
2.422
2.39808
2.35155
2.32438
2.27847
2.2522
2.20605
2.18504
2.16453
2.11729
2.09318
2.05151
2.0298
1.99366
1.9737
1.93693
1.92157
1.90571
1.87503
1.85944
1.83328
1.82377
1.80269
1.792
1.78203
1.7556
1.73541
1.72947
1.71431
1.70955
1.69913
1.69385
1.68394
1.67766
1.66844
1.6573
1.65193
1.64756
1.62661
1.61121
1.60621
1.59143
1.58442
1.57533
1.56984
1.54409
1.52803
1.51914
1.50348
1.49726
1.48203
1.47719
1.46693
1.45077
1.44688
1.43087
1.42039
1.40487
1.39949
1.39451
1.379
1.37377
1.35862
1.35286
1.34228
1.33317
1.32637
1.31649
1.31175
1.2918
1.2806
1.27517
1.26608
1.25539
1.24954
1.23909
1.23444
1.22421
1.21794
1.21452
1.20745
1.20393
1.20227
1.19191
1.1888
1.1829
1.1771
1.17238
1.16162
1.16182
1.15094
1.14117
1.13652
1.12522
1.12097
1.11593
1.11016
1.10477
1.10536
1.09965
1.09986
1.09987
1.10448
1.10946
1.11982
1.145
1.15637
1.17083
1.20744
1.23164
1.27773
1.31051
1.37256
1.40715
1.44363
1.52526
1.56778
1.70037
1.7481
1.8457
1.89244
1.99055
2.0368
2.13428
2.17675
2.22204
2.30457
2.3477
2.42566
2.45973
2.52258
2.55467
2.60646
2.63157
2.65286
2.68403
2.69963
2.72044
2.7257
2.73636
2.73645
2.73645
2.72678
2.71128
2.70081
2.65975
2.64462
2.60898
2.59244
2.55081
2.53136
2.48459
2.46394
2.43854
2.39232
2.37046
2.31937
2.29435
2.24828
2.22598
2.20133
2.17455
2.15447
2.12834
2.08692
2.06654
2.04563
2.00435
1.98832
1.95214
1.93749
1.90058
1.87457
1.84344
1.83384
1.80772
1.79727
1.782
1.77135
1.75574
1.7508
1.72966
1.72479
1.70964
1.70889
1.69377
1.68333
1.67329
1.66253
1.64768
1.64178
1.62637
1.6214
1.61063
1.60138
1.58564
1.57974
1.5696
1.55986
1.55436
1.53924
1.53852
1.51761
1.51374
1.49765
1.48742
1.48211
1.46624
1.45677
1.44606
1.43565
1.42537
1.40989
1.40038
1.38493
1.37305
1.35893
1.35761
1.33748
1.3325
1.32217
1.312
1.30602
1.29029
1.28147
1.27089
1.26021
1.2595
1.2444
1.23976
1.22393
1.2132
1.20894
1.20317
1.1933
1.18772
1.17747
1.17204
1.1721
1.157
1.15617
1.14629
1.14134
1.13592
1.13135
1.12581
1.12093
1.11084
1.10462
1.10515
1.09941
1.10491
1.08914
1.08515
1.08024
1.07825
1.07973
1.07409
1.07378
1.07385
1.0788
1.08939
1.09916
1.12426
1.13583
1.17098
1.18615
1.21198
1.23296
1.26265
1.2898
1.34654
1.38105
1.45357
1.49543
1.57741
1.61863
1.66477
1.75291
1.80393
1.89712
1.94424
1.99022
2.07846
2.11951
2.24818
2.32118
2.35703
2.38972
2.45139
2.47669
2.54391
2.58051
2.5916
2.62201
2.62784
2.62776
2.63348
2.62772
2.62339
2.59801
2.58694
2.56116
2.55172
2.51558
2.49986
2.44322
2.42795
2.38106
2.36098
2.31431
2.29349
2.24652
2.22245
2.19976
2.1539
2.12892
2.06041
2.01949
1.9996
1.98328
1.94176
1.92683
1.89043
1.87535
1.83888
1.82822
1.81315
1.78708
1.77674
1.74578
1.74019
1.71967
1.7097
1.69912
1.69358
1.67855
1.66822
1.65829
1.64714
1.64215
1.63196
1.63118
1.61621
1.60611
1.60096
1.59111
1.58958
1.57995
1.57542
1.55897
1.55496
1.54403
1.53907
1.52337
1.51844
1.50282
1.49246
1.47709
1.47149
1.461
1.45638
1.44059
1.43606
1.42541
1.41464
1.40545
1.39489
1.38892
1.37323
1.36909
1.36274
1.3477
1.34297
1.32213
1.31652
1.3059
1.29682
1.28621
1.28073
1.27015
1.26522
1.26038
1.2446
1.23961
1.22924
1.22893
1.2185
1.21356
1.20345
1.19793
