1.77694
1.76613
1.74553
1.73554
1.71965
1.70976
1.6942
1.6837
1.67824
1.66262
1.65804
1.64732
1.6419
1.62625
1.62202
1.61577
1.60033
1.59628
1.57494
1.55926
1.55483
1.53891
1.53351
1.51756
1.51868
1.50283
1.49736
1.48789
1.47229
1.4665
1.45131
1.44115
1.42552
1.42015
1.4152
1.39909
1.38995
1.37381
1.36344
1.34793
1.33794
1.33234
1.31144
1.29087
1.28632
1.28065
1.26
1.25525
1.23983
1.22926
1.21884
1.21381
1.19894
1.19251
1.17753
1.17205
1.16157
1.15689
1.1466
1.14628
1.13111
1.12552
1.11472
1.11078
1.09502
1.08975
1.08473
1.07911
1.06937
1.06332
1.05405
1.05264
1.04783
1.04349
1.03764
1.03749
1.03244
1.03271
1.04211
1.04846
1.06377
1.07268
1.10379
1.1248
1.16061
1.18589
1.21181
1.29866
1.37121
1.40725
1.44853
1.536
1.58262
1.67555
1.72186
1.87065
2.01632
2.06272
2.1607
2.20246
2.3315
2.40897
2.44555
2.48137
2.53888
2.56962
2.6156
2.63786
2.68358
2.69463
2.7098
2.71576
2.72131
2.7206
2.71551
2.70672
2.67937
2.6706
2.64482
2.62873
2.59775
2.57754
2.55687
2.51561
2.48962
2.44831
2.42312
2.3768
2.35048
2.33019
2.27896
2.25714
2.23221
2.18507
2.13907
2.1177
2.0932
2.05189
2.03397
1.97854
1.927
1.87975
1.87474
1.84924
1.83853
1.81329
1.79232
1.78668
1.78169
1.76138
1.74556
1.74036
1.73005
1.72933
1.71869
1.71493
1.69849
1.68475
1.68236
1.66713
1.66364
1.64683
1.62693
1.62147
1.60087
1.60038
1.5801
1.57524
1.55406
1.54484
1.53852
1.52358
1.51835
1.4875
1.46207
1.45073
1.4353
1.42551
1.41033
1.39972
1.38466
1.37322
1.36911
1.35314
1.34793
1.32685
1.32213
1.31145
1.30207
1.29111
1.27606
1.26982
1.25515
1.24944
1.23457
1.22431
1.2091
1.20741
1.19244
1.1884
1.17206
1.16751
1.15662
1.15171
1.14117
1.13604
1.12598
1.12085
1.11553
1.1105
1.10488
1.09952
1.1003
1.08935
1.08948
1.08904
1.08965
1.09951
1.10918
1.14007
1.15592
1.19217
1.21604
1.26713
1.29539
1.36212
1.39654
1.52564
1.57231
1.66477
1.71637
1.87114
1.9799
2.03151
2.08768
2.19591
2.24868
2.4404
2.52762
2.55909
2.63692
2.67221
2.72999
2.75524
2.78156
2.82299
2.83401
2.85997
2.86998
2.88595
2.89115
2.88663
2.88204
2.87576
2.85562
2.84559
2.82029
2.804
2.76876
2.75265
2.73318
2.68614
2.66041
2.55225
2.4959
2.46412
2.40757
2.3818
2.31982
2.29358
2.23753
2.21111
2.13406
2.10758
2.05639
2.03522
1.98861
1.96857
1.94745
1.90624
1.891
1.8544
1.83883
1.79761
1.78192
1.77114
1.7566
1.74531
1.72531
1.71933
1.69887
1.69403
1.6838
1.66857
1.66217
1.64713
1.64245
1.62687
1.62158
1.60108
1.5957
1.57999
1.57013
1.55972
1.54923
1.53893
1.52907
1.52319
1.50793
1.49807
1.47667
1.4673
1.45124
1.44162
1.42597
1.41497
1.39435
1.38939
1.37954
1.36433
1.35286
1.33279
1.32706
1.30623
1.30183
1.28068
1.27096
1.26503
1.24936
1.24034
1.22467
1.21353
1.20375
1.19271
1.19302
1.16747
1.15743
1.14614
1.14139
1.13101
1.12564
1.11507
1.11081
1.09981
1.09533
1.0855
1.07885
1.07481
1.06959
1.06363
1.05299
1.05356
1.04332
1.03778
1.03784
1.03222
1.02798
1.02276
1.01751
1.01144
1.01281
1.00214
1.00135
1.0016
1.00168
1.00676
1.01164
1.02644
1.03261
1.05781
1.07302
1.10873
1.12925
1.21683
1.24713
1.31905
1.36099
1.44793
1.4947
1.59291
1.64373
1.69597
1.86061
1.96411
2.02073
2.18088
2.23275
2.33554
2.38352
2.47134
2.51166
2.58968
2.62095
2.65665
2.71448
2.74468
2.78686
2.80791
2.84409
2.8547
2.86545
2.86551
2.86099
2.8599
2.83555
2.82484
2.79473
2.77802
2.7429
2.72683
2.70699
2.66004
2.63519
2.58332
2.5523
2.49534
2.46431
2.40779
2.38163
2.35603
2.29446
2.26781
2.21593
2.18633
2.13406
2.10271
2.08184
2.03045
2.00897
1.94772
1.89076
1.87022
1.83419
1.81817
1.77728
1.76593
1.75679
1.74514
1.71455
1.70454
1.68926
1.68317
1.66822
1.66274
1.65796
1.64796
1.63695
1.62624
1.62165
1.60653
1.60059
1.58029
1.56458
1.55979
1.53896
1.53876
1.52878
1.51799
1.50818
1.49237
1.48264
1.46688
1.4611
1.44111
1.43557
1.42588
1.41028
1.40005
1.38495
1.37351
1.34786
1.33767
1.32249
1.31191
1.29138
1.28584
1.25577
1.24932
1.22932
1.22397
1.20853
1.19863
1.1833
1.17718
1.17274
1.15722
1.14662
1.13656
1.13058
1.11584
1.10982
1.10586
1.09539
1.08941
1.07448
1.06864
1.05805
1.05424
1.04803
1.0434
