2.27757
2.27191
2.25126
2.23729
2.21639
2.20451
2.19063
2.15979
2.14806
2.11696
2.10314
2.07193
2.05506
2.04065
2.00944
1.99358
1.95787
1.94672
1.91595
1.90628
1.8801
1.86458
1.85374
1.82796
1.81818
1.79277
1.77165
1.76595
1.76116
1.74616
1.73946
1.72991
1.72944
1.72468
1.72468
1.71958
1.7142
1.71415
1.71381
1.70925
1.70373
1.70382
1.70368
1.70398
1.69909
1.70284
1.6935
1.68865
1.68848
1.68326
1.67825
1.67251
1.67305
1.66309
1.64683
1.64764
1.63725
1.63148
1.62099
1.61651
1.60604
1.60553
1.59082
1.58536
1.57512
1.56998
1.55953
1.54427
1.53857
1.52815
1.52382
1.51373
1.51255
1.50252
1.49752
1.49233
1.48179
1.47697
1.46667
1.46649
1.45619
1.4514
1.44547
1.44061
1.43517
1.42504
1.42501
1.41465
1.41525
1.40968
1.40425
1.40435
1.40434
1.4196
1.42494
1.45969
1.48544
1.50195
1.53766
1.55751
1.62584
1.65513
1.70676
1.73892
1.8005
1.83539
1.93446
1.96496
2.0374
2.06837
2.17129
2.20333
2.26482
2.29096
2.34256
2.3682
2.43557
2.45206
2.48799
2.49838
2.51873
2.52988
2.54571
2.55037
2.55103
2.54542
2.541
2.52606
2.5189
2.49023
2.47311
2.43311
2.38575
2.33503
2.3186
2.28209
2.2635
2.20511
2.15393
2.1386
2.10181
2.08691
2.05582
2.04003
2.01372
1.99932
1.98344
1.96237
1.95239
1.91585
1.89029
1.88472
1.86892
1.8599
1.84929
1.84286
1.82844
1.81744
1.81284
1.807
1.79696
1.79211
1.78702
1.78158
1.77613
1.7658
1.76094
1.75058
1.7452
1.73511
1.73454
1.73953
1.7451
1.77533
1.80109
1.81624
1.85263
1.86793
1.90941
1.92962
1.96524
1.98718
2.03916
2.05334
2.08949
2.10632
2.13218
2.14662
2.15812
2.18401
2.19326
2.20874
2.22028
2.23074
2.23997
2.26109
2.26621
2.26677
2.26669
2.26646
2.26237
2.2564
2.25655
2.24082
2.23634
2.22593
2.22
2.21046
2.19495
2.18942
2.16884
2.16383
2.1433
2.13247
2.12263
2.10715
2.10128
2.08595
2.08583
2.09116
2.1056
2.12674
2.1461
2.19207
2.21952
2.27614
2.30494
2.33805
2.40988
2.44449
2.51174
2.54918
2.58437
2.65676
2.68847
2.75516
2.78641
2.84823
2.87444
2.9315
2.95203
2.97731
3.01886
3.0451
3.07115
3.08198
3.11768
3.12886
3.1391
3.13915
3.14331
3.14064
3.12844
3.10442
3.09275
3.06227
3.04708
3.0116
2.99033
2.92307
2.89342
2.84191
2.81497
2.71785
2.68593
2.61977
2.58333
2.51118
2.47543
2.40788
2.37221
2.33566
2.26336
2.23206
2.16481
2.12941
2.06721
2.04077
1.95312
1.92221
1.87094
1.84449
1.79337
1.7716
1.7304
1.71092
1.68884
1.65263
1.63285
1.60164
1.58602
1.56568
1.53907
1.52896
1.4928
1.46675
1.45668
1.42502
1.41089
1.39484
1.38414
1.36357
1.35337
1.32792
1.312
1.2919
1.28543
1.26452
1.25602
1.22389
1.21453
1.19347
1.1829
1.16298
1.1513
1.13618
1.11516
1.09437
1.09033
1.06953
1.06336
1.03762
1.01297
1.00635
0.991273
0.982019
0.971382
0.96535
0.944884
0.939987
0.924543
0.909144
0.903596
0.894079
0.888036
0.883146
0.87785
0.86732
0.8578
0.85654
0.846489
0.846955
0.841875
0.836603
0.836751
0.826341
0.830893
0.825485
0.822036
0.821201
0.820831
0.815783
0.815843
0.820553
0.8256
0.830832
0.841006
0.856865
0.871356
0.902173
0.918292
0.96423
0.984654
1.04136
1.07686
1.11356
1.18485
1.22668
1.30939
1.35499
1.44799
1.49462
1.54619
1.64426
1.69608
1.83989
1.89268
1.98083
2.02602
2.11344
2.15663
2.22867
2.26457
2.36287
2.38464
2.4361
2.4562
2.48733
2.49846
2.51954
2.5289
2.53558
2.53548
2.53473
2.53004
2.52496
2.50927
2.49514
2.48341
2.44294
2.40705
2.39156
2.33442
2.31422
2.27319
2.25209
2.19966
2.15444
2.11188
2.10231
2.07666
2.07026
2.05431
2.04607
2.03435
2.03412
2.03899
2.03969
2.04369
2.06395
2.07065
2.09549
2.10607
2.13209
2.15121
2.18293
2.19888
2.24523
2.26541
2.29646
2.3126
2.34399
2.35822
2.40009
2.4103
2.43595
2.44708
2.46759
2.47309
2.48276
2.49801
2.50409
2.5089
2.51403
2.51995
2.52414
2.52483
2.52017
2.51955
2.51435
2.50958
2.49434
2.48885
2.47326
2.46364
2.44823
2.43733
2.41192
2.40129
2.37554
2.36534
2.35002
2.32421
2.30906
2.27813
2.2622
2.24715
2.21062
2.19549
2.15424
2.13834
2.09719
2.08179
2.06127
2.02433
2.00473
1.96341
1.94182
1.90026
1.88578
1.82327
1.76166
1.74128
1.69521
1.67837
1.61769
1.56032
1.53982
1.48272
1.42571
1.40548
1.36984
1.35287
1.29809
1.24979
1.20382
1.18833
1.16206
1.15214
1.12078
