2.61312
2.6025
2.59709
2.59257
2.57186
2.52561
2.46855
2.44891
2.40212
2.37632
2.32502
2.29913
2.22137
2.19578
2.1388
2.11317
2.05659
2.03054
1.97369
1.95302
1.92757
1.88114
1.85487
1.79214
1.77218
1.71508
1.66885
1.62729
1.61637
1.59582
1.58536
1.57044
1.56415
1.54875
1.534
1.52738
1.52895
1.52385
1.5225
1.51791
1.51322
1.51243
1.51289
1.50783
1.50282
1.49772
1.4927
1.48719
1.47707
1.46122
1.4459
1.44065
1.42552
1.41973
1.40962
1.40511
1.38332
1.37921
1.36339
1.35802
1.33758
1.33742
1.32777
1.30625
1.28126
1.26015
1.25505
1.23921
1.2343
1.21916
1.21312
1.19806
1.19814
1.17771
1.17188
1.16732
1.15699
1.1517
1.14102
1.13665
1.1153
1.11071
1.10026
1.0949
1.08484
1.06912
1.06848
1.05829
1.0537
1.0476
1.05358
1.05301
1.06296
1.07339
1.11896
1.16522
1.19152
1.2218
1.28855
1.3297
1.4119
1.45844
1.55625
1.60801
1.65914
1.82041
1.92872
1.97923
2.12529
2.17068
2.25366
2.29982
2.37749
2.4102
2.47739
2.5068
2.53941
2.59113
2.61098
2.65239
2.67351
2.7042
2.71569
2.74073
2.75199
2.7569
2.75719
2.74714
2.74206
2.72158
2.71114
2.68568
2.67525
2.61366
2.54643
2.52108
2.46931
2.44394
2.36143
2.27836
2.24745
2.19094
2.1595
2.08205
2.00435
1.97943
1.90629
1.86526
1.84424
1.82382
1.78767
1.77136
1.74063
1.73014
1.68881
1.65816
1.64738
1.63695
1.62731
1.61691
1.6109
1.60056
1.59607
1.58516
1.58507
1.5803
1.57464
1.57492
1.56943
1.56402
1.55949
1.5537
1.53893
1.53841
1.52811
1.52381
1.50849
1.49142
1.47734
1.47163
1.45595
1.45162
1.42537
1.42027
1.40528
1.39923
1.37383
1.35277
1.34344
1.32763
1.32192
1.2971
1.2704
1.24927
1.24523
1.2293
1.224
1.20908
1.20302
1.18822
1.17781
1.16761
1.16172
1.15131
1.14706
1.13574
1.12121
1.11038
1.10534
1.09004
1.07458
1.06854
1.05817
1.05408
1.04768
1.05306
1.05339
1.06878
1.08779
1.11275
1.13613
1.21196
1.24718
1.32505
1.37028
1.41297
1.51523
1.56651
1.67503
1.73157
1.8402
1.89643
2.00538
2.0576
2.2075
2.25311
2.34132
2.38812
2.50648
2.57435
2.60614
2.68901
2.71406
2.75547
2.777
2.80811
2.81834
2.82893
2.84997
2.85492
2.86071
2.84998
2.85007
2.82992
2.8197
2.79951
2.78336
2.73241
2.66564
2.64483
2.59327
2.56255
2.50604
2.47958
2.39704
2.36665
2.30404
2.27877
2.24755
2.19548
2.16553
2.11367
2.08677
2.01506
1.98911
1.94785
1.88639
1.8645
1.82879
1.81279
1.78656
1.77254
1.73543
1.72501
1.70467
1.69874
1.68344
1.67372
1.66862
1.66207
1.65691
1.65281
1.64199
1.64182
1.63739
1.63255
1.62632
1.62145
1.6211
1.61085
1.61099
1.59608
1.59526
1.58512
1.58549
1.57017
1.56466
1.54945
1.54372
1.52857
1.52322
1.50289
1.49731
1.48183
1.4724
1.45691
1.45087
1.43009
1.42577
1.40977
1.40009
1.373
1.36879
1.35283
1.34337
1.32784
1.31699
1.29151
1.28576
1.26481
1.26029
1.24453
1.23478
1.20835
1.20358
1.19323
1.18282
1.16226
1.15199
1.13641
1.13063
1.11553
1.11057
1.09566
1.08929
1.06984
1.06799
1.05321
1.05332
1.0485
1.04779
1.04792
1.05271
1.063
1.07792
1.09376
1.1247
1.14919
1.17657
1.26691
1.39233
1.53013
1.58242
1.69036
1.74189
1.84972
1.90295
2.05681
2.202
2.2483
2.33115
2.37285
2.48128
2.57465
2.60555
2.65713
2.67908
2.75113
2.77243
2.78194
2.79259
2.79818
2.79875
2.79812
2.79371
2.78813
2.77351
2.7528
2.74191
2.69624
2.6348
2.61785
2.5667
2.54209
2.49019
2.46442
2.41283
2.38691
2.3562
2.27315
2.19077
2.11291
2.08246
2.03622
2.0141
1.96751
1.94832
1.8849
1.82936
1.81278
1.78694
1.77672
1.74571
1.74026
1.71004
1.6985
1.68322
1.68345
1.66271
1.65202
1.6524
1.6469
1.64233
1.63184
1.63137
1.63165
1.62138
1.62113
1.61048
1.61124
1.60636
1.60033
1.59064
1.58505
1.57489
1.57013
1.55967
1.55451
1.534
1.52817
1.52392
1.51345
1.4923
1.46757
1.45568
1.43531
1.41056
1.38461
1.37822
1.35804
1.35325
1.32772
1.30174
1.2909
1.27589
1.26995
1.24955
1.24494
1.23459
1.2092
1.19859
1.188
1.16683
1.15763
1.14705
1.13628
1.12088
1.11555
1.10062
1.09463
1.08448
1.07963
1.06887
1.06383
1.06308
1.06407
1.06888
1.07298
1.1152
1.12933
1.20175
1.23147
1.3044
1.34527
1.43223
1.47938
1.5831
1.63791
1.79877
1.95377
2.00562
2.10369
2.15518
2.29005
2.33126
2.4081
2.44581
2.51296
2.54343
2.60063
