2.46416
2.43866
2.36108
2.33527
2.27818
2.24768
2.15937
2.10311
2.07207
2.04573
1.99432
1.96359
1.88617
1.85972
1.81262
1.78895
1.74707
1.72507
1.68893
1.66882
1.62192
1.6069
1.58053
1.57024
1.54932
1.54412
1.52918
1.52316
1.51324
1.50795
1.50297
1.49797
1.4923
1.4926
1.49182
1.4869
1.48702
1.48664
1.4864
1.483
1.48257
1.47631
1.47144
1.47162
1.46691
1.46086
1.45592
1.45131
1.44092
1.43578
1.42523
1.41984
1.40912
1.40544
1.38422
1.3788
1.36848
1.35874
1.33768
1.31601
1.31263
1.29171
1.28558
1.26077
1.2547
1.24008
1.22868
1.21367
1.20861
1.18797
1.16702
1.15741
1.14183
1.13605
1.12128
1.11524
1.09478
1.08997
1.06863
1.05853
1.05392
1.03811
1.03278
1.02762
1.02237
1.01702
1.01723
1.01708
1.02728
1.03203
1.05217
1.06342
1.09902
1.11891
1.17018
1.20139
1.23687
1.30852
1.35574
1.44309
1.49413
1.64933
1.70568
1.81393
1.86611
1.96994
2.02026
2.16656
2.20718
2.29518
2.33212
2.40964
2.44052
2.50725
2.53385
2.61151
2.63183
2.6687
2.68396
2.71014
2.7199
2.73687
2.7409
2.73631
2.71622
2.70613
2.67514
2.65989
2.6188
2.59818
2.57766
2.52645
2.44383
2.41294
2.35641
2.3245
2.26824
2.23745
2.14932
2.11885
2.05679
2.03046
1.94824
1.84932
1.80247
1.78286
1.74132
1.72523
1.71014
1.67903
1.6635
1.63778
1.62655
1.60114
1.59571
1.57465
1.57043
1.55986
1.55433
1.54938
1.5486
1.54424
1.5385
1.53852
1.53377
1.53871
1.53368
1.53364
1.53325
1.52778
1.52426
1.51194
1.51349
1.50335
1.50179
1.49181
1.48789
1.47695
1.47156
1.44678
1.4296
1.42094
1.40546
1.3991
1.3948
1.37355
1.36886
1.34776
1.34255
1.3219
1.3124
1.28571
1.27628
1.25578
1.24444
1.22942
1.22384
1.20323
1.19351
1.16722
1.16208
1.14104
1.13175
1.11628
1.10965
1.09002
1.07962
1.07424
1.05853
1.03844
1.02716
1.02763
1.02714
1.02768
1.0477
1.06218
1.09788
1.11971
1.14393
1.21112
1.25218
1.33928
1.39131
1.56034
1.61844
1.73169
1.79299
1.90654
1.96901
2.08289
2.13505
2.19068
2.34695
2.43966
2.4812
2.52713
2.60933
2.64692
2.71949
2.7499
2.8068
2.83806
2.90587
2.92597
2.95198
2.96856
2.98885
2.99919
3.00478
3.00986
3.01023
3.00534
2.99972
2.98476
2.97937
2.94362
2.92828
2.89696
2.87227
2.83073
2.80976
2.75824
2.73312
2.70164
2.64611
2.61804
2.55662
2.52715
2.46487
2.43371
2.40207
2.34033
2.31479
2.25802
2.23155
2.17477
2.14972
2.12302
2.07653
2.05615
1.9991
1.95674
1.94312
1.92583
1.89485
1.88558
1.85944
1.84839
1.82815
1.82303
1.80271
1.79653
1.78107
1.77695
1.77175
1.76591
1.75064
1.75052
1.74071
1.73446
1.724
1.72
1.69911
1.68876
1.68316
1.66763
1.66281
1.65262
1.63744
1.63165
1.61111
1.60138
1.58083
1.57481
1.5654
1.53967
1.52852
1.50807
1.49792
1.47755
1.46671
1.43609
1.42065
1.39942
1.38938
1.35362
1.3171
1.30729
1.28657
1.27549
1.2445
1.23983
1.21379
1.20407
1.19327
1.16769
1.16182
1.14138
1.13149
1.10585
1.09977
1.09035
1.07484
1.06357
1.04895
1.04292
1.02724
1.02284
1.00621
1.0025
1.0022
1.00564
1.03227
1.04658
1.08793
1.11842
1.18525
1.2219
1.30866
1.36009
1.51486
1.57615
1.6904
1.7467
1.85455
1.91329
2.07238
2.12453
2.22821
2.27371
2.40948
2.52715
2.55955
2.66123
2.74099
2.80171
2.81872
2.84961
2.85962
2.87542
2.88101
2.89135
2.89129
2.89623
2.89088
2.88689
2.87177
2.86527
2.83997
2.83065
2.81419
2.76905
2.72793
2.70123
2.68105
2.62981
2.60317
2.54693
2.52115
2.46417
2.43388
2.34517
2.31536
2.25814
2.23184
2.15472
2.07705
2.05101
2.00982
1.98389
1.94671
1.92771
1.86439
1.8392
1.82792
1.80253
1.79665
1.78754
1.77182
1.76547
1.75066
1.75031
1.73456
1.73506
1.72487
1.71966
1.70895
1.70901
1.69882
1.69406
1.68846
1.68338
1.67264
1.66324
1.64676
1.63228
1.62618
1.61113
1.60623
1.58521
1.58051
1.55443
1.52913
1.51798
1.50304
1.49265
1.4764
1.46755
1.43639
1.43004
1.40959
1.39979
1.38453
1.37383
1.33857
1.31267
1.30609
1.27623
1.27023
1.24994
1.23933
1.22364
1.20949
1.1934
1.1874
1.16722
1.16203
1.15258
1.13615
1.12636
1.11103
1.09958
1.08953
1.07995
1.06914
1.05878
1.05342
1.03286
1.02797
1.01301
1.00672
0.996957
0.996709
0.996319
1.00102
1.01621
1.06307
1.08217
1.13885
1.1706
1.24221
1.28761
1.43768
1.4892
1.59822
1.65363
1.81931
1.97919
2.03173
2.12945
