2.96883
2.96435
2.94429
2.93259
2.89621
2.88258
2.81501
2.76837
2.74361
2.71746
2.66094
2.62965
2.56772
2.53684
2.47487
2.44392
2.35573
2.32541
2.26892
2.24148
2.1599
2.13383
2.08214
2.06107
2.0145
1.9943
1.93702
1.91681
1.88013
1.86476
1.83393
1.82271
1.79715
1.7872
1.75585
1.74591
1.72553
1.7192
1.70342
1.69963
1.68827
1.67824
1.66848
1.64748
1.63182
1.62202
1.61576
1.6005
1.59613
1.57989
1.56508
1.54918
1.5191
1.5126
1.49723
1.48796
1.47189
1.46195
1.43538
1.42559
1.40514
1.39942
1.37361
1.33756
1.32218
1.31217
1.28586
1.27649
1.26096
1.24965
1.23472
1.22852
1.21338
1.20849
1.19815
1.18795
1.18292
1.16736
1.15672
1.14598
1.14115
1.12611
1.12067
1.11071
1.10507
1.08459
1.07419
1.06883
1.06389
1.05854
1.04853
1.04288
1.03293
1.02755
1.02747
1.02266
1.02262
1.02165
1.02705
1.03222
1.05349
1.06238
1.09359
1.1139
1.16015
1.18549
1.28365
1.32431
1.40708
1.45779
1.61347
1.78277
1.84493
1.96346
2.02566
2.20134
2.25807
2.36188
2.41334
2.50648
2.54815
2.62632
2.66651
2.76093
2.78184
2.82883
2.84835
2.88642
2.89042
2.90098
2.90212
2.89618
2.88704
2.87165
2.8611
2.81004
2.78874
2.74279
2.72216
2.64512
2.55767
2.52626
2.46968
2.43881
2.37701
2.3504
2.31557
2.25873
2.23133
2.1444
2.09263
2.06162
1.99379
1.97379
1.93285
1.91091
1.86936
1.85507
1.80748
1.76656
1.75634
1.72502
1.69462
1.6882
1.67351
1.66788
1.6418
1.61703
1.60155
1.59493
1.57955
1.57571
1.55014
1.54349
1.52883
1.5186
1.50366
1.49179
1.46778
1.43623
1.43006
1.40905
1.40108
1.38003
1.37295
1.34377
1.33213
1.3063
1.27613
1.26536
1.24474
1.23427
1.20875
1.20322
1.18218
1.16185
1.15224
1.13664
1.13057
1.10968
1.09036
1.08416
1.06866
1.0689
1.04832
1.02761
1.01271
1.00702
0.996309
0.991807
0.981798
0.975476
0.96496
0.965988
0.955738
0.954707
0.954877
0.95051
0.949681
0.96046
0.964579
0.980234
0.995372
1.05214
1.13906
1.17491
1.30889
1.47741
1.54574
1.67876
1.75161
1.89608
1.96808
2.04058
2.17974
2.24295
2.37653
2.43917
2.60911
2.71314
2.75939
2.88991
2.92956
2.99756
3.02937
3.10723
3.17951
3.20061
3.20596
3.2164
3.21673
3.20652
3.20163
3.17079
3.1197
3.099
3.05814
3.03223
2.9805
2.95021
2.8932
2.86193
2.83131
2.76388
2.73354
2.6665
2.63487
2.53706
2.50044
2.43835
2.40806
2.34077
2.31453
2.25825
2.2317
2.20611
2.15386
2.12892
2.08174
2.06132
2.00424
1.96818
1.95267
1.93697
1.91067
1.89598
1.85923
1.82832
1.81836
1.78209
1.76692
1.73455
1.72581
1.71046
1.69849
1.67838
1.66886
1.64155
1.60633
1.596
1.57045
1.55961
1.52423
1.48769
1.47671
1.44595
1.43652
1.38501
1.35872
1.34847
1.30629
1.27108
1.26016
1.23479
1.22447
1.1986
1.18793
1.15731
1.12615
1.12072
1.10021
1.08999
1.07004
1.04263
1.03839
1.01692
0.997161
0.991514
0.976725
0.970681
0.960602
0.955239
0.935882
0.918995
0.914226
0.903895
0.90329
0.893554
0.888075
0.877879
0.867827
0.867513
0.86257
0.857352
0.851867
0.84618
0.846118
0.846684
0.851789
0.861831
0.866431
0.892374
0.90809
0.954203
0.974366
1.07636
1.16432
1.21039
1.26692
1.38498
1.45248
1.58618
1.66324
1.808
1.88499
1.95345
2.10307
2.16938
2.37116
2.55193
2.60508
2.70883
2.75367
2.88026
2.98232
3.06095
3.08537
3.1168
3.13399
3.16444
3.17497
3.17069
3.16569
3.15991
3.13935
3.12977
3.06221
3.01555
2.99147
2.94034
2.9125
2.82653
2.79465
2.73295
2.69718
2.63039
2.59886
2.49553
2.46466
2.39787
2.36604
2.27286
2.19039
2.16029
2.10837
2.08177
1.98848
1.94739
1.92719
1.89058
1.87049
1.83945
1.82772
1.78225
1.77128
1.74543
1.73556
1.71478
1.70441
1.6734
1.6635
1.64336
1.63626
1.60669
1.58587
1.57519
1.56546
1.53441
1.51368
1.49756
1.46655
1.45691
1.43174
1.42001
1.39921
1.38503
1.36403
1.34861
1.31151
1.30174
1.2764
1.26548
1.23992
1.2293
1.19265
1.18387
1.15799
1.15099
1.12094
1.1062
1.0858
1.07333
1.04425
1.01738
1.01198
0.987531
0.959627
0.940663
0.923986
0.914572
0.904006
0.898358
0.88812
0.872557
0.872588
0.867519
0.857497
0.85676
0.85141
0.852321
0.847379
0.846192
0.841995
0.841141
0.841926
0.836384
0.836437
0.836418
0.836425
0.83195
0.835998
0.83147
0.835936
0.830687
0.836647
0.836662
0.836778
0.840646
0.845823
0.851915
0.86121
0.87669
0.8922
0.92801
0.95383
1.00446
1.04138
1.12293
1.1695
1.21559
