1.70015
1.67366
1.62719
1.6071
1.56563
1.54982
1.49826
1.4829
1.44637
1.42515
1.41565
1.40945
1.3986
1.39486
1.38802
1.38809
1.38942
1.38817
1.38945
1.38838
1.39886
1.39944
1.39935
1.40351
1.40877
1.41501
1.41434
1.41443
1.41972
1.41974
1.41995
1.41979
1.4151
1.41058
1.40865
1.39907
1.39933
1.39425
1.37849
1.37906
1.36301
1.35331
1.33757
1.33257
1.30617
1.30198
1.28607
1.27554
1.25974
1.25066
1.23029
1.22282
1.20717
1.19473
1.18673
1.16736
1.14666
1.13619
1.13118
1.11079
1.10516
1.08507
1.07425
1.06383
1.0541
1.03213
1.02325
1.00775
1.00166
0.981595
0.980571
0.961028
0.950547
0.939845
0.930158
0.919549
0.914186
0.898282
0.8927
0.893999
0.898148
0.903057
0.908279
0.928824
0.948387
0.984505
1.01565
1.07213
1.1124
1.24277
1.287
1.39051
1.4432
1.55173
1.60228
1.76293
1.81399
1.91716
1.96495
2.10824
2.15637
2.24361
2.28044
2.36279
2.39852
2.46645
2.49691
2.52838
2.58553
2.611
2.65771
2.67854
2.70949
2.72566
2.74662
2.75577
2.77262
2.77255
2.77307
2.76773
2.75829
2.75205
2.72171
2.70612
2.67481
2.66056
2.59774
2.57313
2.52725
2.49977
2.44843
2.42299
2.3713
2.34532
2.28874
2.26305
2.23719
2.18549
2.15976
2.10814
2.08673
2.02492
2.00419
1.98363
1.94689
1.91616
1.90081
1.89018
1.86427
1.85425
1.83392
1.82772
1.81206
1.81284
1.80201
1.80182
1.79667
1.79197
1.79179
1.79635
1.7911
1.79197
1.7913
1.79142
1.79135
1.78598
1.78685
1.78569
1.77613
1.77083
1.76172
1.75111
1.74521
1.72944
1.72009
1.7048
1.69858
1.67811
1.66907
1.64186
1.63251
1.61132
1.6013
1.56551
1.53978
1.52885
1.51853
1.49283
1.48235
1.441
1.40016
1.38957
1.36358
1.34842
1.32234
1.31249
1.28679
1.27048
1.23465
1.22457
1.20352
1.18841
1.15675
1.12176
1.10966
1.08946
1.08012
1.04848
1.00722
0.991674
0.981409
0.965788
0.960441
0.944998
0.944756
0.944253
0.949767
0.964938
0.984548
1.05253
1.0866
1.16444
1.20583
1.29856
1.34468
1.49895
1.55161
1.65504
1.71039
1.92277
2.02685
2.07727
2.18151
2.22743
2.36772
2.41348
2.49631
2.53808
2.61068
2.64668
2.7091
2.73475
2.76604
2.81281
2.83329
2.87019
2.88513
2.92117
2.94348
2.94247
2.94847
2.93814
2.933
2.90274
2.89151
2.86577
2.85124
2.79429
2.7328
2.71195
2.66617
2.63957
2.59305
2.5631
2.51124
2.48472
2.4594
2.4077
2.38611
2.3347
2.30988
2.28785
2.24157
2.22149
2.17997
2.16429
2.12349
2.11161
2.06628
2.02989
2.01909
2.00331
1.9936
1.97267
1.95175
1.94672
1.9365
1.93639
1.92615
1.92071
1.91583
1.90548
1.9001
1.88955
1.88497
1.86959
1.86379
1.84895
1.83827
1.82806
1.81817
1.80257
1.79252
1.76601
1.76113
1.74044
1.7303
1.7096
1.69923
1.67809
1.66378
1.65229
1.62743
1.61664
1.58055
1.57019
1.53922
1.52928
1.50321
1.48764
1.46137
1.43578
1.40489
1.39432
1.36356
1.35336
1.32818
1.31178
1.2763
1.26082
1.23521
1.22371
1.19305
1.1835
1.15816
1.1411
1.10565
1.09507
1.06956
1.05847
1.03258
1.02343
1.01245
0.991736
0.981747
0.961068
0.950477
0.929861
0.919693
0.908811
0.893226
0.883517
0.872758
0.862651
0.857552
0.852286
0.866686
0.877187
0.902983
0.927451
0.978466
1.05107
1.13365
1.1792
1.26713
1.31848
1.41672
1.46868
1.52499
1.62836
1.68044
1.789
1.84452
1.94778
1.99611
2.04614
2.09938
2.14938
2.19779
2.29036
2.33112
2.41381
2.45584
2.48643
2.55384
2.5899
2.69364
2.73508
2.75117
2.78249
2.79741
2.8187
2.82373
2.82899
2.83898
2.84025
2.83548
2.83387
2.81906
2.81423
2.78361
2.76821
2.73763
2.72214
2.68041
2.665
2.61876
2.59336
2.52117
2.49532
2.41751
2.37131
2.34533
2.27275
2.24793
2.20621
2.18007
2.1388
2.11793
2.06605
2.05042
2.01936
2.0042
1.98356
1.97254
1.94252
1.93594
1.92045
1.91606
1.90068
1.89948
1.89564
1.87959
1.87424
1.8693
1.85855
1.85405
1.84338
1.83865
1.83392
1.82766
1.81727
1.81294
1.79724
1.7866
1.77086
1.75596
1.75055
1.72504
1.69825
1.69452
1.66781
1.64169
1.6327
1.60668
1.59083
1.56479
1.5545
1.52299
1.50412
1.48268
1.46743
1.44219
1.42501
1.38985
1.37885
1.34771
1.33816
1.31162
1.30209
1.26042
1.24524
1.21969
1.20821
1.16805
1.13091
1.12128
1.09512
1.07999
1.04322
1.00742
0.976343
0.96612
0.940535
0.929392
0.913864
0.904596
0.872955
0.862899
0.847531
0.836863
0.806242
0.79059
0.779822
0.769649
0.764557
0.75915
0.758836
0.763918
0.768673
