1.7828
1.75189
1.73494
1.70887
1.69974
1.67831
1.66852
1.64778
1.6464
1.63149
1.63162
1.62168
1.61601
1.61106
1.6108
1.60523
1.60604
1.60096
1.59579
1.59022
1.58493
1.58106
1.57529
1.57444
1.55527
1.54834
1.53876
1.52918
1.51904
1.50783
1.48801
1.47685
1.46179
1.45582
1.43551
1.42548
1.40006
1.39373
1.36361
1.34773
1.33326
1.30588
1.2972
1.28198
1.27005
1.25545
1.24423
1.22871
1.22406
1.20329
1.19302
1.18267
1.1724
1.16295
1.15103
1.14158
1.13096
1.12607
1.1203
1.10515
1.09992
1.09505
1.08933
1.08363
1.07991
1.06914
1.06841
1.06263
1.05992
1.05368
1.05291
1.04821
1.05335
1.05816
1.06349
1.07823
1.08418
1.1149
1.13407
1.18012
1.20744
1.23661
1.36024
1.44822
1.49441
1.65399
1.71564
1.83391
1.90177
2.03534
2.0979
2.23746
2.29867
2.36193
2.48544
2.54681
2.71286
2.81073
2.85832
2.89903
2.97689
3.01352
3.07578
3.10168
3.12746
3.17002
3.18887
3.21583
3.22648
3.23688
3.24192
3.23794
3.2172
3.20679
3.18131
3.16564
3.13015
3.10928
3.03716
3.01148
2.95543
2.92338
2.86175
2.83143
2.72815
2.69183
2.66107
2.5883
2.51625
2.48023
2.44898
2.382
2.34604
2.28423
2.25744
2.20055
2.17524
2.10202
2.0823
2.04106
2.02407
1.99299
1.98367
1.94732
1.9365
1.91667
1.90983
1.89491
1.89482
1.88494
1.87968
1.87433
1.86485
1.8591
1.8584
1.85351
1.84873
1.83799
1.83818
1.8225
1.81323
1.80254
1.79218
1.78219
1.77128
1.74056
1.72982
1.70907
1.69961
1.65791
1.62165
1.61154
1.57992
1.56581
1.52351
1.4981
1.4829
1.4717
1.44104
1.42625
1.40025
1.38915
1.36327
1.35362
1.33789
1.31206
1.30164
1.28072
1.26608
1.24529
1.23423
1.22453
1.19269
1.17213
1.168
1.1356
1.13171
1.11128
1.10468
1.08948
1.07969
1.06414
1.04342
1.03294
1.02309
1.02206
1.00243
0.986469
0.985839
0.969834
0.971406
0.960168
0.960849
0.955148
0.955585
0.96573
0.970135
0.995595
1.01085
1.03149
1.08223
1.11362
1.19081
1.23625
1.33398
1.38608
1.57618
1.64286
1.78775
1.85954
2.08222
2.22704
2.29856
2.37095
2.43878
2.56768
2.69168
2.74863
2.90914
2.96056
3.04914
3.09027
3.16236
3.19974
3.28227
3.30339
3.34012
3.35498
3.37587
3.38691
3.39283
3.39163
3.38199
3.37724
3.35653
3.34635
3.33142
3.29509
3.27466
3.23375
3.20739
3.15602
3.13054
3.0424
2.94002
2.90342
2.83138
2.7951
2.72284
2.68675
2.64614
2.56876
2.53163
2.45978
2.42324
2.35064
2.32028
2.22168
2.19102
2.15989
2.10301
2.02488
1.9638
1.94188
1.90552
1.88643
1.85487
1.84323
1.80357
1.79134
1.77098
1.76164
1.74571
1.73046
1.70395
1.69443
1.67338
1.66792
1.64241
1.63708
1.6271
1.59597
1.57528
1.56064
1.52356
1.4877
1.47225
1.44704
1.43088
1.40486
1.39022
1.35901
1.34324
1.32769
1.29678
1.28114
1.24993
1.23497
1.20937
1.19314
1.17853
1.14729
1.13123
1.10609
1.08985
1.04955
1.03767
1.01279
1.00205
0.976106
0.966343
0.934984
0.924882
0.904118
0.893435
0.87836
0.872417
0.856514
0.848204
0.840833
0.826007
0.821671
0.810803
0.80605
0.795621
0.78541
0.784322
0.774238
0.769804
0.759512
0.758546
0.753047
0.749563
0.743102
0.738809
0.737936
0.732488
0.733683
0.728069
0.727947
0.728015
0.727955
0.728283
0.732218
0.753624
0.794502
0.81413
0.865781
0.896544
0.927225
1.00969
1.0509
1.14855
1.20038
1.31344
1.37959
1.4475
1.582
1.79728
1.87053
2.00955
2.0769
2.2112
2.2785
2.45915
2.5169
2.61526
2.66558
2.79636
2.86908
2.90467
2.9363
3.00917
3.04505
3.05596
3.08759
3.09262
3.09261
3.09319
3.07787
3.07182
3.05135
3.03728
3.02596
2.98525
2.96453
2.92307
2.89863
2.84668
2.82049
2.79003
2.7275
2.69228
2.62527
2.58829
2.55276
2.48055
2.44415
2.36697
2.33552
2.25768
2.22768
2.12394
2.08779
2.02591
1.9944
1.93694
1.91256
1.83374
1.76765
1.74573
1.70954
1.69478
1.6635
1.64761
1.60086
1.58032
1.5752
1.55898
1.55464
1.53861
1.52846
1.52815
1.5138
1.5032
1.50188
1.492
1.4877
1.47149
1.45656
1.45111
1.43536
1.43087
1.40443
1.3949
1.37897
1.36896
1.34864
1.33735
1.32169
1.30765
1.29628
1.2757
1.26609
1.24522
1.23433
1.20368
1.18269
1.17272
1.16676
1.14651
1.13661
1.12025
1.11125
1.09982
1.08427
1.07937
1.05461
1.03858
1.03236
1.0235
1.00796
1.0015
0.991832
0.986407
0.976089
0.970805
0.955345
0.939887
0.935023
0.929422
0.92446
0.91444
0.908544
0.908888
0.904088
0.898215
0.89375
0.893236
0.888001
