1.1397
1.15628
1.19251
1.21608
1.26747
1.3005
1.36684
1.40201
1.52112
1.56226
1.65013
1.69579
1.83078
1.88135
1.96961
2.01637
2.10447
2.15013
2.26963
2.33699
2.37309
2.40433
2.45594
2.48243
2.51887
2.54398
2.56979
2.58166
2.59072
2.60135
2.60237
2.60294
2.60179
2.5829
2.57132
2.5511
2.53589
2.5048
2.48949
2.4278
2.40763
2.3613
2.33965
2.28847
2.26769
2.19072
2.16489
2.11808
2.09251
2.04124
2.01945
1.96818
1.94777
1.92689
1.87987
1.86041
1.79768
1.74596
1.73076
1.69966
1.68865
1.65329
1.63716
1.62202
1.5956
1.59083
1.58029
1.57513
1.56462
1.55973
1.54928
1.55357
1.54356
1.54391
1.53333
1.52859
1.52353
1.51335
1.50741
1.49777
1.4867
1.48272
1.47217
1.4662
1.44613
1.43066
1.42088
1.41067
1.40384
1.38451
1.37825
1.37392
1.35861
1.34801
1.33307
1.32686
1.29644
1.28623
1.27101
1.26009
1.24401
1.23484
1.20826
1.19828
1.18242
1.15739
1.15136
1.14097
1.13631
1.13117
1.12587
1.12537
1.13041
1.13573
1.1517
1.16523
1.19597
1.21824
1.28912
1.31945
1.38695
1.42795
1.55107
1.59849
1.69083
1.73714
1.84084
1.89148
1.99491
2.0421
2.18639
2.22833
2.31639
2.35652
2.42439
2.46107
2.55389
2.5805
2.62747
2.64703
2.69968
2.70966
2.7305
2.74155
2.74688
2.75118
2.74717
2.74636
2.73744
2.72213
2.71064
2.68469
2.6708
2.63516
2.61304
2.54636
2.52117
2.46978
2.44311
2.36646
2.27911
2.25217
2.17495
2.09236
2.06173
2.01485
1.98922
1.92211
1.85988
1.80289
1.7874
1.7515
1.74006
1.71413
1.70528
1.68462
1.67771
1.66883
1.64735
1.64198
1.63184
1.62638
1.60602
1.59565
1.5908
1.57903
1.57612
1.57019
1.56429
1.55429
1.54946
1.53912
1.53369
1.5184
1.49727
1.49292
1.4772
1.47178
1.45139
1.42976
1.42115
1.39892
1.37357
1.36361
1.34794
1.33834
1.32264
1.31183
1.28596
1.25583
1.24935
1.22912
1.22408
1.20796
1.19905
1.17266
1.16707
1.15224
1.14624
1.13127
1.1258
1.11462
1.11968
1.12579
1.15563
1.21633
1.24328
1.30498
1.33949
1.46926
1.61283
1.66985
1.78253
1.84075
2.00017
2.05703
2.16044
2.20709
2.30499
2.3473
2.47558
2.58964
2.62149
2.6841
2.7083
2.76058
2.7821
2.83292
2.87081
2.87982
2.89699
2.89695
2.8965
2.88164
2.87082
2.85002
2.83542
2.78849
2.70212
2.6562
2.62856
2.54731
2.51604
2.42786
2.36618
2.33566
2.24741
2.16471
2.13403
2.08277
2.05608
2.00452
1.98376
1.91704
1.90057
1.85957
1.84388
1.78192
1.75662
1.74567
1.72454
1.71513
1.69911
1.68904
1.66712
1.66364
1.64748
1.6471
1.63723
1.63141
1.62117
1.61195
1.60516
1.59509
1.59121
1.57486
1.56425
1.5597
1.54961
1.52823
1.51309
1.50813
1.49792
1.48272
1.47625
1.45596
1.45164
1.43048
1.41571
1.38929
1.35884
1.34792
1.33283
1.32219
1.29156
1.25484
1.24519
1.22492
1.21339
1.18869
1.1772
1.15171
1.14185
1.12653
1.11552
1.08547
1.07882
1.06296
1.05478
1.03902
1.03243
1.02731
1.02267
1.02659
1.03745
1.05712
1.07321
1.10938
1.13893
1.2371
1.27343
1.41198
1.57154
1.62818
1.74238
1.80298
1.92174
1.97544
2.12901
2.27971
2.32547
2.41354
2.45572
2.5277
2.56432
2.66229
2.68902
2.73554
2.76021
2.79712
2.81261
2.86515
2.87541
2.88068
2.88613
2.88173
2.87665
2.87034
2.85028
2.8406
2.79874
2.7679
2.74889
2.7265
2.68061
2.65547
2.57886
2.52169
2.49004
2.46452
2.37723
2.32072
2.2885
2.20584
2.18035
2.1235
2.10268
2.03016
1.96357
1.94219
1.90684
1.89016
1.85402
1.83909
1.79708
1.76116
1.75088
1.73508
1.73022
1.70388
1.68929
1.68277
1.6632
1.64707
1.64254
1.63246
1.62635
1.6162
1.61109
1.59591
1.59058
1.56505
1.55904
1.54367
1.53941
1.51367
1.4879
1.47699
1.45726
1.45091
1.40986
1.39003
1.38316
1.3492
1.31643
1.30754
1.28677
1.27578
1.25547
1.24965
1.22343
1.21412
1.18762
1.1781
1.15695
1.14687
1.12468
1.10088
1.08923
1.06909
1.0437
1.02236
1.01783
1.00193
0.991725
0.976127
0.960263
0.950706
0.934718
0.929955
0.91902
0.909294
0.908954
0.903756
0.903253
0.91354
0.93363
0.944457
1.03145
1.09807
1.13825
1.27753
1.44723
1.50449
1.62342
1.6844
1.80851
1.86603
1.98492
2.04122
2.20728
2.25817
2.35617
2.40373
2.49166
2.53253
2.64614
2.68333
2.77105
2.84395
2.8638
2.89529
2.91149
2.93253
2.94207
2.95817
2.95883
2.95809
2.94848
2.94299
2.91282
2.87112
2.86148
2.82026
2.80395
2.73791
2.63507
2.57814
2.54711
2.49051
