1.5484
1.54453
1.53983
1.5332
1.52889
1.52779
1.52418
1.51888
1.51241
1.50209
1.49825
1.49216
1.48727
1.48195
1.47716
1.46181
1.46112
1.4452
1.44122
1.42574
1.41964
1.41026
1.40456
1.39938
1.3942
1.37847
1.37416
1.36349
1.35824
1.3532
1.34268
1.33776
1.33234
1.32222
1.30736
1.30543
1.28156
1.27513
1.27062
1.26041
1.25455
1.23995
1.23404
1.21423
1.20369
1.19316
1.19232
1.17751
1.17732
1.1621
1.16143
1.15131
1.14691
1.14085
1.13611
1.13565
1.13088
1.13499
1.13662
1.13972
1.15143
1.15569
1.20226
1.23842
1.25823
1.28404
1.30984
1.34538
1.38155
1.50031
1.58782
1.62913
1.72663
1.7785
1.82978
1.93749
1.99074
2.09921
2.15394
2.2529
2.30527
2.35685
2.44452
2.48661
2.56951
2.60485
2.63715
2.69409
2.72418
2.77062
2.7882
2.81884
2.82854
2.83963
2.85014
2.84957
2.85035
2.84978
2.84573
2.83037
2.81932
2.78867
2.77384
2.7575
2.73817
2.71653
2.69172
2.6449
2.61906
2.56762
2.53653
2.51053
2.48083
2.45327
2.42398
2.36178
2.33482
2.30495
2.27321
2.24309
2.21078
2.15411
2.12384
2.06671
2.04068
2.01057
1.98378
1.95344
1.93172
1.87986
1.85589
1.80881
1.7872
1.75098
1.73112
1.71439
1.69982
1.68362
1.66866
1.64234
1.63234
1.61175
1.60089
1.59062
1.56997
1.55921
1.5544
1.5485
1.54445
1.54365
1.53901
1.53417
1.52844
1.5285
1.53302
1.52892
1.51879
1.51729
1.50805
1.5125
1.5082
1.50234
1.50255
1.50281
1.49205
1.48737
1.47701
1.47638
1.47238
1.46205
1.45609
1.44111
1.42568
1.42015
1.41509
1.39937
1.39957
1.38361
1.37888
1.36905
1.35336
1.34779
1.33756
1.32766
1.31223
1.30644
1.29117
1.28599
1.2761
1.26572
1.25954
1.24446
1.23972
1.23389
1.21882
1.21336
1.20889
1.19847
1.1883
1.18248
1.1719
1.1721
1.16718
1.15685
1.15623
1.15062
1.15193
1.15167
1.15603
1.16177
1.16605
1.1816
1.19226
1.22277
1.24738
1.29351
1.32529
1.36086
1.40192
1.43893
1.48366
1.58158
1.63424
1.74781
1.80794
1.87125
1.99975
2.06668
2.19604
2.25782
2.38214
2.44362
2.50093
2.5575
2.61475
2.67126
2.76969
2.81636
2.89909
2.94078
3.01319
3.04472
3.07037
3.12256
3.14309
3.1799
3.19468
3.2152
3.21718
3.22595
3.22771
3.21696
3.20711
3.19631
3.17081
3.15554
3.10385
3.05813
3.03712
2.98565
2.95489
2.92905
2.89831
2.86729
2.83619
2.77389
2.74373
2.6714
2.63496
2.60394
2.5317
2.49586
2.42861
2.39734
2.29908
2.26891
2.20667
2.17482
2.11809
2.0929
2.07105
2.02002
1.99928
1.95849
1.93645
1.89986
1.88648
1.84968
1.8385
1.82357
1.80765
1.79742
1.78692
1.76661
1.75591
1.7402
1.73047
1.72455
1.71469
1.70897
1.70408
1.68399
1.67804
1.66872
1.66237
1.65821
1.64217
1.63723
1.62228
1.61593
1.60003
1.59653
1.58527
1.58042
1.57026
1.56456
1.54901
1.53953
1.52362
1.51341
1.50297
1.49767
1.48769
1.47716
1.46195
1.45122
1.43544
1.42595
1.40518
1.39445
1.38401
1.36836
1.3588
1.33796
1.327
1.32239
1.3068
1.30133
1.29169
1.27095
1.26506
1.24414
1.23465
1.21923
1.20827
1.20359
1.18729
1.17841
1.16267
1.15652
1.14096
1.13143
1.12571
1.12101
1.1155
1.10525
1.08954
1.08481
1.07424
1.06922
1.06419
1.0631
1.06327
1.0683
1.074
1.08315
1.09439
1.10882
1.12483
1.13971
1.16565
1.22253
1.25682
1.33425
1.37665
1.42645
1.53441
1.59276
1.71626
1.78226
1.91184
1.97852
2.04633
2.17506
2.23751
2.36139
2.41849
2.47469
2.53235
2.58358
2.63554
2.77556
2.85814
2.88994
2.95718
2.98242
3.0091
3.03431
3.05564
3.0714
3.10273
3.1121
3.12784
3.13407
3.13882
3.13932
3.13429
3.12876
3.11877
3.1139
3.0777
3.05819
3.04154
3.02693
3.00598
2.96478
2.9441
2.89288
2.86715
2.83628
2.80983
2.77996
2.74814
2.68676
2.65535
2.58841
2.55756
2.49063
2.45428
2.42322
2.39266
2.35616
2.32548
2.26325
2.2371
2.17496
2.14925
2.11845
2.0455
1.99903
1.97433
1.95218
1.93263
1.91118
1.89598
1.85922
1.84906
1.8127
1.80302
1.77686
1.76618
1.75622
1.74554
1.73554
1.72485
1.70958
1.70413
1.68869
1.68845
1.67895
1.6728
1.6681
1.66282
1.64676
1.6428
1.62106
1.6169
1.60571
1.60127
1.59035
1.57482
1.57019
1.5599
1.54483
1.53799
1.51285
1.51359
1.48719
1.47786
1.47129
1.45743
1.44515
1.43682
1.42979
1.41628
1.40904
1.38425
1.37401
1.35385
1.34746
1.33348
1.32173
1.31242
1.30628
1.27123
1.25018
1.23973
1.22929
1.21926
1.20812
