1.71446
1.70914
1.69403
1.68863
1.67828
1.67336
1.66232
1.65819
1.64764
1.64659
1.63596
1.63245
1.61599
1.61165
1.60118
1.59569
1.5753
1.56955
1.55445
1.54443
1.53389
1.52389
1.50869
1.49749
1.47717
1.46654
1.45114
1.44136
1.42101
1.41451
1.38906
1.37943
1.35893
1.35269
1.32182
1.30143
1.29149
1.27615
1.26981
1.24479
1.23467
1.22457
1.21404
1.20361
1.19774
1.18802
1.17775
1.16247
1.15662
1.14663
1.14149
1.13115
1.12595
1.11491
1.11102
1.09906
1.08918
1.08959
1.08438
1.08459
1.08407
1.08373
1.08417
1.08891
1.09922
1.11949
1.13514
1.1555
1.19656
1.22665
1.28769
1.33038
1.41725
1.4639
1.50971
1.61236
1.6654
1.77877
1.83885
2.03048
2.09292
2.2225
2.28796
2.41216
2.47047
2.53087
2.63995
2.69227
2.7899
2.8325
2.91534
2.9508
3.02353
3.05508
3.12744
3.14854
3.17464
3.18952
3.20499
3.21215
3.21086
3.21108
3.20691
3.17635
3.12949
3.11497
3.06899
3.04669
2.99553
2.97082
2.91384
2.88227
2.82049
2.78516
2.75329
2.68658
2.65597
2.58365
2.54717
2.47992
2.4447
2.41229
2.34523
2.31524
2.24768
2.21682
2.12874
2.09776
2.0462
2.01945
1.95317
1.9274
1.89071
1.87038
1.83401
1.81825
1.79163
1.77744
1.75161
1.73994
1.73067
1.71519
1.70891
1.69303
1.68408
1.67381
1.66731
1.66346
1.65283
1.64729
1.63206
1.62661
1.61586
1.61176
1.60118
1.5961
1.58487
1.57545
1.56981
1.56447
1.56003
1.53388
1.5283
1.51303
1.50293
1.4878
1.47702
1.45167
1.44045
1.42517
1.41074
1.39529
1.38377
1.35392
1.34739
1.32711
1.31206
1.28592
1.27596
1.26091
1.24987
1.22963
1.22363
1.20307
1.19851
1.17351
1.1664
1.15161
1.14667
1.13583
1.13154
1.11004
1.1052
1.08982
1.08919
1.07882
1.06461
1.058
1.05275
1.04887
1.03851
1.03719
1.03175
1.02881
1.02685
1.01726
1.017
1.01201
1.0066
1.00251
1.00095
1.00165
0.996781
0.996687
0.996303
1.0015
1.00112
1.00695
1.02709
1.06821
1.08771
1.13959
1.16965
1.24181
1.28329
1.3759
1.42224
1.57657
1.6387
1.75712
1.81903
1.95314
2.0202
2.15437
2.22129
2.28899
2.41815
2.48017
2.59404
2.6503
2.84728
2.93
2.97226
3.03918
3.07036
3.1426
3.1589
3.19018
3.2006
3.21196
3.22072
3.21654
3.21223
3.19077
3.17667
3.14584
3.12905
3.06347
2.98638
2.95959
2.86793
2.80064
2.76888
2.73348
2.66627
2.63031
2.55838
2.52621
2.45419
2.4184
2.31458
2.28409
2.21677
2.1905
2.12855
2.09788
2.04581
2.01576
1.99336
1.94207
1.92218
1.88076
1.86459
1.79259
1.76684
1.75084
1.72949
1.7205
1.7042
1.69421
1.68814
1.67308
1.66776
1.65203
1.64748
1.64245
1.637
1.62705
1.62179
1.61632
1.60562
1.60585
1.59556
1.58554
1.58509
1.57486
1.56988
1.54945
1.5292
1.51777
1.5027
1.49788
1.47216
1.46173
1.44682
1.43064
1.41553
1.4047
1.38379
1.37429
1.35881
1.34795
1.31751
1.30624
1.28598
1.28043
1.26434
1.25618
1.22854
1.21933
1.20352
1.19332
1.1726
1.16713
1.15156
1.14674
1.13152
1.1252
1.1105
1.10021
1.0949
1.08953
1.07946
1.0787
1.06881
1.06877
1.05838
1.05362
1.04807
1.04368
1.03783
1.0329
1.02787
1.02722
1.02212
1.02237
1.01658
1.0176
1.01673
1.01729
1.01661
1.01708
1.02207
1.02698
1.03226
1.0525
1.06317
1.07804
1.11903
1.13955
1.19066
1.22219
1.2574
1.3342
1.38161
1.4694
1.51999
1.61804
1.66963
1.83477
1.89189
2.00988
2.06741
2.18545
2.24327
2.29893
2.40255
2.45508
2.5482
2.59444
2.71355
2.7806
2.813
2.83753
2.8849
2.90572
2.93682
2.95268
2.96345
2.97347
2.97424
2.97404
2.96942
2.94366
2.90255
2.88235
2.84093
2.82018
2.76902
2.74273
2.66085
2.56295
2.53143
2.46968
2.43423
2.37191
2.33559
2.30432
2.23692
2.20716
2.14494
2.11305
2.0562
2.03049
1.92689
1.87559
1.85465
1.7971
1.7828
1.75189
1.73494
1.70887
1.69974
1.67831
1.66852
1.64778
1.6464
1.63149
1.63162
1.62168
1.61601
1.61106
1.6108
1.60523
1.60604
1.60096
1.59579
1.59022
1.58493
1.58106
1.57529
1.57444
1.55527
1.54834
1.53876
1.52918
1.51904
1.50783
1.48801
1.47685
1.46179
1.45582
1.43551
1.42548
1.40006
1.39373
1.36361
1.34773
1.33326
1.30588
1.2972
1.28198
1.27005
1.25545
1.24423
1.22871
1.22406
1.20329
1.19302
1.18267
1.1724
1.16295
1.15103
1.14158
1.13096
1.12607
1.1203
1.10515
1.09992
1.09505
1.08933
1.08363
1.07991
1.06914
1.06841
1.06263
1.05992
1.05368
1.05291
1.04821
