2.45887
2.39718
2.36662
2.29967
2.2681
2.18007
2.15485
2.09783
2.07643
2.02011
1.99952
1.91593
1.8846
1.87038
1.83391
1.82281
1.79243
1.78169
1.77053
1.76674
1.7561
1.75497
1.75569
1.75508
1.76059
1.76062
1.76059
1.76609
1.76055
1.76064
1.75572
1.75532
1.74611
1.73999
1.72993
1.72449
1.70897
1.70903
1.67847
1.66831
1.6476
1.63777
1.61713
1.6062
1.58057
1.57019
1.52883
1.51826
1.4879
1.47696
1.45143
1.43663
1.37913
1.34858
1.33792
1.30698
1.29653
1.27679
1.23907
1.21341
1.19904
1.15733
1.12114
1.11055
1.08924
1.07991
1.05931
1.05288
1.03205
1.02381
1.01183
0.991473
0.981829
0.960311
0.951119
0.934738
0.925085
0.909561
0.903301
0.888884
0.882866
0.878151
0.862624
0.857422
0.847068
0.841642
0.831038
0.825506
0.82649
0.830804
0.840966
0.861639
0.876471
0.897205
0.943059
1.08152
1.17425
1.2308
1.41655
1.62223
1.68971
1.82959
1.90088
2.09321
2.27847
2.33578
2.43944
2.49027
2.62559
2.73499
2.76539
2.8227
2.84388
2.91108
2.93221
2.9374
2.94232
2.94351
2.93373
2.92733
2.91823
2.89694
2.88691
2.8514
2.83487
2.7943
2.77907
2.71199
2.68659
2.63494
2.60839
2.52127
2.48562
2.42933
2.39674
2.29965
2.20627
2.17512
2.11302
2.0828
2.02563
1.99472
1.91245
1.88533
1.83403
1.81344
1.76682
1.75084
1.71466
1.69998
1.65309
1.61655
1.61126
1.59063
1.5855
1.56443
1.55402
1.55402
1.54895
1.54408
1.54358
1.54381
1.53881
1.53424
1.53239
1.52831
1.52829
1.51759
1.51341
1.50303
1.49719
1.48253
1.47677
1.45676
1.45064
1.42581
1.39488
1.38895
1.368
1.35418
1.33356
1.32168
1.29186
1.25997
1.24548
1.22948
1.219
1.18321
1.15177
1.14224
1.12633
1.11565
1.08989
1.05371
1.03833
1.02802
1.01757
1.00757
0.991435
0.986409
0.971121
0.965492
0.949646
0.935355
0.929375
0.919717
0.918509
0.909677
0.89351
0.888514
0.883464
0.882412
0.872971
0.863047
0.861674
0.856828
0.857186
0.852248
0.856511
0.856928
0.866529
0.881957
0.897334
0.927445
0.949404
1.00544
1.0407
1.16377
1.2201
1.33843
1.40607
1.54538
1.6167
1.8343
1.90599
2.11337
2.31382
2.37735
2.55268
2.66068
2.70847
2.83739
2.9408
2.97249
3.02507
3.0445
3.08628
3.10221
3.12863
3.13344
3.13372
3.12929
3.10868
3.083
3.06773
3.05212
3.02121
2.97982
2.93347
2.88189
2.8564
2.8044
2.77506
2.71825
2.68598
2.58905
2.55746
2.49058
2.45925
2.39748
2.36593
2.27336
2.24299
2.1543
2.0776
2.05093
2.01005
1.98857
1.95227
1.93252
1.89516
1.85912
1.8388
1.83227
1.82239
1.82272
1.82267
1.82249
1.82228
1.82253
1.82249
1.82239
1.82275
1.81719
1.81728
1.81302
1.80816
1.80186
1.7927
1.78588
1.77053
1.76187
1.74577
1.74025
1.71976
1.70478
1.67806
1.66376
1.63785
1.62666
1.59639
1.58537
1.53942
1.52426
1.47725
1.43101
1.41542
1.38447
1.36901
1.33848
1.32206
1.27685
1.25991
1.22918
1.2144
1.18858
1.17294
1.13094
1.09621
1.08397
1.06359
1.05429
1.01829
0.991314
0.982444
0.961377
0.955094
0.930227
0.919402
0.904344
0.898411
0.883368
0.878069
0.857315
0.836875
0.831619
0.821203
0.815862
0.800881
0.78998
0.785097
0.78015
0.779226
0.784225
0.809508
0.825582
0.89596
0.999783
1.14263
1.20463
1.33293
1.40554
1.55003
1.62713
1.85393
2.06728
2.13784
2.27279
2.34032
2.45954
2.52096
2.68267
2.72315
2.81127
2.85308
2.92055
2.95639
2.98306
3.04974
3.08147
3.09235
3.11243
3.11889
3.10863
3.09293
3.08329
3.04662
2.99503
2.97566
2.93412
2.91335
2.84041
2.75419
2.72718
2.66556
2.6303
2.53712
2.46973
2.43381
2.39799
2.29876
2.20139
2.17017
2.10341
2.07677
2.01455
1.98991
1.93355
1.90598
1.88155
1.8345
1.81304
1.77178
1.7514
1.71598
1.69855
1.66304
1.64798
1.62686
1.61664
1.60137
1.59547
1.57032
1.56525
1.5589
1.54899
1.5444
1.5389
1.53357
1.52795
1.52365
1.51347
1.50753
1.49296
1.47682
1.46719
1.45181
1.44038
1.41532
1.40486
1.38414
1.37409
1.34304
1.30716
1.29145
1.26583
1.25506
1.22879
1.21467
1.17704
1.13708
1.12081
1.10051
1.08497
1.06427
1.05385
1.01787
1.01173
0.986264
0.976421
0.960705
0.945879
0.914367
0.898184
0.889242
0.862787
0.857334
0.8419
0.836919
0.821216
0.816254
0.799643
0.780166
0.779271
0.7692
0.764506
0.749205
0.737965
0.7387
0.728039
0.727544
0.728328
0.732598
0.73772
0.74813
0.768119
0.783999
0.844677
0.952289
1.10165
1.16306
1.35926
1.57118
1.64251
1.78194
1.84998
2.051
2.23252
2.29407
2.34637
