2.33524
2.26801
2.23719
2.17578
2.14423
2.08737
2.05678
1.97905
1.90602
1.88601
1.84465
1.82351
1.79203
1.77262
1.73065
1.7199
1.68846
1.66253
1.64228
1.63715
1.62163
1.61049
1.59595
1.59496
1.58986
1.59044
1.58059
1.57445
1.56923
1.56535
1.5548
1.54911
1.53398
1.51829
1.5129
1.48756
1.47263
1.46616
1.45718
1.44179
1.43465
1.41455
1.40506
1.37939
1.36816
1.35294
1.34321
1.32718
1.31747
1.29625
1.28641
1.27113
1.25996
1.25039
1.23493
1.22885
1.21338
1.20845
1.18289
1.17751
1.16707
1.15742
1.14695
1.14119
1.12619
1.12061
1.10496
1.09999
1.09003
1.08449
1.07387
1.06429
1.0586
1.05312
1.04858
1.03828
1.03739
1.03851
1.0332
1.02736
1.02232
1.01747
1.01682
1.01714
1.02203
1.02703
1.0473
1.07335
1.08854
1.12915
1.15492
1.21685
1.25241
1.376
1.51489
1.56672
1.66947
1.72633
1.84479
1.90685
2.15424
2.27295
2.3309
2.43416
2.48559
2.62533
2.66691
2.74484
2.77597
2.84316
2.86963
2.93174
2.95234
2.9786
2.98871
3.00008
3.00396
3.00519
2.9999
2.97985
2.96882
2.90751
2.86679
2.84598
2.78959
2.76833
2.68153
2.65034
2.58357
2.55249
2.48548
2.45436
2.38692
2.35628
2.32016
2.2581
2.22704
2.15982
2.13339
2.07184
2.05122
1.9742
1.90079
1.88085
1.83928
1.8186
1.78303
1.76612
1.75666
1.73051
1.71469
1.6841
1.66815
1.66286
1.65259
1.6423
1.63706
1.62675
1.62115
1.61109
1.60082
1.60078
1.59059
1.58992
1.57447
1.56882
1.56536
1.55517
1.54842
1.52945
1.52291
1.50755
1.50324
1.48748
1.47693
1.46183
1.45624
1.43086
1.4204
1.40524
1.39396
1.37901
1.36846
1.36361
1.34295
1.33264
1.31696
1.31153
1.29118
1.2807
1.25569
1.24931
1.22885
1.22434
1.20852
1.20342
1.17801
1.17213
1.15707
1.1566
1.13667
1.12055
1.11552
1.10536
1.09973
1.08951
1.08482
1.07365
1.06964
1.06401
1.05885
1.04883
1.04265
1.03332
1.03208
1.02665
1.02357
1.01846
1.02109
1.02255
1.03219
1.03736
1.0627
1.07848
1.14432
1.17063
1.24225
1.28306
1.42188
1.53001
1.58736
1.78673
1.85585
1.99446
2.0611
2.2683
2.45893
2.52149
2.63485
2.69228
2.79097
2.84146
2.96234
2.9968
3.06455
3.09172
3.14348
3.16359
3.2208
3.23747
3.24149
3.24283
3.23764
3.22245
3.21681
3.19141
3.18111
3.14496
3.1297
3.10955
3.06812
3.04253
2.99094
2.9648
2.91326
2.88313
2.78984
2.75882
2.69192
2.66094
2.55832
2.45414
2.41847
2.35649
2.32482
2.23282
2.14933
2.11837
2.07165
2.04605
2.00018
1.98276
1.92806
1.88499
1.86995
1.8441
1.83786
1.82208
1.80872
1.80104
1.78724
1.77661
1.77578
1.77149
1.76131
1.76015
1.75015
1.75032
1.73993
1.73554
1.72491
1.70867
1.70477
1.68833
1.68884
1.66787
1.65811
1.65242
1.63692
1.62721
1.60634
1.60053
1.56515
1.53389
1.52408
1.49817
1.48731
1.46645
1.45693
1.43124
1.41968
1.41072
1.38443
1.37386
1.35371
1.34311
1.31177
1.3015
1.28085
1.2709
1.25022
1.23917
1.2236
1.21444
1.208
1.18293
1.16183
1.15716
1.1467
1.13621
1.126
1.11576
1.10994
1.09403
1.08525
1.06829
1.06465
1.04913
1.04742
1.03766
1.03289
1.02247
1.01764
1.01164
1.01188
1.00686
1.0071
1.03741
1.06237
1.07831
1.15425
1.2578
1.29847
1.39662
1.448
1.56616
1.62796
1.82382
2.0202
2.08707
2.21661
2.27855
2.45491
2.6045
2.65604
2.78037
2.88493
2.91495
2.96744
2.99283
3.02991
3.04508
3.07105
3.07764
3.0813
3.08746
3.08755
3.08308
3.07735
3.04693
3.01066
2.99104
2.95404
2.93411
2.8882
2.86606
2.76317
2.70637
2.67694
2.58245
2.48575
2.45385
2.38724
2.35559
2.29399
2.26317
2.20623
2.1752
2.1494
2.09258
2.06688
2.01972
1.99462
1.97305
1.93189
1.91173
1.8752
1.85966
1.81719
1.7875
1.77628
1.76016
1.75657
1.74624
1.73984
1.74004
1.73449
1.72968
1.72958
1.72412
1.7248
1.7248
1.72414
1.72477
1.72512
1.71911
1.71898
1.71951
1.70904
1.70904
1.69306
1.69393
1.6786
1.67307
1.65823
1.65225
1.64286
1.62239
1.61586
1.59549
1.58604
1.56523
1.55454
1.52358
1.50867
1.48802
1.47716
1.451
1.44147
1.40504
1.39943
1.37895
1.36402
1.32247
1.30131
1.2917
1.27169
1.25962
1.23935
1.2345
1.22436
1.20891
1.19825
1.18241
1.1731
1.14608
1.12585
1.1205
1.10473
1.10064
1.08007
1.07385
1.06395
1.05886
1.04827
1.03233
1.02797
1.02713
1.02255
1.02199
1.022
1.027
1.0525
1.0985
1.1194
1.171
1.20548
1.27783
1.32461
1.4779
