2.83525
2.82512
2.81868
2.79785
2.78464
2.75318
2.73245
2.71695
2.67066
2.65017
2.57281
2.51029
2.48053
2.45358
2.39192
2.36154
2.29408
2.26365
2.22699
2.16997
2.13423
2.07153
2.04651
1.95325
1.87585
1.85477
1.80321
1.7823
1.741
1.72504
1.67379
1.63706
1.63196
1.61613
1.60673
1.59023
1.59067
1.58018
1.58014
1.58052
1.57936
1.58022
1.57965
1.58419
1.58087
1.58446
1.58577
1.58478
1.58047
1.57549
1.57414
1.56448
1.5644
1.55008
1.54322
1.52792
1.5188
1.4973
1.48762
1.47185
1.46193
1.43544
1.40517
1.37429
1.363
1.34227
1.33319
1.31767
1.30652
1.27588
1.26516
1.24503
1.23924
1.21867
1.20869
1.17802
1.16233
1.15158
1.13174
1.12549
1.11026
1.10542
1.0897
1.08472
1.06928
1.06844
1.05326
1.05325
1.0485
1.0385
1.03763
1.02695
1.023
1.01707
1.01234
1.01164
1.00624
1.00639
1.00651
1.0172
1.02708
1.04232
1.06742
1.08801
1.13336
1.16084
1.25737
1.3859
1.43274
1.53552
1.59224
1.71045
1.77279
1.9634
2.03052
2.15482
2.21692
2.37724
2.56811
2.65106
2.68865
2.74998
2.78136
2.84444
2.86374
2.89036
2.90133
2.91158
2.91718
2.90782
2.90164
2.88132
2.87141
2.82549
2.76329
2.73843
2.69195
2.66502
2.54669
2.48003
2.44947
2.38247
2.35052
2.28881
2.25328
2.22644
2.16448
2.12978
2.06759
2.04042
1.95859
1.88525
1.86049
1.8134
1.79283
1.75157
1.73513
1.70429
1.68976
1.67791
1.64331
1.62775
1.61561
1.60101
1.59537
1.58972
1.58443
1.58115
1.58069
1.57445
1.57981
1.5796
1.57494
1.57492
1.57466
1.5698
1.55983
1.55425
1.54304
1.54447
1.52351
1.5087
1.50231
1.48229
1.45607
1.45146
1.43034
1.42039
1.40519
1.39445
1.37394
1.36848
1.35879
1.33764
1.32804
1.30784
1.30048
1.28008
1.27156
1.25961
1.23915
1.2299
1.20294
1.18671
1.17882
1.16628
1.14611
1.14184
1.12623
1.11533
1.0904
1.08426
1.06876
1.06391
1.04818
1.04323
1.02262
1.00729
1.00637
1.00109
1.00207
1.00179
1.00603
1.05795
1.10855
1.1343
1.21137
1.2568
1.41657
1.48254
1.62179
1.69008
1.83927
1.91167
2.0611
2.12895
2.3404
2.40215
2.59324
2.76013
2.81037
2.90376
2.94623
3.08542
3.14272
3.16408
3.19991
3.21613
3.2367
3.24213
3.24731
3.24331
3.2331
3.22197
3.18706
3.13459
3.06774
3.04236
2.99073
2.96507
2.87302
2.74392
2.67695
2.63986
2.57299
2.53712
2.50079
2.428
2.39812
2.33103
2.29386
2.20132
2.1131
2.08763
2.03589
2.01447
1.96296
1.94759
1.88556
1.86998
1.83867
1.82868
1.78709
1.77206
1.76565
1.74996
1.74094
1.73915
1.73462
1.73493
1.72965
1.72959
1.7295
1.72496
1.71933
1.71966
1.71494
1.71361
1.70827
1.70465
1.68839
1.68826
1.66852
1.65297
1.64198
1.63725
1.62093
1.61217
1.59124
1.58018
1.55009
1.51393
1.48164
1.47275
1.45191
1.4358
1.41512
1.40515
1.36885
1.35847
1.33817
1.32722
1.29086
1.28187
1.26068
1.25022
1.22953
1.21898
1.18816
1.17766
1.16195
1.15216
1.13171
1.12554
1.1103
1.10507
1.08999
1.08901
1.09413
1.09969
1.11951
1.13039
1.14952
1.20127
1.23705
1.3704
1.54013
1.60715
1.73591
1.80328
1.93741
2.07158
2.20588
2.26372
2.3874
2.44383
2.54815
2.60381
2.73984
2.78017
2.85217
2.89021
2.95183
2.98276
3.01918
3.0399
3.07732
3.08641
3.09662
3.09916
3.08797
3.08729
3.06256
3.04687
3.01629
3.0007
2.96525
2.93851
2.87197
2.85112
2.79475
2.76906
2.68135
2.61449
2.58354
2.48059
2.45352
2.35145
2.25255
2.22257
2.16036
2.12896
2.04597
2.02004
1.96349
1.89635
1.87502
1.8384
1.82363
1.77714
1.74074
1.73458
1.7192
1.71489
1.70819
1.70832
1.70863
1.70879
1.71905
1.72429
1.72999
1.73383
1.7405
1.74475
1.74042
1.73962
1.73499
1.72968
1.725
1.71972
1.70446
1.69889
1.68351
1.67846
1.64216
1.62228
1.61067
1.58985
1.58131
1.5491
1.53952
1.51341
1.50339
1.47716
1.46706
1.43081
1.40529
1.39433
1.38453
1.36352
1.3534
1.32739
1.31679
1.28196
1.26995
1.2352
1.21385
1.20374
1.17212
1.16234
1.14183
1.13596
1.12024
1.11123
1.105
1.10049
1.09932
1.10934
1.13003
1.14944
1.2008
1.23262
1.36485
1.41725
1.53025
1.59124
1.77856
1.84357
1.96813
2.03599
2.15445
2.21686
2.38714
2.43922
2.54251
2.58965
2.67236
2.71321
2.78565
2.81789
2.89963
2.92178
2.95833
2.97716
2.99843
3.01005
3.01513
3.01529
3.00008
2.96896
2.95447
2.92354
2.90754
2.8664
2.84589
2.77415
2.69664
2.66606
2.60938
2.5779
