2.0774
2.05598
1.97922
1.95764
1.91663
1.90044
1.86952
1.85464
1.8127
1.80748
1.79215
1.7863
1.77598
1.77616
1.78051
1.78582
1.79665
1.80129
1.81172
1.81748
1.82195
1.82749
1.83745
1.844
1.84264
1.84291
1.84342
1.84322
1.83845
1.82785
1.82327
1.8129
1.80726
1.80253
1.78638
1.77713
1.75622
1.74554
1.725
1.71439
1.69386
1.67907
1.65795
1.64272
1.63195
1.60612
1.59117
1.56526
1.55465
1.52927
1.51812
1.47866
1.4658
1.435
1.42626
1.40492
1.38981
1.35836
1.34828
1.31702
1.28105
1.27068
1.25002
1.23978
1.2245
1.21362
1.18331
1.17219
1.15702
1.1469
1.13174
1.12541
1.10536
1.09523
1.08441
1.07441
1.05323
1.04784
1.04829
1.04268
1.04765
1.05763
1.06797
1.10432
1.12874
1.22689
1.26742
1.35989
1.41243
1.52074
1.57625
1.69542
1.75687
1.81442
1.93368
1.99378
2.16071
2.3145
2.36269
2.45045
2.49122
2.64164
2.6987
2.72491
2.77165
2.7914
2.82819
2.84445
2.85444
2.87514
2.87639
2.88074
2.87667
2.87174
2.8651
2.8453
2.83515
2.79882
2.77911
2.73125
2.66062
2.6343
2.58848
2.55713
2.50115
2.47416
2.38176
2.28962
2.25755
2.19545
2.16556
2.10828
2.07737
1.99419
1.96859
1.92231
1.90126
1.85916
1.83968
1.78705
1.7766
1.74528
1.74064
1.7194
1.70877
1.70908
1.70869
1.70968
1.7084
1.71943
1.72408
1.72997
1.73458
1.73958
1.74473
1.75041
1.7497
1.75524
1.76052
1.75562
1.75575
1.74532
1.74506
1.73525
1.73442
1.71894
1.71023
1.70813
1.68822
1.68388
1.66264
1.65315
1.62651
1.60118
1.59079
1.58091
1.55511
1.54407
1.50801
1.47267
1.43568
1.42571
1.40043
1.38936
1.37922
1.35317
1.3427
1.32212
1.30733
1.27529
1.23946
1.20839
1.20355
1.17754
1.17242
1.15164
1.14681
1.12054
1.11108
1.09551
1.08458
1.06399
1.05889
1.04317
1.03345
1.02274
1.01717
0.997171
0.986717
0.976818
0.970538
0.959944
0.956252
0.940254
0.939258
0.924179
0.919317
0.913837
0.914287
0.91329
0.934422
0.943916
0.99007
1.01519
1.09217
1.13357
1.18416
1.34895
1.46681
1.53566
1.66954
1.73108
1.92787
1.99403
2.11797
2.17634
2.29493
2.34565
2.5015
2.54807
2.64106
2.68286
2.74999
2.78614
2.86955
2.89455
2.93662
2.95274
2.9787
2.99354
3.01021
3.00996
3.00553
3.00001
2.98448
2.97479
2.93922
2.92252
2.88691
2.86698
2.83122
2.80903
2.74283
2.67122
2.644
2.58769
2.55769
2.47382
2.44475
2.38741
2.3607
2.2989
2.27353
2.21652
2.19026
2.09168
2.04517
2.02563
1.98959
1.9726
1.92217
1.91026
1.88413
1.87548
1.86429
1.85432
1.83813
1.83807
1.83286
1.83283
1.83306
1.83283
1.83737
1.83767
1.83834
1.84258
1.84373
1.83782
1.83866
1.8333
1.82764
1.82271
1.81766
1.81226
1.80193
1.79752
1.78198
1.77626
1.7553
1.75116
1.71929
1.7101
1.6844
1.67293
1.65284
1.63789
1.59603
1.58598
1.5445
1.49832
1.48761
1.4563
1.44692
1.39965
1.3742
1.35858
1.33308
1.31718
1.30724
1.28147
1.27036
1.23947
1.2296
1.19303
1.15765
1.15132
1.12612
1.12057
1.07893
1.05809
1.04939
1.03337
1.02764
1.00261
0.996405
0.98133
0.970958
0.960589
0.950482
0.940103
0.934939
0.929348
0.914203
0.909189
0.898793
0.893644
0.883883
0.877557
0.86375
0.856603
0.847197
0.841101
0.837491
0.831196
0.82586
0.826259
0.831411
0.835577
0.877233
0.948035
0.983914
1.06616
1.11718
1.28267
1.4669
1.53556
1.66442
1.73076
1.91735
2.15435
2.25795
2.31057
2.40346
2.44954
2.56989
2.60491
2.6725
2.69904
2.74609
2.77032
2.82374
2.83387
2.84969
2.85993
2.85982
2.86088
2.85599
2.85006
2.84031
2.82009
2.80936
2.78375
2.7685
2.7119
2.69113
2.64992
2.62506
2.54617
2.46993
2.44298
2.3809
2.35666
2.29455
2.26245
2.20574
2.17585
2.09217
2.06192
2.01057
1.98291
1.91174
1.84881
1.82941
1.77702
1.7355
1.72499
1.70952
1.69889
1.68867
1.68807
1.67788
1.67807
1.67801
1.67799
1.67822
1.67787
1.68282
1.68334
1.68302
1.68308
1.68322
1.68362
1.67797
1.67377
1.65828
1.65178
1.63675
1.61676
1.6066
1.59123
1.58019
1.56006
1.54888
1.53333
1.51978
1.50761
1.48229
1.47748
1.45115
1.44126
1.40546
1.38931
1.36406
1.35302
1.31727
1.30672
1.28037
1.26637
1.24048
1.22923
1.19801
1.18393
1.15794
1.1462
1.12702
1.11477
1.09427
1.08549
1.05841
1.03314
1.023
1.00719
0.997203
0.976122
0.951269
0.944585
0.929248
0.925025
0.903255
0.899318
0.882661
0.866898
0.863317
0.858432
0.846703
0.831907
0.830792
0.820502
0.816739
0.806138
