2.75004
2.77153
2.81271
2.82859
2.83921
2.86039
2.86541
2.84571
2.83983
2.81451
2.80453
2.76866
2.75271
2.69117
2.61936
2.5978
2.5414
2.51103
2.45447
2.42263
2.33098
2.29876
2.23652
2.20714
2.17438
2.11231
2.08345
2.0261
1.99396
1.94255
1.91695
1.83974
1.77161
1.75183
1.71536
1.69906
1.66843
1.65285
1.62218
1.61116
1.59104
1.58516
1.5704
1.56448
1.55394
1.54971
1.54455
1.54311
1.53441
1.52797
1.52854
1.52397
1.52248
1.5175
1.51297
1.50323
1.49745
1.48733
1.47667
1.4673
1.44578
1.42591
1.41502
1.3943
1.37357
1.35903
1.34366
1.33184
1.31668
1.31209
1.29635
1.28066
1.27101
1.25043
1.24423
1.2282
1.21958
1.2038
1.19317
1.18777
1.1671
1.16187
1.14686
1.14119
1.12583
1.12098
1.09541
1.08522
1.07418
1.05986
1.05283
1.04238
1.03856
1.028
1.02707
1.01261
1.01152
1.00182
1.00197
0.991986
0.990828
0.986508
0.981155
0.985593
0.995849
1.00633
1.06279
1.10895
1.12902
1.23175
1.36006
1.40695
1.51489
1.57158
1.69537
1.75699
1.88058
1.93883
2.11305
2.17105
2.27413
2.32551
2.41886
2.4656
2.50726
2.57965
2.67821
2.69895
2.74613
2.76083
2.7775
2.80314
2.80826
2.8196
2.82339
2.81916
2.81413
2.79412
2.75808
2.74223
2.70691
2.69017
2.64921
2.62523
2.55189
2.52124
2.46473
2.43789
2.34647
2.31429
2.25249
2.22705
2.16515
2.13362
2.07233
2.02081
1.96397
1.93702
1.891
1.86526
1.82433
1.80267
1.7823
1.74099
1.7303
1.6937
1.68408
1.65813
1.64734
1.62259
1.61558
1.59957
1.59696
1.58417
1.57505
1.57449
1.56941
1.56968
1.56384
1.55916
1.55938
1.55372
1.55432
1.54447
1.53312
1.52917
1.52431
1.51734
1.50211
1.47665
1.4522
1.43667
1.42458
1.40527
1.39476
1.37301
1.34326
1.31725
1.31168
1.29668
1.28603
1.26542
1.23999
1.21881
1.21344
1.19297
1.18267
1.17196
1.16767
1.15141
1.14649
1.1308
1.12615
1.11029
1.09491
1.08949
1.07956
1.07431
1.06369
1.05805
1.05907
1.05878
1.06307
1.0834
1.14969
1.20645
1.24222
1.319
1.37037
1.53507
1.59669
1.72568
1.78835
1.9223
1.98918
2.18554
2.24774
2.3668
2.4231
2.58406
2.72385
2.76511
2.8377
2.87389
2.9775
3.01977
3.03458
3.0555
3.06701
3.07173
3.07269
3.06279
3.05599
3.0412
3.03201
2.98995
2.93414
2.91736
2.87095
2.8471
2.77327
2.69123
2.66102
2.60335
2.57349
2.4797
2.38245
2.35535
2.29361
2.26324
2.17951
2.12794
2.10327
2.02976
2.01047
1.96358
1.94698
1.89551
1.85364
1.83932
1.81835
1.81227
1.78669
1.77598
1.77128
1.77099
1.7714
1.7655
1.7661
1.77081
1.77089
1.77605
1.77571
1.77644
1.7758
1.77107
1.77084
1.76109
1.75025
1.74549
1.72976
1.7251
1.70425
1.69461
1.67891
1.66806
1.64833
1.6364
1.6115
1.57604
1.56441
1.54441
1.53399
1.49768
1.46662
1.45675
1.43641
1.42482
1.39516
1.36286
1.35381
1.32744
1.30116
1.2966
1.28614
1.26511
1.25555
1.23431
1.22407
1.20264
1.1783
1.17189
1.1568
1.14698
1.13565
1.13089
1.14578
1.15579
1.21116
1.2679
1.30419
1.34988
1.4423
1.49913
1.613
1.67414
1.86105
2.04142
2.10277
2.22229
2.27892
2.43939
2.57947
2.6251
2.70365
2.73965
2.83265
2.85906
2.90594
2.92599
2.96248
2.9787
2.99962
2.99982
3.00103
2.99914
2.9897
2.98475
2.96407
2.95395
2.90801
2.89215
2.85035
2.83119
2.78505
2.75819
2.68624
2.65578
2.59871
2.57273
2.4493
2.38718
2.3561
2.29419
2.26316
2.17587
2.14858
2.09159
2.06269
2.01502
1.98914
1.92121
1.90653
1.86479
1.8495
1.81806
1.80276
1.78205
1.77136
1.75007
1.74593
1.73947
1.74124
1.74414
1.7458
1.74992
1.75548
1.75524
1.76002
1.76508
1.76625
1.76546
1.76566
1.76583
1.76577
1.7658
1.76098
1.7456
1.73993
1.7355
1.725
1.70979
1.70387
1.6789
1.66796
1.65275
1.64254
1.61128
1.57566
1.56468
1.54446
1.53888
1.50324
1.46699
1.45164
1.43135
1.42032
1.38962
1.37894
1.35334
1.34265
1.32219
1.31211
1.28103
1.26583
1.25054
1.23484
1.21407
1.20838
1.188
1.17773
1.15184
1.14644
1.12543
1.10943
1.14991
1.23149
1.30929
1.40737
1.45278
1.62333
1.74223
1.80304
1.98544
2.04004
2.15948
2.21754
2.33085
2.38196
2.53754
2.58923
2.67687
2.71894
2.79146
2.82703
2.85894
2.91036
2.93633
2.97782
2.9987
3.03038
3.0354
3.04084
3.04119
3.0361
3.03587
3.01554
3.01055
2.99561
2.96438
2.95405
2.91791
2.89798
2.85655
2.83113
2.75851
2.72816
2.67258
2.64372
2.58268
