2.89238
2.80012
2.7435
2.72689
2.65459
2.6253
2.53141
2.49598
2.39703
2.29943
2.20185
2.16493
2.07223
2.01035
1.98392
1.90168
1.82877
1.80878
1.76182
1.74113
1.68829
1.64818
1.6324
1.61136
1.60122
1.5695
1.56517
1.54959
1.54362
1.52856
1.51814
1.50293
1.49771
1.49278
1.48676
1.47674
1.4721
1.45627
1.44054
1.43605
1.42039
1.41453
1.39532
1.3886
1.3732
1.36417
1.34313
1.31717
1.30675
1.29091
1.28102
1.26493
1.25572
1.23517
1.22868
1.21918
1.20355
1.19295
1.17745
1.1622
1.14641
1.13677
1.12142
1.11033
1.10006
1.09026
1.06873
1.04859
1.04778
1.03279
1.02805
1.01233
0.996725
0.991351
0.986724
0.98086
0.971222
0.96579
0.955626
0.95478
0.945283
0.935435
0.933795
0.929155
0.929503
0.929076
0.929537
0.943859
0.980032
1.00071
1.04142
1.06713
1.16472
1.29324
1.34453
1.44784
1.50404
1.69446
1.90659
1.97832
2.11774
2.18584
2.3153
2.37626
2.55267
2.60423
2.70838
2.75433
2.83228
2.87383
2.97214
2.99834
3.03971
3.06068
3.08718
3.09705
3.10753
3.11356
3.10825
3.10338
3.09833
3.07808
3.06728
3.00088
2.95962
2.93449
2.86108
2.7744
2.74297
2.68159
2.64534
2.57823
2.54225
2.47545
2.43857
2.33557
2.30483
2.23291
2.20555
2.10849
2.0206
1.99433
1.94237
1.91665
1.87008
1.84966
1.78754
1.77179
1.74066
1.72533
1.68857
1.65814
1.64739
1.63221
1.62656
1.61639
1.61092
1.59593
1.59014
1.58532
1.58037
1.56989
1.55944
1.55431
1.54412
1.54349
1.52373
1.51808
1.50225
1.49828
1.48252
1.47186
1.45106
1.44135
1.42087
1.41431
1.39419
1.38903
1.36308
1.35418
1.34714
1.32683
1.31284
1.29232
1.28037
1.25074
1.2185
1.20917
1.19378
1.18249
1.16153
1.15296
1.14044
1.12523
1.11641
1.10026
1.09014
1.06948
1.04805
1.04321
1.02776
1.0228
1.00695
0.996928
0.991783
0.986021
0.970327
0.966105
0.956136
0.950003
0.945305
0.93524
0.925119
0.923442
0.913424
0.909301
0.903797
0.903283
0.903324
0.903726
0.913429
0.923572
0.964568
1.03102
1.0666
1.13835
1.18024
1.2729
1.32362
1.49862
1.56113
1.7769
1.99407
2.06628
2.20514
2.27398
2.39773
2.51661
2.63043
2.77514
2.82184
2.89946
2.9356
3.02436
3.04506
3.08634
3.10222
3.12341
3.12822
3.13383
3.13899
3.11333
3.09198
3.07473
3.04324
3.02557
3.00254
2.9603
2.90884
2.85193
2.75815
2.66636
2.62485
2.55263
2.51628
2.44404
2.40796
2.29954
2.1961
2.16504
2.06697
2.00544
1.97364
1.94832
1.89634
1.87056
1.79781
1.77736
1.7409
1.72058
1.68968
1.67321
1.64742
1.63246
1.60096
1.57513
1.57006
1.55472
1.54913
1.53826
1.52958
1.50866
1.50339
1.49683
1.47782
1.47082
1.46048
1.45716
1.44086
1.43588
1.42076
1.4143
1.38939
1.38408
1.36344
1.35841
1.33813
1.33215
1.30706
1.29634
1.27575
1.26562
1.2242
1.20353
1.19325
1.17183
1.16783
1.13168
1.12564
1.10506
1.095
1.07919
1.06979
1.04249
1.02285
1.01255
0.996891
0.991281
0.971368
0.955463
0.945642
0.935188
0.929147
0.91407
0.898712
0.893665
0.883609
0.88236
0.872323
0.867814
0.857453
0.846381
0.847055
0.846649
0.841556
0.85644
0.862002
0.882424
0.897045
0.979342
1.04056
1.07714
1.15401
1.2
1.34474
1.39609
1.51452
1.57635
1.71045
1.77717
1.91147
1.97925
2.16981
2.23244
2.34577
2.3986
2.54741
2.67274
2.70861
2.80142
2.87016
2.88974
2.91657
2.92686
2.93818
2.94198
2.93891
2.93253
2.91712
2.90293
2.8771
2.86075
2.80433
2.73371
2.70638
2.6506
2.62414
2.52738
2.3977
2.33533
2.30016
2.20595
2.10851
2.07718
2.02078
1.99376
1.93686
1.91264
1.84438
1.78221
1.7664
1.73066
1.71474
1.67857
1.6679
1.64738
1.63748
1.61636
1.60658
1.59584
1.58573
1.57574
1.56912
1.55988
1.55437
1.54862
1.54432
1.53417
1.52807
1.51806
1.51338
1.50295
1.4976
1.48225
1.47177
1.45662
1.45065
1.44019
1.43141
1.39402
1.37898
1.36852
1.34263
1.31254
1.30614
1.27654
1.24426
1.21418
1.20832
1.1825
1.15782
1.13025
1.12659
1.11107
1.10452
1.07474
1.06373
1.05915
1.0482
1.04316
1.02299
1.02175
1.00665
1.0073
0.996763
0.991438
0.98153
0.970607
0.965873
0.960036
0.960983
0.955144
0.955377
0.954924
0.959868
0.980274
1.01115
1.02633
1.09863
1.12839
1.19484
1.23741
1.32471
1.37021
1.52057
1.69494
1.76218
1.8911
1.95792
2.08731
2.15462
2.33463
2.39354
2.49663
2.54712
2.63548
2.68218
2.79122
2.82273
2.84828
2.89986
2.93653
2.95291
2.96322
2.97957
2.9885
2.98872
2.98543
2.97546
2.96844
