3.09297
3.07766
3.04685
3.03153
2.99563
2.97974
2.93305
2.90921
2.83
2.80096
2.74355
2.70733
2.64013
2.6043
2.45982
2.38801
2.35092
2.28417
2.24818
2.14928
2.11394
2.05161
2.02085
1.96413
1.93732
1.86537
1.79815
1.77712
1.74134
1.72474
1.68426
1.64678
1.63755
1.61067
1.5916
1.58437
1.57463
1.56996
1.559
1.55462
1.54416
1.53898
1.529
1.52292
1.51328
1.50756
1.48668
1.46775
1.45551
1.44111
1.43032
1.40485
1.36776
1.34754
1.3334
1.30141
1.26579
1.25546
1.23408
1.22462
1.19887
1.18776
1.15242
1.14126
1.12119
1.11532
1.09475
1.08522
1.05881
1.04885
1.02842
1.02229
0.997531
0.991258
0.976244
0.971045
0.955658
0.950414
0.930299
0.923761
0.91373
0.909551
0.899129
0.892898
0.883388
0.867736
0.85812
0.851776
0.846964
0.84167
0.835939
0.831935
0.830748
0.831742
0.841025
0.846418
0.872024
0.907378
0.953216
1.05689
1.18957
1.24181
1.34993
1.41069
1.5402
1.61641
1.83938
1.91607
2.06584
2.14379
2.42825
2.5573
2.61499
2.7342
2.78457
2.92491
2.97146
3.07532
3.13296
3.15782
3.21617
3.24689
3.2526
3.25817
3.25765
3.24324
3.20638
3.19244
3.16149
3.13987
3.07329
3.04321
2.98651
2.95957
2.89303
2.86703
2.76399
2.65097
2.61415
2.54179
2.50671
2.42833
2.39271
2.28853
2.19096
2.15944
2.07238
1.96798
1.90155
1.83995
1.787
1.77214
1.74572
1.73061
1.70499
1.69323
1.67261
1.66372
1.63614
1.62823
1.60707
1.60025
1.57593
1.54988
1.54337
1.51894
1.493
1.48215
1.46236
1.45581
1.42594
1.41538
1.39514
1.38389
1.36274
1.35402
1.33344
1.32173
1.29164
1.25522
1.24488
1.22474
1.21341
1.19336
1.18741
1.14686
1.12635
1.12041
1.09108
1.08329
1.06333
1.05894
1.04276
1.03384
1.01231
0.991563
0.986331
0.971243
0.96571
0.955834
0.955153
0.940537
0.934564
0.924442
0.909115
0.903584
0.898739
0.898134
0.887947
0.867976
0.862064
0.856501
0.857243
0.856947
0.856927
0.857174
0.867305
0.872331
0.913448
0.978702
1.01062
1.08235
1.12727
1.27766
1.32863
1.45211
1.52408
1.66828
1.7507
1.99415
2.23599
2.3192
2.47409
2.54647
2.76303
2.94473
3.00161
3.05879
3.15692
3.24582
3.28164
3.318
3.38039
3.41117
3.45267
3.47378
3.50487
3.51567
3.52569
3.53661
3.5367
3.53181
3.52687
3.51117
3.50149
3.47612
3.45988
3.44516
3.40396
3.38268
3.33112
3.30644
3.24929
3.21841
3.18242
3.11508
3.08462
3.00712
2.97084
2.93003
2.85307
2.81008
2.73348
2.69245
2.61496
2.57345
2.50081
2.46515
2.35642
2.32484
2.26245
2.23288
2.18107
2.15398
2.13371
2.08661
2.07169
2.01989
1.98375
1.97241
1.95756
1.95185
1.94129
1.94136
1.9308
1.92667
1.92673
1.92031
1.92088
1.92107
1.92037
1.91622
1.90954
1.91091
1.90493
1.90056
1.89021
1.8844
1.86513
1.85366
1.83405
1.82274
1.80238
1.78733
1.77693
1.74611
1.73047
1.70442
1.6844
1.63671
1.60034
1.58215
1.56441
1.52804
1.5143
1.47772
1.46217
1.42558
1.40588
1.38915
1.35368
1.3382
1.29114
1.27191
1.24028
1.229
1.19286
1.1784
1.15247
1.13191
1.10575
1.09049
1.08007
1.0547
1.04292
1.01812
1.00704
0.981592
0.971689
0.960466
0.939518
0.930978
0.910005
0.903237
0.882468
0.87356
0.851728
0.842412
0.825866
0.815745
0.810858
0.80565
0.805091
0.805269
0.815031
0.825677
0.856151
0.876345
0.968249
1.00482
1.0873
1.1375
1.30869
1.5186
1.5916
1.74632
1.82278
1.97827
2.05578
2.3454
2.47958
2.54712
2.67091
2.72358
2.77418
2.87324
2.91943
2.99775
3.03361
3.09631
3.1269
3.17381
3.19028
3.20477
3.23098
3.23744
3.24799
3.24722
3.24216
3.23333
3.22666
3.2063
3.18724
3.11478
3.06885
3.04234
2.98628
2.95486
2.88788
2.82603
2.74842
2.71321
2.63061
2.59326
2.51105
2.4707
2.38789
2.35113
2.31047
2.23259
2.19607
2.11895
2.08786
1.98943
1.95869
1.86551
1.81332
1.78847
1.76623
1.7252
1.70528
1.66915
1.65769
1.62682
1.61679
1.59075
1.58012
1.55956
1.55451
1.53954
1.53345
1.52291
1.51841
1.50282
1.5022
1.49784
1.48204
1.47721
1.45597
1.44673
1.4404
1.43091
1.42027
1.40451
1.39498
1.37426
1.36825
1.34213
1.3333
1.32189
1.29611
1.28159
1.26073
1.24532
1.20799
1.19458
1.16847
1.15152
1.12053
1.11093
1.08484
1.07464
1.05911
1.02327
0.985603
0.950862
0.940046
0.914057
0.904554
0.872822
0.841878
0.83173
0.811768
0.804824
0.780606
0.759478
0.753746
0.742956
0.734263
0.717249
0.713532
0.702575
0.697039
0.68175
0.67676
0.671252
0.66107
0.661111
0.650359
0.646242
